0,1979_1,1979_2,1979_3,1979_4,1979_5,1979_6,1979_7,1979_8,1979_9,1979_10,1979_11,1979_12,1980_1,1980_2,1980_3,1980_4,1980_5,1980_6,1980_7,1980_8,1980_9,1980_10,1980_11,1980_12,1981_1,1981_2,1981_3,1981_4,1981_5,1981_6,1981_7,1981_8,1981_9,1981_10,1981_11,1981_12,1982_1,1982_2,1982_3,1982_4,1982_5,1982_6,1982_7,1982_8,1982_9,1982_10,1982_11,1982_12,1983_1,1983_2,1983_3,1983_4,1983_5,1983_6,1983_7,1983_8,1983_9,1983_10,1983_11,1983_12,1984_1,1984_2,1984_3,1984_4,1984_5,1984_6,1984_7,1984_8,1984_9,1984_10,1984_11,1984_12,1985_1,1985_2,1985_3,1985_4,1985_5,1985_6,1985_7,1985_8,1985_9,1985_10,1985_11,1985_12,1986_1,1986_2,1986_3,1986_4,1986_5,1986_6,1986_7,1986_8,1986_9,1986_10,1986_11,1986_12,1987_1,1987_2,1987_3,1987_4,1987_5,1987_6,1987_7,1987_8,1987_9,1987_10,1987_11,1987_12,1988_1,1988_2,1988_3,1988_4,1988_5,1988_6,1988_7,1988_8,1988_9,1988_10,1988_11,1988_12,1989_1,1989_2,1989_3,1989_4,1989_5,1989_6,1989_7,1989_8,1989_9,1989_10,1989_11,1989_12,1990_1,1990_2,1990_3,1990_4,1990_5,1990_6,1990_7,1990_8,1990_9,1990_10,1990_11,1990_12,1991_1,1991_2,1991_3,1991_4,1991_5,1991_6,1991_7,1991_8,1991_9,1991_10,1991_11,1991_12,1992_1,1992_2,1992_3,1992_4,1992_5,1992_6,1992_7,1992_8,1992_9,1992_10,1992_11,1992_12,1993_1,1993_2,1993_3,1993_4,1993_5,1993_6,1993_7,1993_8,1993_9,1993_10,1993_11,1993_12,1994_1,1994_2,1994_3,1994_4,1994_5,1994_6,1994_7,1994_8,1994_9,1994_10,1994_11,1994_12,1995_1,1995_2,1995_3,1995_4,1995_5,1995_6,1995_7,1995_8,1995_9,1995_10,1995_11,1995_12,1996_1,1996_2,1996_3,1996_4,1996_5,1996_6,1996_7,1996_8,1996_9,1996_10,1996_11,1996_12,1997_1,1997_2,1997_3,1997_4,1997_5,1997_6,1997_7,1997_8,1997_9,1997_10,1997_11,1997_12,1998_1,1998_2,1998_3,1998_4,1998_5,1998_6,1998_7,1998_8,1998_9,1998_10,1998_11,1998_12,1999_1,1999_2,1999_3,1999_4,1999_5,1999_6,1999_7,1999_8,1999_9,1999_10,1999_11,1999_12,2000_1,2000_2,2000_3,2000_4,2000_5,2000_6,2000_7,2000_8,2000_9,2000_10,2000_11,2000_12,2001_1,2001_2,2001_3,2001_4,2001_5,2001_6,2001_7,2001_8,2001_9,2001_10,2001_11,2001_12,2002_1,2002_2,2002_3,2002_4,2002_5,2002_6,2002_7,2002_8,2002_9,2002_10,2002_11,2002_12,2003_1,2003_2,2003_3,2003_4,2003_5,2003_6,2003_7,2003_8,2003_9,2003_10,2003_11,2003_12,2004_1,2004_2,2004_3,2004_4,2004_5,2004_6,2004_7,2004_8,2004_9,2004_10,2004_11,2004_12,2005_1,2005_2,2005_3,2005_4,2005_5,2005_6,2005_7,2005_8,2005_9,2005_10,2005_11,2005_12,2006_1,2006_2,2006_3,2006_4,2006_5,2006_6,2006_7,2006_8,2006_9,2006_10,2006_11,2006_12,2007_1,2007_2,2007_3,2007_4,2007_5,2007_6,2007_7,2007_8,2007_9,2007_10,2007_11,2007_12,2008_1,2008_2,2008_3,2008_4,2008_5,2008_6,2008_7,2008_8,2008_9,2008_10,2008_11,2008_12,2009_1,2009_2,2009_3,2009_4,2009_5,2009_6,2009_7,2009_8,2009_9,2009_10,2009_11,2009_12,2010_1,2010_2,2010_3,2010_4,2010_5,2010_6,2010_7,2010_8,2010_9,2010_10,2010_11,2010_12,2011_1,2011_2,2011_3,2011_4,2011_5,2011_6,2011_7,2011_8,2011_9,2011_10,2011_11,2011_12,2012_1,2012_2,2012_3,2012_4,2012_5,2012_6,2012_7,2012_8,2012_9,2012_10,2012_11,2012_12,2013_1,2013_2,2013_3,2013_4,2013_5,2013_6,2013_7,2013_8,2013_9,2013_10,2013_11,2013_12,2014_1,2014_2,2014_3,2014_4,2014_5,2014_6,2014_7,2014_8,2014_9,2014_10,2014_11,2014_12,2015_1,2015_2,2015_3,2015_4,2015_5,2015_6,2015_7,2015_8,2015_9,2015_10,2015_11,2015_12,2016_1,2016_2,2016_3,2016_4,2016_5,2016_6,2016_7,2016_8,2016_9,2016_10,2016_11,2016_12,2017_1,2017_2,2017_3,2017_4,2017_5,2017_6,2017_7,2017_8,2017_9,2017_10,2017_11,2017_12,2018_1,2018_2,2018_3,2018_4,2018_5,2018_6,2018_7,2018_8,2018_9,2018_10,2018_11,2018_12,2019_1,2019_2,2019_3,2019_4,2019_5,2019_6,2019_7,2019_8,2019_9,2019_10,2019_11,2019_12,2020_1,2020_2,2020_3,2020_4,2020_5,2020_6,2020_7,2020_8,2020_9,2020_10,2020_11,2020_12
1,0.0006407996374962685,0.0003030605344394137,0.0005704373243594248,0.0004749456136737065,0.0012227964847281742,0.002058097659252722,0.0017243792598036854,0.0004789663172815248,0.0005910434303494985,0.0003774435511840757,0.00024526292007700373,0.0004729352618697939,0.0003377391030568583,0.0002668742019690355,0.00041413247160543287,0.0007895656709855994,0.0002367189249103882,0.0011770609811892242,0.0017012602140587217,0.00040056259692904106,0.000715182654240934,0.0007991148420541695,0.00046338609080122384,0.0006407996374962685,0.0003508063897822711,0.0004940439558108502,0.00016384367201865285,0.00033371839944903656,0.0004442877486640802,0.0009041557238084613,0.0021249418567327247,0.00199879228103738,0.0007553896903191304,0.000665426447094164,0.00021561023096933196,0.00033020028379219385,0.00016133073226376818,0.00024526292007700373,0.00038548495839971567,0.00045182656792874115,0.0007362913481819867,0.0009157152466809423,0.0024300127429760458,0.0015012302095696907,0.0005970744857612294,0.0004176505872622756,0.0006141624760944639,0.0005608881532908512,0.00015278673709714918,0.0014399144795504398,0.000341257218713701,0.0014057384988839707,0.0005166604136048365,0.0011539419354442606,0.001959087832910161,0.002307883870888521,0.0005835046110848376,0.0007096541867801821,0.0015695821709026253,0.0003357287512529457,0.0003050708862433228,9.549171068571824e-05,0.00022867751769474823,0.0005206811172126548,0.0007438301674466477,0.0006865351410352168,0.0010679993958271142,0.001430365308481868,0.0007800164999170259,0.0005377691075458893,0.0004844947847422766,0.0004176505872622756,0.00021912834662617467,9.900982634256095e-05,0.000299542418782571,0.0006789963217705558,0.000499572423271602,0.0022375215577516774,0.0012795889231886279,0.0010468907018860614,0.0008946065527398895,0.0004789663172815248,0.000790570846887554,0.00019952741653805547,0.0004060910643897929,0.0003699047319194147,0.0003508063897822711,0.0010071862537588405,0.0010850873861603487,0.000869979743141994,0.0008755082106027458,0.001850026247548051,0.0018138399150776727,0.0005855149628887467,0.0002477758598318919,0.00033020028379219385,0.00043875928120332836,4.975620714676998e-05,0.00035683744519400193,0.0007056334831723604,0.0008981246683967305,0.0013655314628057743,0.0012891380942571997,0.0006543695121726603,0.000823741651652065,0.0009709999212884641,0.0008604305720734222,0.00027843372484151474,0.00040056259692904106,0.0008639486877302632,0.0004940439558108502,0.0005357587557419802,0.0008222338877991349,0.002918025643375165,0.000919233362337785,0.0009996474344941796,0.0003678943801155056,0.0006543695121726603,0.0005322406400851375,0.0004694171462129547,0.0002678793778709901,0.00013620133471489368,0.00014575050578346377,0.00021762058277324456,0.0009860775598177877,0.0012931587978650197,0.001175050629385315,0.0012052059064439624,0.001070009747631025,0.0005282199364773157,0.000556867449683033,0.00023571374900843017,7.036231313684721e-05,4.171479993113e-05,0.000524701820820473,0.0007895656709855994,0.0007800164999170259,0.0006980946639076994,0.0008448503455931195,0.0018213787343423354,0.0010318130633567377,0.0007192033578487522,0.0012609931690024615,0.0007714725047504103,0.00032215887657655734,0.0003015527705864801,0.0006005926014180721,0.00015831520455790102,0.0007991148420541695,0.0017756432308033854,0.001331355482139307,0.002616975460739664,0.0004292101101347548,0.0013409046532078788,0.00039654189332121934,0.0004985672473696474,0.0007609181577798822,0.00041664541136031755,0.00023269822130256648,0.0002633560863121928,0.0008297727070637959,0.0005417898111537076,0.0007629285095837914,0.001335376185747127,0.0010107043694156832,0.0005588778014869421,0.00015429450095008276,0.0004377541053013738,0.00026536643811610194,0.0007991148420541695,0.00012665216364632012,0.000566416620751603,0.00029200359951790655,0.001432375660285777,0.00190179280649873,0.0012474232943260697,0.0005438001629576167,0.0007116645385840913,0.0004407696330072375,0.0003030605344394137,0.00021259470326346827,8.694771551910271e-05,0.0002462680959789583,0.00029200359951790655,0.0006312504664276984,0.0022887855287513775,0.0014725826963639735,0.0014017177952761525,0.0008981246683967305,0.0008604305720734222,0.00035683744519400193,0.0002899932477139974,0.00015278673709714918,0.00010102017814647007,0.0003030605344394137,0.00016585402382256545,0.00024023704056722744,0.0006558772760255939,0.0012092266100517824,0.002202842989134231,0.0008543995166616913,0.0008850573816713177,0.0009634611020238014,0.0007267421771134167,0.0008508814010048486,0.0008508814010048486,0.0007724776806523649,0.0004327282257915975,0.0005739554400162675,0.0006925661964469476,0.0017223689079997745,0.0011252944222385451,0.001489670686697208,0.0009172230105338741,0.0009096841912692132,0.0006960843121037903,0.0005035931268794203,0.0001733928430872264,0.00023822668876331832,0.0006845247892313076,0.0006523591603687512,0.0007438301674466477,0.002204853340938142,0.0020274397942430956,0.0013655314628057743,0.0010604605765624532,0.0005644062689476939,0.00041212211980152375,0.0005453079268105503,0.0002347085731064756,0.0005035931268794203,0.000515152649751903,0.0012207861329242634,0.001239884475061407,0.0025863175957300377,0.001636426368382628,0.0003397494548607674,0.0004920336040069376,0.000373925435527233,0.00041011176799761115,0.000366386616262572,0.0008051458974659004,0.0003126097055079838,0.0005056034786833294,0.0011368539451110278,0.002303863167280703,0.0005302302882812249,0.001478111163824727,0.0011177556029738842,0.00032416922838046647,0.0005473182786144594,0.0005493286304183685,0.0011212737186307251,0.00010604605765624636,0.00020405070809685275,0.0006086340086337121,0.0007056334831723604,0.0002211386984300838,0.0022470707288202493,0.0012016877907871197,0.0013715625182175034,0.0006830170253783775,0.0010604605765624532,0.00016384367201865285,0.000566416620751603,0.000457857623340472,0.00016585402382256545,0.0005131422979479938,0.00194752831003768,0.0016992498622548109,0.00185203659935196,0.0011770609811892242,0.0008126847167305613,0.000408101416193702,0.0014474532988151007,0.0009458705237395913,0.00028044407664542734,0.0002347085731064756,0.0002633560863121928,0.00036236591265475376,0.00019098342137143648,0.0008353011745245477,0.0018349486090187273,0.0013102467881982525,0.0005759657918201766,0.0001432375660285791,0.000408101416193702,0.00036035556085084464,0.00024425774417504917,0.00024425774417504917,0.0002477758598318919,0.0003950341294682892,0.0008885754973281586,0.0006885454928391294,0.0010679993958271142,0.001743477601940829,0.0023958367623095785,0.0009403420562788378,0.00048650513654618574,0.0009689895694845532,0.00024526292007700373,0.0006468306929079994,0.0006523591603687512,0.00042368164267400296,0.0007860475553287567,0.001647985891255109,0.0013921686242075806,0.001224304248581106,0.0008543995166616913,0.000524701820820473,0.0010187457766313232,0.0005111319461440812,0.0006483384567609295,0.0008946065527398895,0.00042167129087009383,0.001065989044023205,0.0013941789760114898,0.0009252644177495141,0.001808311447616921,0.001338894301403968,0.0008031355456619912,0.0006428099893001776,0.0007629285095837914,0.00024224739237114004,0.0003030605344394137,0.00013921686242075737,0.00010705123355820093,0.0011655014583167433,0.0009443627598866577,0.0013695521664135943,0.0008679693913380832,0.00160024003591225,0.0012705423400710333,0.00022716975384181465,0.00023269822130256648,0.0006980946639076994,0.0010011551983471114,9.147100707789999e-05,0.0004407696330072375,0.0006483384567609295,0.0008428399937892104,0.0011675118101206524,0.0018575650668127136,0.0012951691496689288,0.0010468907018860614,0.0007398094638388295,0.0008106743649266522,0.0004176505872622756,0.00029552171517474926,0.0006277323507708557,0.0005739554400162675,0.0005809916713299494,0.0010911184415720778,0.0005322406400851375,0.0006980946639076994,0.001743477601940829,0.0015962193323044317,0.0017414672501369181,0.0011614807547089233,0.0005262095846734066,0.000208071411704671,0.00012866251545023272,0.0002708949055768538,0.0005226914690165639,0.00017188507923429283,0.0010604605765624532,0.0009443627598866577,0.000831783058867705,0.001134843593307117,0.0006598979796334122,0.0002633560863121928,0.00026888455377294465,0.0007684569770445467,0.0003890030740565584,0.0003146200573118929,0.0003090915898511411,0.0005111319461440812,0.002101822810987761,0.0014972095059618707,0.0014665516409522444,0.0006830170253783775,0.0003930237776643801,0.0006905558446430385,0.0008222338877991349,0.00029351136337084013,0.0007438301674466477,0.000341257218713701,0.00016585402382256545,0.0007629285095837914,0.0004749456136737065,0.002000802632841291,0.0008126847167305613,0.0008086640131227431,0.000715182654240934,0.0007915760227895086,0.0002593353827043711,0.0002367189249103882,0.0008981246683967305,0.0004292101101347548,0.0012122421377576478,0.0012549621135907324,0.0012625009328553934,0.0015962193323044317,0.00215358936993844,0.0016766334044608245,0.0007840372035248476,0.0009594403984159814,0.00027843372484151474,0.00028245442844933646,0.00012765733954827815,0.00013368839496000554,0.0003890030740565584,0.0008981246683967305,0.0011519315836403515,0.001274060455727876,0.0010468907018860614,0.0013695521664135943,0.0006277323507708557,0.0009996474344941796,0.0004694171462129547,0.00018696271776361822,0.00010705123355820093,0.0001447453298815092,0.0005417898111537076,0.0005493286304183685,0.0006749756181627375,0.0005814942592809284,0.0017203585561958654,0.0009478808755435005,0.000665426447094164,9.348135888180911e-05,0.0010986572608367405,0.0002975320669786584,0.0006387892856923594,0.00024224739237114004,0.000673467854309804,0.0006523591603687512,0.0007096541867801821,0.000457857623340472,0.002262148367349573,0.0011423824125717796,0.0012514439979338897,0.0005438001629576167,0.00028396219230227004,0.000208071411704671,0.0001829420141557965,0.0004292101101347548,0.0007478508710544694,0.001390660860354647,0.0013162778436099833,0.0002744130212336965,0.0005628985050947603,0.0009076738394653023,0.0009061660756123704,0.0008373115263284568,0.000366386616262572,0.000623711647163034,0.0003498012138803165,0.0004759507895756611,0.0005875253146926593,0.0005724476761633339,0.0010107043694156832,0.001432375660285777,0.001022263892288166,0.0014459455349621689,0.0008870677334752268,0.00045182656792874115,0.0005035931268794203,0.0002774285489395602,0.0005367639316439347,0.00037191508372332385,0.0004312204619386674,0.0006523591603687512,0.0018063010958130118,0.001957077481106252,0.0016173280262454844,0.0009745180369453068,0.0005216862931146093,0.00033170804764512743,0.0009498912273474096,0.000623711647163034,0.00015429450095008276,0.0004538369197326503,0.0006141624760944639,0.00012765733954827815,0.0010720200994349342,0.0005588778014869421,0.0007669492131916131,0.0003678943801155056,0.00045182656792874115,0.0002708949055768538,0.0003643762644586629,0.00048047408113445836,0.0003357287512529457,0.0006483384567609295,0.0003774435511840757,0.00046539644260513297,0.001960595596763093,0.0023877953550939385,0.0014992198577657798,0.0015600329998340535,--,--,--
2,0.0006217012953591249,0.00032215887657655734,0.000556867449683033,0.0004980646594186684,0.0013067286725414115,0.0021877653506049075,0.0016670842333922527,0.00039855224512513193,0.0006352711700355167,0.00041212211980152375,0.00024878103573384644,0.0004674067944090421,0.00035683744519400193,0.0002744130212336965,0.0004025729487329502,0.0008353011745245477,0.00020204035629294015,0.0012625009328553934,0.0018274097897540646,0.0004312204619386674,0.0008011251938580821,0.0008141924805834949,0.00041212211980152375,0.0006543695121726603,0.00036035556085084464,0.0005056034786833294,0.00016384367201865285,0.0003357287512529457,0.00043674892939941923,0.0010931287933759887,0.0023802565358292775,0.002092273639919189,0.0008222338877991349,0.0006448203411040902,0.00024425774417504917,0.000299542418782571,0.0001563048527539919,0.00025833020680241653,0.00038347460659580654,0.000499572423271602,0.0007247318253095041,0.0007589078059759731,0.002460670607985672,0.001636426368382628,0.0006257219989669466,0.00042368164267400296,0.0005930537821534111,0.0005377691075458893,0.00016585402382256545,0.0013293451303353961,0.00036236591265475376,0.0014474532988151007,0.000499572423271602,0.0012514439979338897,0.001987232758164899,0.0025747580728575567,0.000499572423271602,0.0007684569770445467,0.0016535143587158626,0.0003528167415861802,0.0003126097055079838,0.00010102017814647007,0.00025179656343971013,0.0005302302882812249,0.0008011251938580821,0.000774488032456274,0.0011177556029738842,0.0014459455349621689,0.000782026851720935,0.0006121521242905548,0.0005322406400851375,0.0004312204619386674,0.00023068786949865736,0.0001050408817542918,0.0002899932477139974,0.0006779911458686012,0.00046539644260513297,0.0023385417358981475,0.0012378741232574979,0.0011041857282974923,0.0008714875069949259,0.00044830845227189844,0.0008202235359952258,0.00019098342137143648,0.0003794539029879883,0.00042167129087009383,0.0003643762644586629,0.0010413622344253096,0.0011443927643756888,0.000831783058867705,0.0009061660756123704,0.0018902332836262473,0.0018615857704205319,0.0006865351410352168,0.00028044407664542734,0.0003528167415861802,0.00042719975833084567,5.7295026411430944e-05,0.0003759357873311456,0.0007096541867801821,0.0009328032370141768,0.0013122571400021633,0.001335376185747127,0.0006277323507708557,0.0008468606973970304,0.001028294947699895,0.0008393218781323694,0.00026536643811610194,0.00039855224512513193,0.0008508814010048486,0.0005342509918890466,0.0004940439558108502,0.0007860475553287567,0.003185402433295176,0.0008639486877302632,0.001065989044023205,0.00042518940652693654,0.0006372815218394258,0.0005342509918890466,0.0005206811172126548,0.00028245442844933646,0.0001432375660285791,0.00015529967685203733,0.00022515940203790552,0.0009936163790824504,0.001327334778531487,0.0012147550775125342,0.001175050629385315,0.0012303353039928352,0.0005684269725555122,0.0005453079268105503,0.0002548120911455738,7.136748903880177e-05,3.8196684274287296e-05,0.0005377691075458893,0.0007991148420541695,0.0007322706445741685,0.0008353011745245477,0.0009539119309552296,0.00179675192474444,0.0010393518826213987,0.0007764983842601832,0.0013449253568156988,0.0007860475553287567,0.0003281899319882847,0.00032215887657655734,0.0005799864954279949,0.00016032555636181015,0.0008870677334752268,0.0018138399150776727,0.0015680744070496935,0.0027064361160136514,0.00044830845227189844,0.001436396363893597,0.0003910134258604675,0.0004779611413795702,0.0007398094638388295,0.00041413247160543287,0.00024023704056722744,0.00025380691524361926,0.000831783058867705,0.0004674067944090421,0.0006940739602998812,0.0013218063110707352,0.0009765283887492159,0.0005814942592809284,0.00016133073226376818,0.0004875103124481403,0.00025732503090046197,0.0007840372035248476,0.0001346935708619601,0.0005910434303494985,0.0003146200573118929,0.0015012302095696907,0.0018902332836262473,0.0011710299257774951,0.0004920336040069376,0.0007131723024370248,0.0004694171462129547,0.0003146200573118929,0.00020405070809685275,9.147100707789999e-05,0.00023370339720452105,0.00027843372484151474,0.0005950641339573202,0.002456649904377852,0.001535406190236158,0.0014821318674325453,0.0010147250730235032,0.0008966169045437986,0.00040056259692904106,0.0003111019416550502,0.00016786437562647458,0.00010705123355820093,0.00031864076091971463,0.00011609781667579547,0.0002477758598318919,0.0006141624760944639,0.0011177556029738842,0.0021932938180656593,0.000816202832387404,0.0009157152466809423,0.0009840672080138786,0.0007704673288484558,0.0007875553191816903,0.0008850573816713177,0.0007227214735055949,0.0004327282257915975,0.0006749756181627375,0.0007383016999858959,0.0019857249943119673,0.001186610152257796,0.0015565148841772108,0.000923254065945605,0.000877518562406655,0.0006749756181627375,0.0004749456136737065,0.00017942389849895726,0.00026536643811610194,0.0006940739602998812,0.0006523591603687512,0.0007307628807212349,0.002460670607985672,0.0021666566566638547,0.0013449253568156988,0.0010720200994349342,0.0005779761436240857,0.00042368164267400296,0.0005226914690165639,0.00022867751769474823,0.0005262095846734066,0.0005357587557419802,0.0012665216364632133,0.001278081159335696,0.0026320530992689876,0.0015831520455790171,0.00030708123804723195,0.0005186707654087457,0.00039654189332121934,0.0004709249100658848,0.000373925435527233,0.0007398094638388295,0.00030708123804723195,0.0005533493340261902,0.0011423824125717796,0.0024259920393682258,0.000499572423271602,0.00160024003591225,0.0012072162582478733,0.0003759357873311456,0.0005990848375651385,0.0005855149628887467,0.001123284070434636,0.00010755382150917647,0.00021058435145955914,0.0005357587557419802,0.000831783058867705,0.0001563048527539919,0.0022355112059477666,0.0012589828171985507,0.0014057384988839707,0.0007131723024370248,0.0010167354248274123,0.0001181081684797046,0.0005814942592809284,0.00047695596547761565,0.00016384367201865285,0.000566416620751603,0.002052066603840993,0.0018118295632737636,0.0019168704450280537,0.001184599800453887,0.0008966169045437986,0.0004844947847422766,0.001443935183158258,0.000980549092357036,0.0002729052573807629,0.00025179656343971013,0.0002367189249103882,0.00040056259692904106,0.0001181081684797046,0.000749358634907403,0.00179273122113662,0.001327334778531487,0.0005990848375651385,0.00015831520455790102,0.00042719975833084567,0.00038548495839971567,0.00020957917555760458,0.00025732503090046197,0.00025732503090046197,0.00041212211980152375,0.0009423524080827486,0.0006407996374962685,0.0012529517617868215,0.001697742098401879,0.0025174630464461258,0.0009725076851413959,0.0005111319461440812,0.0009916060272785396,0.00025581726704753185,0.0006292401146237858,0.0006905558446430385,0.0004694171462129547,0.0007212137096526648,0.0017052809176665417,0.0013600029953450225,0.001169019573973586,0.000923254065945605,0.0005302302882812249,0.001123284070434636,0.0005397794593497984,0.0006141624760944639,0.0008850573816713177,0.00036236591265475376,0.0010986572608367405,0.0014610231734914925,0.0009976370826902687,0.0017223689079997745,0.0014419248313543489,0.0008106743649266522,0.0006428099893001776,0.0007860475553287567,0.00024425774417504917,0.00031864076091971463,0.00013720651061684824,0.00010102017814647007,0.0012207861329242634,0.0009383317044749286,0.0014002100314232189,0.0009956267308863596,0.0017660940597348136,0.001182589448649976,0.00021762058277324456,0.00026888455377294465,0.0007287525289173258,0.001035833766964556,9.247618297985455e-05,0.0004462981004679893,0.0006865351410352168,0.0008810366780634977,0.0011710299257774951,0.0017319180790683463,0.0014474532988151007,0.001081569270503506,0.0007724776806523649,0.0007935863745934177,0.000449313628173853,0.000299542418782571,0.0006428099893001776,0.0005739554400162675,0.0005729502641143094,0.0010393518826213987,0.0004674067944090421,0.0006639186832412339,0.0019319480835573773,0.0017736328789994763,0.0017087990333233827,0.0011996774389832106,0.0005357587557419802,0.0002030455321948947,0.00012112369618556829,0.00028597254410617917,0.0005533493340261902,0.0001698747274303837,0.0012072162582478733,0.0008051458974659004,0.0008543995166616913,0.0011655014583167433,0.000715182654240934,0.0002729052573807629,0.00026536643811610194,0.0007935863745934177,0.0003814642547918974,0.0003126097055079838,0.00032215887657655734,0.0005166604136048365,0.0022390293216046093,0.0016881929273333072,0.0015012302095696907,0.0007398094638388295,0.0004292101101347548,0.0007056334831723604,0.0007935863745934177,0.00025179656343971013,0.0007790113240150713,0.0003508063897822711,0.00016384367201865285,0.0007915760227895086,0.00042719975833084567,0.0018424874282833882,0.0007669492131916131,0.0007669492131916131,0.0008543995166616913,0.000816202832387404,0.0002729052573807629,0.00023822668876331832,0.0008086640131227431,0.00045031880407581104,0.0011891230920126842,0.0012645112846593042,0.0012836096267964479,0.001594711568451498,0.002315422690153184,0.001850026247548051,0.0008086640131227431,0.0009478808755435005,0.00025833020680241653,0.00028245442844933646,0.00011056934921504363,0.0001412272142246665,0.00042368164267400296,0.0009519015791513204,0.0011901282679146388,0.001278081159335696,0.0011328332415032078,0.0014002100314232189,0.0006407996374962685,0.0010147250730235032,0.0005342509918890466,0.0001698747274303837,0.00011257970101895276,0.00015077638529324006,0.0005950641339573202,0.0005875253146926593,0.0006749756181627375,0.0006277323507708557,0.0018997824546948192,0.0010564398729546332,0.0007418198156427386,9.64968865876728e-05,0.0010433725862292187,0.00032215887657655734,0.0006513539844667966,0.000249786211635801,0.0006694471507019857,0.000707643834976273,0.0007533793385152213,0.00044830845227189844,0.0023325106804864184,0.001278081159335696,0.0013504538242764506,0.0005759657918201766,0.00027843372484151474,0.00023822668876331832,0.00018696271776361822,0.00042719975833084567,0.0007513689867113121,0.0013750806338743461,0.001232345655796746,0.0002367189249103882,0.000524701820820473,0.001020253540484255,0.001022263892288166,0.0008543995166616913,0.0003930237776643801,0.0006619083314373213,0.0003462830982234738,0.00047394043777175196,0.0006196909435552157,0.0006503488085648421,0.0011212737186307251,0.0013941789760114898,0.0011177556029738842,0.0016706023490490954,0.0008448503455931195,0.0004729352618697939,0.0004709249100658848,0.00028898807181204286,0.0006036081291239358,0.0003759357873311456,0.0004312204619386674,0.0006845247892313076,0.0019284299679005364,0.0020827244688506174,0.0016690945851961635,0.0009709999212884641,0.0005438001629576167,0.00034728827412542837,0.0009096841912692132,0.0006292401146237858,0.00015429450095008276,0.0004920336040069376,0.0006352711700355167,0.00012212887208752285,0.0011785687450421578,0.0005588778014869421,0.0008905858491320695,0.0003528167415861802,0.00045031880407581104,0.00025179656343971013,0.0003699047319194147,0.0004980646594186684,0.00035482709339008933,0.0006141624760944639,0.00039855224512513193,0.000457857623340472,0.0021249418567327247,0.0025481209114557504,0.0016213487298533044,0.001743477601940829,--,--,--
3,0.0006387892856923594,0.00031663040911580204,0.0005704373243594248,0.000499572423271602,0.0013484434724725398,0.0023325106804864184,0.0016801515201176672,0.00039654189332121934,0.0006598979796334122,0.000408101416193702,0.00025380691524361926,0.00045986797514438113,0.0003633710885567083,0.00027843372484151474,0.000415640235458363,0.0009001350202006413,0.0001945015370282792,0.0011328332415032078,0.001804290744009101,0.00040056259692904106,0.0008639486877302632,0.0008126847167305613,0.00039855224512513193,0.0006674367988980731,0.0004025729487329502,0.0005608881532908512,0.0001563048527539919,0.00036236591265475376,0.00045182656792874115,0.0011655014583167433,0.002420463571907474,0.002092273639919189,0.0008830470298674068,0.0006387892856923594,0.0002764233730376056,0.00031864076091971463,0.00015178156119519462,0.0002744130212336965,0.00038347460659580654,0.0005166604136048365,0.0007247318253095041,0.0006789963217705558,0.0024491110851131894,0.0016726127008530062,0.0006448203411040902,0.00041212211980152375,0.0006121521242905548,0.0005438001629576167,0.0001849523659597091,0.0012589828171985507,0.00041011176799761115,0.0015333958384322471,0.0005644062689476939,0.0013620133471489316,0.001987232758164899,0.0028612332049147114,0.0004844947847422766,0.0008373115263284568,0.0017625759440779726,0.0003633710885567083,0.0003281899319882847,0.0001085589974111345,0.00028044407664542734,0.0005282199364773157,0.0008885754973281586,0.0008393218781323694,0.0011730402775814042,0.0015218363155597662,0.0007895656709855994,0.0006905558446430385,0.0005779761436240857,0.0004538369197326503,0.00023068786949865736,0.00010102017814647007,0.0003090915898511411,0.0006779911458686012,0.0004749456136737065,0.0022832570612906257,0.0011082064319053123,0.001138864296914937,0.0007895656709855994,0.0004442877486640802,0.0008533943407597368,0.00019249118522437006,0.0003910134258604675,0.00039654189332121934,0.0003910134258604675,0.001130822889699297,0.0011976670871793015,0.0006714575025058948,0.0009725076851413959,0.002050558839988059,0.0019761758232433955,0.0007513689867113121,0.00029552171517474926,0.0003794539029879883,0.00042368164267400296,7.237266494075634e-05,0.00041413247160543287,0.0007342809963780776,0.0010107043694156832,0.0013197959592668243,0.0014419248313543489,0.0006066236568298029,0.0008850573816713177,0.0011328332415032078,0.0008564098684656022,0.0002879828959100883,0.0004025729487329502,0.0008795289142105658,0.0005588778014869421,0.0004960543076147593,0.0007991148420541695,0.003227117233226306,0.0007684569770445467,0.0011177556029738842,0.0004885154883500983,0.0006769859699666467,0.0005835046110848376,0.0005628985050947603,0.00031864076091971463,0.0001412272142246665,0.00016233590816572274,0.00021912834662617467,0.001020253540484255,0.0013197959592668243,0.0012514439979338897,0.001129315125846365,0.0013770909856782552,0.0006332608182316075,0.0005739554400162675,0.00027541819713565105,7.438301674466546e-05,4.171479993113e-05,0.000556867449683033,0.0008373115263284568,0.0006674367988980731,0.0008373115263284568,0.0009554196948081631,0.001804290744009101,0.0011137348993660642,0.0008332908227206386,0.0013715625182175034,0.0008327882347696595,0.000341257218713701,0.0003231640524785119,0.0005684269725555122,0.00017942389849895726,0.0008966169045437986,0.001798762276548349,0.001594711568451498,0.0028878703663165178,0.0005111319461440812,0.0015163078480990144,0.00040056259692904106,0.00048348960884032205,0.0007684569770445467,0.00042066611496813927,0.0003015527705864801,0.0002367189249103882,0.0008468606973970304,0.00044830845227189844,0.0006865351410352168,0.0012931587978650197,0.0009996474344941796,0.0006865351410352168,0.0001829420141557965,0.0005292251123792703,0.0002593353827043711,0.000816202832387404,0.00014876603348933093,0.0006005926014180721,0.0003699047319194147,0.0014610231734914925,0.0018369589608226364,0.0012072162582478733,0.0005206811172126548,0.0007192033578487522,0.0005035931268794203,0.0003261795801843756,0.0002211386984300838,9.900982634256095e-05,0.0002462680959789583,0.00027843372484151474,0.0005186707654087457,0.0025787787764653767,0.0016535143587158626,0.0014514740024229207,0.001065989044023205,0.0008885754973281586,0.0003890030740565584,0.0003397494548607674,0.00017540319489113554,0.0001181081684797046,0.0003126097055079838,9.549171068571824e-05,0.00021762058277324456,0.0005377691075458893,0.0009840672080138786,0.002161128189203103,0.000869979743141994,0.0009539119309552296,0.001024274244092075,0.0007629285095837914,0.0007574000421230395,0.0009267721816024459,0.0007171930060448431,0.00046338609080122384,0.0006789963217705558,0.0007704673288484558,0.002008341452105952,0.0012760708075317852,0.0015715925227065344,0.0009348135888180859,0.0009061660756123704,0.0006749756181627375,0.0004729352618697939,0.00019098342137143648,0.0002879828959100883,0.0007171930060448431,0.0006749756181627375,0.0007247318253095041,0.0025003750561128912,0.002214402512006714,0.001384629804942918,0.0011252944222385451,0.0006046133050258903,0.00043875928120332836,0.0005262095846734066,0.00024425774417504917,0.0005970744857612294,0.0005779761436240857,0.001224304248581106,0.001224304248581106,0.0026360738028768076,0.0016248668455101471,0.0003015527705864801,0.0005724476761633339,0.00044227739686017106,0.0005005775991735566,0.00038045907888994285,0.0007398094638388295,0.0003357287512529457,0.0005724476761633339,0.0011634911065128324,0.0024757482465149958,0.00043473857759550663,0.0016022503877161608,0.0012720501039239652,0.0004312204619386674,0.0006789963217705558,0.0005990848375651385,0.0011338384174051624,0.0001181081684797046,0.0002281749297437692,0.0004980646594186684,0.0009267721816024459,0.00011459005282286189,0.002509924227181463,0.0013811116892860752,0.0014705723445600644,0.000774488032456274,0.0010966469090328296,0.00010102017814647007,0.0005835046110848376,0.00048047408113445836,0.00017540319489113554,0.0006257219989669466,0.002163138541007012,0.0018022803922051918,0.001594711568451498,0.0011197659547777933,0.0009116945430731223,0.0005397794593497984,0.0014992198577657798,0.0010549321091016996,0.00025380691524361926,0.00028396219230227004,0.0002211386984300838,0.0004613757389973147,0.00011056934921504363,0.0007021153675155212,0.0017872027536758681,0.0014172980217564534,0.0006523591603687512,0.00017942389849895726,0.00042719975833084567,0.00039654189332121934,0.0001945015370282792,0.00028044407664542734,0.00025581726704753185,0.00045182656792874115,0.0009840672080138786,0.0005473182786144594,0.0011921386197185479,0.001693721394794059,0.0027466431520918495,0.0009956267308863596,0.0005608881532908512,0.0010413622344253096,0.00024878103573384644,0.0006292401146237858,0.0007458405192505603,0.0005377691075458893,0.0006468306929079994,0.0016424574237943572,0.0013504538242764506,0.0010966469090328296,0.0008810366780634977,0.0006086340086337121,0.0011941489715224587,0.0005855149628887467,0.0006046133050258903,0.0008905858491320695,0.0003508063897822711,0.0011730402775814042,0.0015333958384322471,0.0008981246683967305,0.0017816742862151163,0.0015142974962951035,0.0009157152466809423,0.0006694471507019857,0.0008086640131227431,0.0002563198549985074,0.0003261795801843756,0.0001412272142246665,0.0001085589974111345,0.0012720501039239652,0.0009900982634256077,0.0015087690288343517,0.001035833766964556,0.0018233890861462446,0.0011328332415032078,0.00025732503090046197,0.00029351136337084013,0.0007383016999858959,0.001020253540484255,8.946065527399086e-05,0.0004538369197326503,0.0007418198156427386,0.0008297727070637959,0.0011770609811892242,0.0016439651876472908,0.0016097892069808217,0.0012052059064439624,0.0008222338877991349,0.0008850573816713177,0.00046539644260513297,0.000299542418782571,0.0006101417724866422,0.0005835046110848376,0.0006171780038003276,0.0010262845958959842,0.00039654189332121934,0.0005950641339573202,0.002092273639919189,0.0019319480835573773,0.0016917110429901499,0.0013258270146785552,0.0005608881532908512,0.00017942389849895726,0.00011609781667579547,0.0003111019416550502,0.0005855149628887467,0.00019651188883218831,0.0012951691496689288,0.0008488710492009395,0.000774488032456274,0.0011956567353753906,0.000764938861387704,0.0002708949055768538,0.00025179656343971013,0.0007915760227895086,0.00038347460659580654,0.00029351136337084013,0.0003528167415861802,0.0005302302882812249,0.0021209211531249047,0.0017490060694015808,0.0015736028745104453,0.0008126847167305613,0.00042518940652693654,0.0007116645385840913,0.0008604305720734222,0.00022867751769474823,0.0007584052180249976,0.0003859875463506947,0.0001814342503028664,0.0007955967263973268,0.0003678943801155056,0.001588680513039769,0.0008031355456619912,0.0006905558446430385,0.0008795289142105658,0.0008106743649266522,0.00028245442844933646,0.0002477758598318919,0.000782026851720935,0.00048650513654618574,0.0012207861329242634,0.0012514439979338897,0.0012378741232574979,0.001542945009500819,0.0023707073647607057,0.0020771960013898656,0.0008981246683967305,0.0010011551983471114,0.0002296826935967028,0.00026536643811610194,0.00011056934921504363,0.00015278673709714918,0.0004920336040069376,0.0009860775598177877,0.0010338234151606469,0.0012589828171985507,0.0012227964847281742,0.0015067586770304425,0.0006980946639076994,0.0010679993958271142,0.0005473182786144594,0.00017188507923429283,0.00012011852028361372,0.00017188507923429283,0.000665426447094164,0.0006543695121726603,0.0007131723024370248,0.0006196909435552157,0.00204854848818415,0.0011675118101206524,0.0007780061481131167,0.0001030305299503792,0.0010378441187684669,0.00033371839944903656,0.0006609031555353667,0.0002744130212336965,0.000707643834976273,0.0006789963217705558,0.0007704673288484558,0.00044830845227189844,0.0023134123383492747,0.0012760708075317852,0.0014268471928250252,0.0006372815218394258,0.00028044407664542734,0.0002593353827043711,0.00018696271776361822,0.00042518940652693654,0.0007001050157116086,0.0012795889231886279,0.0011785687450421578,0.0001733928430872264,0.0005131422979479938,0.0010564398729546332,0.0010604605765624532,0.0009443627598866577,0.0003930237776643801,0.000707643834976273,0.00037191508372332385,0.0004890180763010739,0.0006066236568298029,0.0007553896903191304,0.0011328332415032078,0.0014097592024917907,0.001169019573973586,0.0016746230526569154,0.0008564098684656022,0.0005111319461440812,0.000457857623340472,0.0002794389007434728,0.0006875403169371748,0.00038548495839971567,0.00042167129087009383,0.0007669492131916131,0.0019776835870963273,0.0021837446469970875,0.0016595454141275917,0.0009669792176806441,0.0005558622737810784,0.0003678943801155056,0.0009076738394653023,0.0006649238591431884,0.00016032555636181015,0.0005357587557419802,0.000657887627829503,0.00013720651061684824,0.001226314600385017,0.000507111242536263,0.0008810366780634977,0.0004060910643897929,0.00046539644260513297,0.0002462680959789583,0.00041212211980152375,0.0005035931268794203,0.0003699047319194147,0.0006015977773200266,0.00038347460659580654,0.00043674892939941923,0.00209026328811528,0.0027084464678175622,0.00180077262835226,0.001957077481106252,--,--,--
4,0.0006845247892313076,0.0003111019416550502,0.0006448203411040902,0.0004940439558108502,0.0013695521664135943,0.0025843072439261285,0.0017148300887351135,0.00040056259692904106,0.0006845247892313076,0.000408101416193702,0.0002613457345082837,0.000457857623340472,0.0003643762644586629,0.00028245442844933646,0.0004462981004679893,0.0010051759019549314,0.00020204035629294015,0.001024274244092075,0.0017319180790683463,0.0003397494548607674,0.0009860775598177877,0.0008141924805834949,0.00042167129087009383,0.0006960843121037903,0.0004824844329383675,0.0006523591603687512,0.00015278673709714918,0.000408101416193702,0.00047695596547761565,0.001182589448649976,0.0024013652297703303,0.0021133823338602437,0.0009689895694845532,0.0006694471507019857,0.00032416922838046647,0.0003759357873311456,0.00015529967685203733,0.0002945165392727947,0.0004060910643897929,0.0005513389822222811,0.0007840372035248476,0.0006523591603687512,0.0025023854079168004,0.0016459755394512,0.0006789963217705558,0.00041011176799761115,0.0006598979796334122,0.0005684269725555122,0.00021561023096933196,0.0012589828171985507,0.0004844947847422766,0.0016610531779805236,0.0006639186832412339,0.001493691390305028,0.0020158802713706146,0.003192941252559839,0.0005186707654087457,0.0009498912273474096,0.00194752831003768,0.0003814642547918974,0.0003528167415861802,0.00012011852028361372,0.00031663040911580204,0.0005513389822222811,0.001012714721219594,0.0010011551983471114,0.0012207861329242634,0.0016786437562647354,0.0008257520034559776,0.0008031355456619912,0.0006448203411040902,0.0004885154883500983,0.00024224739237114004,9.750206248962737e-05,0.0003528167415861802,0.0006905558446430385,0.0004824844329383675,0.0022450603770163384,0.0009348135888180859,0.0012072162582478733,0.0007458405192505603,0.0004558472715365629,0.0009363213526710178,0.0002030455321948947,0.00042368164267400296,0.00035834520904693204,0.00043674892939941923,0.0012705423400710333,0.0012876303304042679,0.0005186707654087457,0.001035833766964556,0.0022430500252124293,0.002210381808398894,0.0008297727070637959,0.0002975320669786584,0.00042518940652693654,0.00043473857759550663,8.946065527399086e-05,0.0004844947847422766,0.0008086640131227431,0.0011539419354442606,0.0013811116892860752,0.0015565148841772108,0.0005835046110848376,0.0009614507502198923,0.0013409046532078788,0.0009212437141416941,0.0003146200573118929,0.0004176505872622756,0.0009458705237395913,0.0005835046110848376,0.0005357587557419802,0.0008584202202695113,0.00320450077543232,0.0006940739602998812,0.0011675118101206524,0.0005930537821534111,0.0007574000421230395,0.0006714575025058948,0.0006257219989669466,0.0003643762644586629,0.0001432375660285791,0.00017540319489113554,0.00022515940203790552,0.0010946365572289205,0.001338894301403968,0.0012931587978650197,0.0010946365572289205,0.001594711568451498,0.0007192033578487522,0.000616172827898373,0.0003015527705864801,7.739854445052916e-05,5.0761383048724545e-05,0.0005970744857612294,0.000923254065945605,0.0006312504664276984,0.0008714875069949259,0.0008925962009359786,0.0018289175536069981,0.0012645112846593042,0.0009061660756123704,0.0014152876699525425,0.0009157152466809423,0.00035834520904693204,0.0003211537006745993,0.0005759657918201766,0.000208071411704671,0.0009076738394653023,0.0017796639344112054,0.0014610231734914925,0.003219578413961645,0.0005910434303494985,0.0016308979009218762,0.00042368164267400296,0.0005091215943401721,0.0008393218781323694,0.0004377541053013738,0.0003950341294682892,0.0002347085731064756,0.0008182131841913132,0.0004538369197326503,0.0007247318253095041,0.0012876303304042679,0.0010564398729546332,0.0008373115263284568,0.00022515940203790552,0.0005875253146926593,0.0002708949055768538,0.0008795289142105658,0.00017087990333233827,0.0006407996374962685,0.00043473857759550663,0.0013770909856782552,0.0016766334044608245,0.0013218063110707352,0.0005644062689476939,0.0007212137096526648,0.0005608881532908512,0.00035482709339008933,0.00025732503090046197,0.00010956417331308907,0.0002698897296748992,0.000299542418782571,0.000499572423271602,0.0027044257642097422,0.001850026247548051,0.001388650508550738,0.001129315125846365,0.0008850573816713177,0.0003678943801155056,0.0003890030740565584,0.00018897306956752735,0.0001316780431560964,0.00032517440428242103,9.750206248962737e-05,0.00020606105990076187,0.0004789663172815248,0.0007362913481819867,0.002202842989134231,0.0009574300466120723,0.0010167354248274123,0.0011102167837092215,0.0007574000421230395,0.0007840372035248476,0.0009996474344941796,0.0007629285095837914,0.000515152649751903,0.0006694471507019857,0.000816202832387404,0.001951046425694521,0.0013464331206686306,0.0016439651876472908,0.0009614507502198923,0.0009996474344941796,0.0007116645385840913,0.0005015827750755111,0.00020204035629294015,0.00031663040911580204,0.0007478508710544694,0.0006905558446430385,0.0007955967263973268,0.0024968569404560485,0.002262148367349573,0.0014761008120208162,0.0012187757811203542,0.0006619083314373213,0.00046539644260513297,0.0005453079268105503,0.0002729052573807629,0.0007036231313684513,0.0006277323507708557,0.0011710299257774951,0.0011559522872481715,0.0025938564149947003,0.001682161871921578,0.0003126097055079838,0.0006714575025058948,0.0004960543076147593,0.0005272147605753612,0.0003950341294682892,0.0007991148420541695,0.0003930237776643801,0.0005895356664965684,0.001224304248581106,0.0025023854079168004,0.00034728827412542837,0.0016097892069808217,0.001386640156746827,0.0004960543076147593,0.0008051458974659004,0.0006217012953591249,0.0011921386197185479,0.00013620133471489368,0.00025732503090046197,0.0004960543076147593,0.0010433725862292187,9.549171068571824e-05,0.002811476997767943,0.0015298777227754062,0.0016022503877161608,0.000869979743141994,0.0012514439979338897,9.348135888180911e-05,0.0005970744857612294,0.0005166604136048365,0.00018696271776361822,0.0007036231313684513,0.002321453745564913,0.0017796639344112054,0.001138864296914937,0.001024274244092075,0.0009498912273474096,0.0006257219989669466,0.001592701216647589,0.0011559522872481715,0.0002367189249103882,0.0003357287512529457,0.00022716975384181465,0.0005357587557419802,0.00013720651061684824,0.0007342809963780776,0.0017339284308722572,0.0015012302095696907,0.0007669492131916131,0.0002211386984300838,0.00042719975833084567,0.00042167129087009383,0.00017942389849895726,0.00030708123804723195,0.000249786211635801,0.0005035931268794203,0.0010489010536899705,0.0004980646594186684,0.0010489010536899705,0.0017530267730094008,0.0030667916768644943,0.0010071862537588405,0.0006468306929079994,0.0011328332415032078,0.00022867751769474823,0.0006639186832412339,0.0008182131841913132,0.0006407996374962685,0.0005417898111537076,0.0015298777227754062,0.0014193083735603625,0.0010795589186995969,0.0008508814010048486,0.0007383016999858959,0.0012836096267964479,0.0006619083314373213,0.0006292401146237858,0.0009519015791513204,0.0003774435511840757,0.001285619978600357,0.0016801515201176672,0.0007021153675155212,0.00194752831003768,0.001636426368382628,0.0010720200994349342,0.0007247318253095041,0.000869979743141994,0.00027541819713565105,0.000341257218713701,0.0001412272142246665,0.00012212887208752285,0.0013579926435411116,0.0010720200994349342,0.0016535143587158626,0.0010529217572977905,0.0018882229318223382,0.0011328332415032078,0.00033020028379219385,0.0003146200573118929,0.0007362913481819867,0.0010107043694156832,9.046583117594542e-05,0.0004789663172815248,0.0008141924805834949,0.0007533793385152213,0.0012569724653946415,0.0015851623973829262,0.0018193683825384263,0.0013921686242075806,0.0008966169045437986,0.0010378441187684669,0.0004875103124481403,0.0003030605344394137,0.0005739554400162675,0.0006196909435552157,0.0007046283072704058,0.001077548566895686,0.00036035556085084464,0.00048650513654618574,0.0022410396734085184,0.002147558314526711,0.0017585552404701527,0.0015203285517068343,0.0006141624760944639,0.0001447453298815092,0.00010956417331308907,0.0003528167415861802,0.0006312504664276984,0.00024224739237114004,0.0014419248313543489,0.0009061660756123704,0.0006789963217705558,0.0013102467881982525,0.000861938335926354,0.0002633560863121928,0.00024224739237114004,0.000782026851720935,0.0003794539029879883,0.0002744130212336965,0.00041212211980152375,0.0005739554400162675,0.0018575650668127136,0.0016630635297844344,0.0017012602140587217,0.0009137048948770331,0.0004176505872622756,0.0007212137096526648,0.0009956267308863596,0.0002231490502339964,0.0007217162976036404,0.000457857623340472,0.00020204035629294015,0.0007915760227895086,0.00032065111272362376,0.001338894301403968,0.0008946065527398895,0.0006277323507708557,0.0009061660756123704,0.0008106743649266522,0.0002975320669786584,0.0002668742019690355,0.0007935863745934177,0.0005473182786144594,0.0012921536219630634,0.0012358637714535887,0.001129315125846365,0.0014761008120208162,0.002359147841888223,0.002418453220103565,0.0010453829380331278,0.0010931287933759887,0.00020103518039098559,0.00023822668876331832,0.0001181081684797046,0.00017188507923429283,0.0005628985050947603,0.0010187457766313232,0.000861938335926354,0.0012705423400710333,0.0013238166628746443,0.0016841722237254872,0.0007704673288484558,0.0011710299257774951,0.0005548570978791238,0.00019098342137143648,0.00012564698774436556,0.00020204035629294015,0.000749358634907403,0.0007513689867113121,0.0007227214735055949,0.0005779761436240857,0.002204853340938142,0.001331355482139307,0.0008428399937892104,0.00011459005282286189,0.0010946365572289205,0.00035683744519400193,0.0006810066735744649,0.00031663040911580204,0.000782026851720935,0.0006503488085648421,0.0008393218781323694,0.00043674892939941923,0.002315422690153184,0.0012760708075317852,0.0015545045323733016,0.0007307628807212349,0.00028044407664542734,0.0002764233730376056,0.0001945015370282792,0.0004442877486640802,0.0006925661964469476,0.0011443927643756888,0.0011785687450421578,0.00012564698774436556,0.0005111319461440812,0.0010679993958271142,0.0010835796223074168,0.0010679993958271142,0.0003910134258604675,0.0007764983842601832,0.00041413247160543287,0.0005257069967224276,0.0006005926014180721,0.0008564098684656022,0.0010870977379642578,0.0014801215156286362,0.001228324952188926,0.0016439651876472908,0.0009252644177495141,0.0005779761436240857,0.0004749456136737065,0.0002643612622141474,0.0007935863745934177,0.0003950341294682892,0.00042167129087009383,0.0008714875069949259,0.0020314604978509156,0.0022847648251435593,0.0016459755394512,0.001022263892288166,0.0005729502641143094,0.0004025729487329502,0.0009443627598866577,0.0007448353433486057,0.00016384367201865285,0.0005814942592809284,0.0006830170253783775,0.00016384367201865285,0.001274060455727876,0.00040056259692904106,0.0008106743649266522,0.0005091215943401721,0.000499572423271602,0.000249786211635801,0.0004900232522030284,0.000507111242536263,0.00038548495839971567,0.0006111469483885967,0.00035834520904693204,0.0004060910643897929,0.0019837146425080564,0.0028612332049147114,0.002060108011056631,0.0022546095480849102,--,--,--
5,0.0007287525289173258,0.0003050708862433228,0.0007192033578487522,0.0004885154883500983,0.001388650508550738,0.0028361038073658387,0.00174699571759767,0.0004045833005368593,0.000707643834976273,0.00041011176799761115,0.00026888455377294465,0.000457857623340472,0.00036538144036061745,0.0002879828959100883,0.0004789663172815248,0.0011102167837092215,0.00021359987916542283,0.0009157152466809423,0.0016575350623236808,0.00027843372484151474,0.0011061960801014015,0.000816202832387404,0.0004442877486640802,0.0007247318253095041,0.0005628985050947603,0.0007438301674466477,0.00015077638529324006,0.00045182656792874115,0.0005035931268794203,0.0011996774389832106,0.0023842772394370975,0.0021344910278012965,0.0010549321091016996,0.0007001050157116086,0.00037191508372332385,0.0004327282257915975,0.00016032555636181015,0.00031562523321384747,0.0004292101101347548,0.0005875253146926593,0.0008428399937892104,0.0006292401146237858,0.0025521416150635703,0.0016193383780493936,0.0007131723024370248,0.000408101416193702,0.0007056334831723604,0.0005950641339573202,0.0002477758598318919,0.0012609931690024615,0.0005588778014869421,0.0017892131054797773,0.0007609181577798822,0.0016248668455101471,0.00204452778457633,0.0035286700038127863,0.000556867449683033,0.0010624709283663623,0.0021344910278012965,0.00040056259692904106,0.0003794539029879883,0.00013368839496000554,0.00035482709339008933,0.0005739554400162675,0.001134843593307117,0.0011655014583167433,0.0012705423400710333,0.0018309279054109073,0.0008639486877302632,0.0009157152466809423,0.0007116645385840913,0.000524701820820473,0.00025380691524361926,9.348135888180911e-05,0.0003950341294682892,0.0007026179554664967,0.0004885154883500983,0.002206863692742051,0.0007609181577798822,0.001274060455727876,0.0007021153675155212,0.0004694171462129547,0.0010192483645823005,0.00021259470326346827,0.0004538369197326503,0.00032215887657655734,0.0004824844329383675,0.0014097592024917907,0.0013750806338743461,0.0003643762644586629,0.0010966469090328296,0.0024375515622407085,0.0024471007333092803,0.0009076738394653023,0.0003015527705864801,0.0004709249100658848,0.0004442877486640802,0.00010705123355820093,0.0005533493340261902,0.0008810366780634977,0.0012986872653257715,0.0014419248313543489,0.0016706023490490954,0.0005608881532908512,0.0010393518826213987,0.001546965713108639,0.0009860775598177877,0.0003397494548607674,0.0004327282257915975,0.0010107043694156832,0.0006086340086337121,0.0005739554400162675,0.0009172230105338741,0.003181381729687358,0.0006196909435552157,0.001216765429316445,0.0007001050157116086,0.0008353011745245477,0.0007589078059759731,0.0006865351410352168,0.00041011176799761115,0.00014424274193053366,0.0001879678936655728,0.00022867751769474823,0.001169019573973586,0.0013579926435411116,0.0013333658339432161,0.0010644812801702715,0.0018118295632737636,0.0008051458974659004,0.0006558772760255939,0.0003261795801843756,7.890630830346274e-05,6.0310554117294635e-05,0.0006352711700355167,0.0010091966055627514,0.0005930537821534111,0.0009061660756123704,0.0008297727070637959,0.001854046951155871,0.0014132773181486334,0.000980549092357036,0.0014570024698836725,0.000998642258592225,0.0003759357873311456,0.0003196459368216692,0.0005855149628887467,0.0002367189249103882,0.000919233362337785,0.0017605655922740618,0.001327334778531487,0.003551286461606771,0.0006714575025058948,0.0017449853657937608,0.00044830845227189844,0.0005342509918890466,0.0009076738394653023,0.0004548420956346083,0.0004885154883500983,0.00023269822130256648,0.0007895656709855994,0.00045986797514438113,0.0007629285095837914,0.0012795889231886279,0.0011137348993660642,0.0009900982634256077,0.0002678793778709901,0.0006458255170060448,0.00028245442844933646,0.0009423524080827486,0.00019349636112632462,0.0006789963217705558,0.0004980646594186684,0.0012911484460611088,0.0015163078480990144,0.001436396363893597,0.0006086340086337121,0.0007212137096526648,0.0006181831797022821,0.00038548495839971567,0.0002945165392727947,0.00012011852028361372,0.0002945165392727947,0.00031864076091971463,0.0004789663172815248,0.002826554636297267,0.0020465381363802392,0.0013238166628746443,0.0011921386197185479,0.0008830470298674068,0.00034527792232151924,0.00043674892939941923,0.00020204035629294015,0.0001447453298815092,0.00033874427895881284,9.900982634256095e-05,0.0001945015370282792,0.0004176505872622756,0.0004885154883500983,0.0022470707288202493,0.0010468907018860614,0.0010795589186995969,0.0011956567353753906,0.000749358634907403,0.0008126847167305613,0.001070009747631025,0.0008086640131227431,0.000566416620751603,0.0006619083314373213,0.000861938335926354,0.0018922436354301582,0.0014152876699525425,0.0017168404405390227,0.0009880879116216969,0.0010931287933759887,0.0007478508710544694,0.0005302302882812249,0.0002115895273615137,0.00034527792232151924,0.0007800164999170259,0.0007096541867801821,0.000865959039534174,0.0024908258850443194,0.002307883870888521,0.0015695821709026253,0.0013122571400021633,0.0007212137096526648,0.0004920336040069376,0.0005644062689476939,0.0003015527705864801,0.0008126847167305613,0.0006769859699666467,0.0011212737186307251,0.0010835796223074168,0.002555659730720413,0.001739456898333009,0.00032416922838046647,0.000774488032456274,0.0005493286304183685,0.0005533493340261902,0.0004091065920956566,0.0008604305720734222,0.00045031880407581104,0.0006086340086337121,0.0012836096267964479,0.0025290225693186067,0.00025581726704753185,0.0016193383780493936,0.0015032405613735998,0.0005608881532908512,0.0009287825334063568,0.0006448203411040902,0.0012504388220319351,0.00015429450095008276,0.00028697772000813374,0.0004920336040069376,0.0011594704029050142,7.639336854857459e-05,0.0031130297683544216,0.0016786437562647354,0.0017319180790683463,0.0009689895694845532,0.0014077488506878816,8.393218781323555e-05,0.0006121521242905548,0.0005533493340261902,0.0001985222406361009,0.0007800164999170259,0.002477758598318905,0.0017585552404701527,0.0006810066735744649,0.0009307928852102659,0.0009840672080138786,0.0007131723024370248,0.0016861825755293963,0.0012569724653946415,0.00021912834662617467,0.0003890030740565584,0.00023068786949865736,0.0006101417724866422,0.00016585402382256545,0.0007669492131916131,0.0016786437562647354,0.0015831520455790171,0.0008850573816713177,0.0002633560863121928,0.00042719975833084567,0.00044830845227189844,0.00016384367201865285,0.00033170804764512743,0.00024425774417504917,0.0005548570978791238,0.0011137348993660642,0.00045031880407581104,0.0009076738394653023,0.0018138399150776727,0.003391463493195938,0.0010187457766313232,0.0007322706445741685,0.001226314600385017,0.00020907658760662556,0.0006980946639076994,0.0008905858491320695,0.0007438301674466477,0.00043674892939941923,0.0014152876699525425,0.001489670686697208,0.0010604605765624532,0.0008202235359952258,0.0008679693913380832,0.001373070282070437,0.0007372965240839413,0.0006558772760255939,0.0010147250730235032,0.0004045833005368593,0.0013981996796193098,0.0018274097897540646,0.0005056034786833294,0.0021133823338602437,0.0017545345368623327,0.001226314600385017,0.0007780061481131167,0.0009307928852102659,0.00029351136337084013,0.00035683744519400193,0.0001412272142246665,0.00013720651061684824,0.0014419248313543489,0.0011559522872481715,0.001794741572940529,0.001070009747631025,0.0019530567774984318,0.001129315125846365,0.0004045833005368593,0.00033371839944903656,0.0007362913481819867,0.0009996474344941796,9.147100707789999e-05,0.0005035931268794203,0.0008850573816713177,0.0006749756181627375,0.0013368839496000588,0.0015238466673636753,0.0020274397942430956,0.0015776235781182653,0.0009689895694845532,0.0011901282679146388,0.0005091215943401721,0.00030708123804723195,0.0005397794593497984,0.0006543695121726603,0.0007925811986914631,0.001127304774042456,0.00032416922838046647,0.0003759357873311456,0.0023898057068978493,0.002363168545496043,0.0018233890861462446,0.0017148300887351135,0.0006694471507019857,0.00011056934921504363,0.0001030305299503792,0.0003950341294682892,0.0006769859699666467,0.00028597254410617917,0.0015866701612358598,0.0009614507502198923,0.0005835046110848376,0.0014228264892172052,0.0009594403984159814,0.00025581726704753185,0.00023068786949865736,0.0007724776806523649,0.0003759357873311456,0.00025732503090046197,0.0004729352618697939,0.0006196909435552157,0.001592701216647589,0.0015776235781182653,0.0018309279054109073,0.001012714721219594,0.00041011176799761115,0.0007307628807212349,0.001130822889699297,0.00021762058277324456,0.0006865351410352168,0.0005292251123792703,0.0002231490502339964,0.0007860475553287567,0.0002744130212336965,0.0010870977379642578,0.0009880879116216969,0.0005644062689476939,0.0009348135888180859,0.0008086640131227431,0.0003146200573118929,0.0002879828959100883,0.0008051458974659004,0.0006086340086337121,0.0013645262869038197,0.0012207861329242634,0.001020253540484255,0.0014097592024917907,0.0023480909069667193,0.002761720790621173,0.0011901282679146388,0.001182589448649976,0.00017188507923429283,0.00020957917555760458,0.00012564698774436556,0.00019249118522437006,0.0006312504664276984,0.0010529217572977905,0.0006905558446430385,0.001281599274992537,0.0014228264892172052,0.0018595754186166227,0.0008428399937892104,0.001274060455727876,0.0005608881532908512,0.000208071411704671,0.00012966769135218728,0.00023068786949865736,0.0008353011745245477,0.0008488710492009395,0.0007322706445741685,0.0005342509918890466,0.002357640078035291,0.001493691390305028,0.0009096841912692132,0.00012564698774436556,0.0011499212318364423,0.0003774435511840757,0.0007011101916135631,0.00035683744519400193,0.0008564098684656022,0.0006217012953591249,0.0009096841912692132,0.00042368164267400296,0.002319443393761004,0.001278081159335696,0.001682161871921578,0.000823741651652065,0.00028044407664542734,0.00029351136337084013,0.00020204035629294015,0.00046338609080122384,0.0006865351410352168,0.0010071862537588405,0.0011785687450421578,7.99114842054173e-05,0.0005091215943401721,0.0010795589186995969,0.0011041857282974923,0.0011901282679146388,0.0003910134258604675,0.0008468606973970304,0.0004558472715365629,0.0005618933291928058,0.0005930537821534111,0.0009574300466120723,0.0010453829380331278,0.0015489760649125498,0.0012891380942571997,0.0016138099105886417,0.0009936163790824504,0.0006428099893001776,0.0004920336040069376,0.0002477758598318919,0.0009001350202006413,0.0004045833005368593,0.00042167129087009383,0.000978538740553125,0.0020827244688506174,0.0023862875912410066,0.0016329082527257854,0.0010755382150917769,0.000590540842398523,0.00043674892939941923,0.000980549092357036,0.0008247468275540196,0.0001698747274303837,0.0006277323507708557,0.000707643834976273,0.00019098342137143648,0.0013238166628746443,0.00029351136337084013,0.0007398094638388295,0.0006141624760944639,0.0005342509918890466,0.00025380691524361926,0.000566416620751603,0.0005111319461440812,0.00040056259692904106,0.0006196909435552157,0.00033371839944903656,0.0003759357873311456,0.0018766634089498573,0.0030099992384040406,0.002319443393761004,0.0025541519668674795,--,--,--
6,0.0008714875069949259,0.0003090915898511411,0.0008413322299362785,0.0005417898111537076,0.0014097592024917907,0.002727544809954706,0.00174699571759767,0.00044227739686017106,0.0007935863745934177,0.0003950341294682892,0.00031663040911580204,0.00046338609080122384,0.00036889955601746016,0.00034728827412542837,0.0005282199364773157,0.0012227964847281742,0.00022515940203790552,0.0007609181577798822,0.0015866701612358598,0.00028044407664542734,0.0012378741232574979,0.0008428399937892104,0.0005342509918890466,0.0007056334831723604,0.0007171930060448431,0.0008946065527398895,0.00016233590816572274,0.0005166604136048365,0.0005262095846734066,0.0010393518826213987,0.0027406120966801204,0.0020676468303212937,0.0011443927643756888,0.0008468606973970304,0.0004674067944090421,0.0005548570978791238,0.00018394719005775106,0.00034728827412542837,0.0004176505872622756,0.0006121521242905548,0.0008141924805834949,0.0006026029532219812,0.002571239957200714,0.0016384367201865372,0.0008106743649266522,0.000415640235458363,0.0007553896903191304,0.0006543695121726603,0.00028245442844933646,0.0013368839496000588,0.000616172827898373,0.0019892431099688083,0.0007609181577798822,0.0017128197369312027,0.0019284299679005364,0.003708093902311742,0.0006483384567609295,0.001216765429316445,0.0023782461840253667,0.00045685244743851744,0.00040056259692904106,0.00015429450095008276,0.0003930237776643801,0.0006066236568298029,0.0013102467881982525,0.0009976370826902687,0.0013027079689335915,0.0021093616302524237,0.0009478808755435005,0.0009403420562788378,0.0007267421771134167,0.0005970744857612294,0.0003030605344394137,8.393218781323555e-05,0.0004613757389973147,0.0007312654686722139,0.0004885154883500983,0.002138009143458139,0.0007704673288484558,0.001335376185747127,0.0007418198156427386,0.0005166604136048365,0.0012177706052183997,0.00024526292007700373,0.0005513389822222811,0.0003050708862433228,0.0005186707654087457,0.0015585252359811216,0.0012665216364632133,0.00032215887657655734,0.0011594704029050142,0.002620493576396505,0.0028572125013068914,0.0009519015791513204,0.0002613457345082837,0.000524701820820473,0.0005282199364773157,0.00013921686242075737,0.0006046133050258903,0.0010011551983471114,0.0014112669663447243,0.0016173280262454844,0.0014685619927561552,0.0006046133050258903,0.0010187457766313232,0.0017816742862151163,0.001138864296914937,0.00033170804764512743,0.00046338609080122384,0.0011368539451110278,0.0006769859699666467,0.0007001050157116086,0.0010167354248274123,0.0029029480048458414,0.0006543695121726603,0.0013791013374821661,0.000715182654240934,0.0010167354248274123,0.0008604305720734222,0.0007171930060448431,0.000449313628173853,0.00015831520455790102,0.0001814342503028664,0.00020606105990076187,0.0011634911065128324,0.001228324952188926,0.001428354956677957,0.0011212737186307251,0.0021249418567327247,0.0009458705237395913,0.0007574000421230395,0.00039553671741926477,7.136748903880177e-05,6.081314206827365e-05,0.0007247318253095041,0.001077548566895686,0.0006558772760255939,0.000707643834976273,0.0007955967263973268,0.0018922436354301582,0.0017243792598036854,0.0010031655501510223,0.001542945009500819,0.0011026779644445605,0.0003890030740565584,0.00036889955601746016,0.0006332608182316075,0.0002899932477139974,0.0008905858491320695,0.001636426368382628,0.001224304248581106,0.0037402595311742982,0.000673467854309804,0.0018751556450969237,0.0005342509918890466,0.0006171780038003276,0.0010413622344253096,0.000491028428104983,0.000556867449683033,0.0002115895273615137,0.0007840372035248476,0.0004292101101347548,0.0008468606973970304,0.001331355482139307,0.0012016877907871197,0.0012338534196496779,0.00034025204281174296,0.0006905558446430385,0.0003281899319882847,0.0010453829380331278,0.00020706623580271644,0.0007458405192505603,0.0005548570978791238,0.0011785687450421578,0.0014077488506878816,0.0015203285517068343,0.0007362913481819867,0.0008126847167305613,0.0006789963217705558,0.00042167129087009383,0.00033874427895881284,0.00014575050578346377,0.00028697772000813374,0.0003146200573118929,0.00046338609080122384,0.0025747580728575567,0.0019837146425080564,0.0013770909856782552,0.001232345655796746,0.000919233362337785,0.0003357287512529457,0.0004462981004679893,0.00021561023096933196,0.0001628384961166983,0.00033070287174317287,0.00010102017814647007,0.00017188507923429283,0.0004749456136737065,0.00039654189332121934,0.0021400194952620483,0.0014268471928250252,0.0011328332415032078,0.0013027079689335915,0.0007247318253095041,0.0008981246683967305,0.0011710299257774951,0.0009328032370141768,0.0006598979796334122,0.0006769859699666467,0.000782026851720935,0.001844497780087299,0.0013826194531390088,0.0017087990333233827,0.001138864296914937,0.001335376185747127,0.0009001350202006413,0.000623711647163034,0.00024425774417504917,0.0003759357873311456,0.0007915760227895086,0.0006789963217705558,0.0008031355456619912,0.0023440702033588993,0.002258127663741753,0.0016917110429901499,0.0014534843542268298,0.0008755082106027458,0.0005302302882812249,0.0006372815218394258,0.00034879603797836195,0.0009554196948081631,0.0006714575025058948,0.0011102167837092215,0.0009267721816024459,0.0022239516830752856,0.001682161871921578,0.000341257218713701,0.000865959039534174,0.0005453079268105503,0.00047695596547761565,0.00041865576316423014,0.0009539119309552296,0.0005704373243594248,0.0005895356664965684,0.0014343860120896862,0.0024757482465149958,0.00024425774417504917,0.0017640837079309045,0.0015504838287654817,0.0006121521242905548,0.0011006676126406496,0.0007131723024370248,0.0014389093036484835,0.00017540319489113554,0.0003281899319882847,0.0005206811172126548,0.001081569270503506,7.99114842054173e-05,0.003181381729687358,0.0017545345368623327,0.0019817042907041473,0.0010644812801702715,0.0017263896116075945,9.750206248962737e-05,0.0006448203411040902,0.0005814942592809284,0.0001945015370282792,0.0008011251938580821,0.0026586902606707923,0.0016288875491179654,0.0005377691075458893,0.0009137048948770331,0.0011941489715224587,0.0008468606973970304,0.0019168704450280537,0.0014037281470800616,0.000249786211635801,0.00047695596547761565,0.00025581726704753185,0.0006005926014180721,0.0001849523659597091,0.0007322706445741685,0.0017414672501369181,0.0016630635297844344,0.0009956267308863596,0.0002744130212336965,0.000457857623340472,0.0005015827750755111,0.0001829420141557965,0.00035834520904693204,0.00024425774417504917,0.0006026029532219812,0.0011026779644445605,0.0004327282257915975,0.000877518562406655,0.0018751556450969237,0.0037613682251153528,0.0011921386197185479,0.0008523891648577822,0.0014017177952761525,0.00017942389849895726,0.000764938861387704,0.0010393518826213987,0.0008966169045437986,0.0004176505872622756,0.0015620433516379626,0.001539426893843978,0.0011122271355131323,0.0008277623552598867,0.0011041857282974923,0.0015620433516379626,0.0008011251938580821,0.0007478508710544694,0.0012303353039928352,0.0004920336040069376,0.0014193083735603625,0.0020389993171155783,0.0004920336040069376,0.0022752156540749875,0.0015756132263143544,0.001443935183158258,0.0009061660756123704,0.0010755382150917769,0.00036538144036061745,0.000373925435527233,0.00015278673709714918,0.00013368839496000554,0.0016555247105197717,0.001232345655796746,0.001960595596763093,0.0011901282679146388,0.0019304403197044455,0.0011594704029050142,0.0005131422979479938,0.0003794539029879883,0.0007287525289173258,0.0010187457766313232,8.795289142105728e-05,0.000556867449683033,0.0008870677334752268,0.0005814942592809284,0.001396189327815399,0.0015142974962951035,0.00210383316279167,0.00199879228103738,0.0010393518826213987,0.0014002100314232189,0.000499572423271602,0.00031663040911580204,0.0005131422979479938,0.0006940739602998812,0.0008423374058382331,0.0012016877907871197,0.000373925435527233,0.0004674067944090421,0.0024450903815053694,0.002507913875377554,0.002006331100302043,0.00219932487347739,0.0007287525289173258,9.046583117594542e-05,0.0001085589974111345,0.0004176505872622756,0.0006448203411040902,0.0002899932477139974,0.0015067586770304425,0.0008946065527398895,0.0005533493340261902,0.0015122871444911944,0.001081569270503506,0.00026536643811610194,0.0002347085731064756,0.000806653661318834,0.0003950341294682892,0.0002744130212336965,0.0005035931268794203,0.0006448203411040902,0.0013791013374821661,0.001338894301403968,0.00185605730295978,0.0010051759019549314,0.00041212211980152375,0.0007895656709855994,0.0014002100314232189,0.00025732503090046197,0.0006282349387218313,0.0005779761436240857,0.00019651188883218831,0.0007322706445741685,0.0002708949055768538,0.001074030451238845,0.0010318130633567377,0.0006005926014180721,0.0009383317044749286,0.0008373115263284568,0.0003890030740565584,0.00031663040911580204,0.0008679693913380832,0.0006217012953591249,0.0015565148841772108,0.0011901282679146388,0.000978538740553125,0.0014801215156286362,0.0022259620348791948,0.003038646751609756,0.0013921686242075806,0.001331355482139307,0.00016585402382256545,0.00021912834662617467,0.00016384367201865285,0.00022515940203790552,0.0007116645385840913,0.0011102167837092215,0.0005262095846734066,0.0012016877907871197,0.0015409346576969098,0.002202842989134231,0.0009745180369453068,0.0014972095059618707,0.0005091215943401721,0.0002744130212336965,0.00012011852028361372,0.00022515940203790552,0.0009001350202006413,0.0008564098684656022,0.0007553896903191304,0.0004940439558108502,0.002422473923711385,0.0016459755394512,0.0010262845958959842,0.00017087990333233827,0.0013238166628746443,0.000408101416193702,0.0007503638108093576,0.000408101416193702,0.0009478808755435005,0.0007096541867801821,0.0009041557238084613,0.00044227739686017106,0.002256619899888821,0.0012072162582478733,0.0019113419775673018,0.0009519015791513204,0.0002668742019690355,0.0002764233730376056,0.0002347085731064756,0.00045182656792874115,0.0007574000421230395,0.0009689895694845532,0.0011579626390520806,7.438301674466546e-05,0.0004920336040069376,0.0010584502247585423,0.001180579096846067,0.001327334778531487,0.00041413247160543287,0.0008981246683967305,0.0005161578256538575,0.0005618933291928058,0.000616172827898373,0.0009689895694845532,0.000873497858798835,0.001592701216647589,0.0014610231734914925,0.001693721394794059,0.0011996774389832106,0.0007574000421230395,0.0005628985050947603,0.00024124221646918548,0.000948886051445455,0.0003759357873311456,0.000408101416193702,0.0009519015791513204,0.0019796939389002365,0.0024471007333092803,0.0016213487298533044,0.0011785687450421578,0.0006674367988980731,0.0004407696330072375,0.001070009747631025,0.0008609331600243995,0.0001985222406361009,0.0006845247892313076,0.0007362913481819867,0.0001563048527539919,0.0011881179161107296,0.0003111019416550502,0.0007418198156427386,0.0009041557238084613,0.0005739554400162675,0.00033170804764512743,0.0006046133050258903,0.0005206811172126548,0.00038548495839971567,0.0006749756181627375,0.0004025729487329502,0.0004312204619386674,0.0016439651876472908,0.0031205685876190842,0.0022430500252124293,0.0026988972967489904,--,--,--
7,0.0010147250730235032,0.0003146200573118929,0.0009634611020238014,0.0005950641339573202,0.001428354956677957,0.002616975460739664,0.00174699571759767,0.00048047408113445836,0.000877518562406655,0.0003794539029879883,0.0003643762644586629,0.0004674067944090421,0.000373925435527233,0.000408101416193702,0.0005779761436240857,0.0013333658339432161,0.0002367189249103882,0.0006046133050258903,0.0015142974962951035,0.00028044407664542734,0.0013695521664135943,0.0008714875069949259,0.0006217012953591249,0.0006865351410352168,0.0008714875069949259,0.0010453829380331278,0.0001733928430872264,0.0005799864954279949,0.0005493286304183685,0.0008795289142105658,0.0030974495418741206,0.00199879228103738,0.0012338534196496779,0.0009916060272785396,0.0005628985050947603,0.0006769859699666467,0.000208071411704671,0.00037844872708603025,0.0004060910643897929,0.0006372815218394258,0.0007860475553287567,0.0005759657918201766,0.0025863175957300377,0.0016555247105197717,0.0009096841912692132,0.00042368164267400296,0.0008031355456619912,0.0007116645385840913,0.00031663040911580204,0.0014132773181486334,0.0006749756181627375,0.0021897757024088183,0.0007589078059759731,0.0018022803922051918,0.0018118295632737636,0.0038870152128597183,0.0007438301674466477,0.0013695521664135943,0.002622503928200416,0.0005121371220460393,0.00042368164267400296,0.00017540319489113554,0.0004312204619386674,0.0006407996374962685,0.0014841422192364562,0.0008297727070637959,0.0013333658339432161,0.0023877953550939385,0.0010318130633567377,0.0009669792176806441,0.0007398094638388295,0.0006674367988980731,0.0003508063897822711,7.237266494075634e-05,0.0005262095846734066,0.0007599129818779277,0.0004885154883500983,0.0020711649459781364,0.0007800164999170259,0.001396189327815399,0.000782026851720935,0.0005628985050947603,0.0014162928458544988,0.0002774285489395602,0.0006468306929079994,0.00028597254410617917,0.0005533493340261902,0.0017072912694704508,0.0011579626390520806,0.00027843372484151474,0.0012207861329242634,0.0028039381785032805,0.0032693346211084134,0.0009976370826902687,0.0002211386984300838,0.0005779761436240857,0.0006101417724866422,0.0001733928430872264,0.0006543695121726603,0.0011212737186307251,0.0015218363155597662,0.00179675192474444,0.0012625009328553934,0.0006468306929079994,0.0009956267308863596,0.0020158802713706146,0.0012911484460611088,0.00032416922838046647,0.0004940439558108502,0.0012645112846593042,0.0007478508710544694,0.0008257520034559776,0.0011177556029738842,0.002628534983612145,0.0006885454928391294,0.0015409346576969098,0.0007287525289173258,0.0011956567353753906,0.0009634611020238014,0.0007478508710544694,0.0004875103124481403,0.00017188507923429283,0.0001733928430872264,0.0001829420141557965,0.0011579626390520806,0.0011026779644445605,0.0015238466673636753,0.001182589448649976,0.0024355412104367976,0.0010891080897681687,0.0008584202202695113,0.00046640161850708753,6.382866977413734e-05,6.181831797022821e-05,0.0008141924805834949,0.0011484134679835088,0.0007171930060448431,0.0005091215943401721,0.0007609181577798822,0.0019304403197044455,0.0020369889653116674,0.001028294947699895,0.0016288875491179654,0.001206211082345917,0.00040056259692904106,0.0004196609390661847,0.0006830170253783775,0.000341257218713701,0.0008639486877302632,0.0015122871444911944,0.0011212737186307251,0.003929232600741826,0.000673467854309804,0.002004823336449111,0.0006217012953591249,0.0006980946639076994,0.001175050629385315,0.0005272147605753612,0.0006257219989669466,0.00018897306956752735,0.0007780061481131167,0.00039855224512513193,0.0009267721816024459,0.0013826194531390088,0.001285619978600357,0.0014801215156286362,0.00041413247160543287,0.0007352861722800322,0.000373925435527233,0.0011499212318364423,0.00022013352252812923,0.0008126847167305613,0.0006121521242905548,0.001065989044023205,0.0012986872653257715,0.00160426073952007,0.0008639486877302632,0.0009021453720045505,0.0007398094638388295,0.00045986797514438113,0.0003814642547918974,0.00017087990333233827,0.00028044407664542734,0.0003111019416550502,0.00045031880407581104,0.0023229615094178466,0.0019223989124888055,0.001428354956677957,0.001274060455727876,0.0009554196948081631,0.0003261795801843756,0.0004538369197326503,0.00023068786949865736,0.0001814342503028664,0.00032215887657655734,0.0001030305299503792,0.00015278673709714918,0.0005302302882812249,0.0003015527705864801,0.0020349786135077583,0.0018063010958130118,0.0011881179161107296,0.0014077488506878816,0.0007001050157116086,0.0009860775598177877,0.0012720501039239652,0.0010549321091016996,0.0007553896903191304,0.0006940739602998812,0.0007021153675155212,0.001794741572940529,0.0013484434724725398,0.0017032705658626308,0.0012891380942571997,0.0015791313419711971,0.0010509114054938814,0.0007171930060448431,0.0002744130212336965,0.0004060910643897929,0.0008031355456619912,0.0006483384567609295,0.0007398094638388295,0.0021973145216734793,0.002208874044545962,0.0018138399150776727,0.001592701216647589,0.0010298027115528269,0.0005684269725555122,0.0007056334831723604,0.00039855224512513193,0.0011006676126406496,0.0006639186832412339,0.0010986572608367405,0.0007704673288484558,0.0018922436354301582,0.0016248668455101471,0.00035834520904693204,0.0009574300466120723,0.0005438001629576167,0.00040056259692904106,0.00042820493423280023,0.0010468907018860614,0.0006905558446430385,0.0005724476761633339,0.0015851623973829262,0.002418453220103565,0.00023269822130256648,0.0019113419775673018,0.00160024003591225,0.0006639186832412339,0.0012720501039239652,0.000782026851720935,0.0016278823732160108,0.00019550671293023375,0.0003699047319194147,0.0005493286304183685,0.0010051759019549314,8.393218781323555e-05,0.00324621557536345,0.0018309279054109073,0.0022294801505360375,0.0011634911065128324,0.00204452778457633,0.00011056934921504363,0.0006769859699666467,0.0006101417724866422,0.00018897306956752735,0.000823741651652065,0.0028401245109736586,0.0014972095059618707,0.0003930237776643801,0.0008966169045437986,0.0014037281470800616,0.0009820568562099678,0.0021455479627228,0.0015524941805693908,0.00028245442844933646,0.000566416620751603,0.00027843372484151474,0.0005910434303494985,0.00020204035629294015,0.0006960843121037903,0.001804290744009101,0.0017414672501369181,0.0011061960801014015,0.00028597254410617917,0.0004844947847422766,0.000556867449683033,0.00020204035629294015,0.00038699272225264925,0.00024425774417504917,0.0006503488085648421,0.0010946365572289205,0.000415640235458363,0.0008468606973970304,0.0019359687871651973,0.0041352936606425875,0.0013635211110018652,0.0009725076851413959,0.0015776235781182653,0.0001497712093912855,0.000831783058867705,0.0011881179161107296,0.0010468907018860614,0.00039654189332121934,0.0017072912694704508,0.001590690864843678,0.0011634911065128324,0.0008353011745245477,0.001342915005011788,0.0017490060694015808,0.0008639486877302632,0.0008413322299362785,0.0014459455349621689,0.0005799864954279949,0.001437904127746529,0.0022505888444770902,0.00048047408113445836,0.0024375515622407085,0.001396189327815399,0.0016595454141275917,0.0010318130633567377,0.0012187757811203542,0.00043574375349746466,0.0003890030740565584,0.00016233590816572274,0.0001316780431560964,0.0018711349414891037,0.0013082364363943434,0.0021264496205856565,0.0013082364363943434,0.0019073212739594819,0.001186610152257796,0.0006196909435552157,0.00042518940652693654,0.0007192033578487522,0.0010393518826213987,8.393218781323555e-05,0.0006101417724866422,0.0008885754973281586,0.0004900232522030284,0.0014570024698836725,0.0015032405613735998,0.0021802265313402465,0.002420463571907474,0.0011082064319053123,0.0016077788551769126,0.000491028428104983,0.0003261795801843756,0.00048650513654618574,0.0007322706445741685,0.0008925962009359786,0.001274060455727876,0.00042167129087009383,0.0005588778014869421,0.0025003750561128912,0.0026531617932100404,0.0021877653506049075,0.0026853274220725986,0.0007895656709855994,7.036231313684721e-05,0.00011459005282286189,0.0004407696330072375,0.0006121521242905548,0.00029200359951790655,0.001428354956677957,0.0008277623552598867,0.0005226914690165639,0.0016022503877161608,0.0012036981425910306,0.0002729052573807629,0.0002367189249103882,0.0008393218781323694,0.00041413247160543287,0.00029351136337084013,0.0005342509918890466,0.0006714575025058948,0.0011655014583167433,0.0010986572608367405,0.0018826944643615864,0.0009996474344941796,0.00041413247160543287,0.0008468606973970304,0.0016706023490490954,0.00029552171517474926,0.0005704373243594248,0.0006267271748689011,0.00016786437562647458,0.0006789963217705558,0.0002668742019690355,0.0010584502247585423,0.001077548566895686,0.0006352711700355167,0.0009423524080827486,0.000865959039534174,0.0004613757389973147,0.00034728827412542837,0.0009307928852102659,0.0006352711700355167,0.0017490060694015808,0.0011579626390520806,0.0009363213526710178,0.0015504838287654817,0.002101822810987761,0.0033130597728434526,0.001594711568451498,0.0014801215156286362,0.00016032555636181015,0.00022716975384181465,0.00020204035629294015,0.00025732503090046197,0.0007895656709855994,0.001169019573973586,0.00036236591265475376,0.0011252944222385451,0.0016575350623236808,0.0025461105596518412,0.0011041857282974923,0.0017203585561958654,0.000457857623340472,0.0003397494548607674,0.0001085589974111345,0.00021912834662617467,0.0009669792176806441,0.0008639486877302632,0.0007780061481131167,0.0004538369197326503,0.0024832870657796567,0.00179675192474444,0.0011443927643756888,0.00021561023096933196,0.0014972095059618707,0.00043875928120332836,0.0008001200179561241,0.0004613757389973147,0.0010393518826213987,0.0007971044902502604,0.0008981246683967305,0.00046338609080122384,0.00219530416986957,0.001134843593307117,0.0021400194952620483,0.001077548566895686,0.00025179656343971013,0.0002613457345082837,0.0002668742019690355,0.0004407696330072375,0.0008297727070637959,0.0009307928852102659,0.0011368539451110278,6.885454928391363e-05,0.0004729352618697939,0.001035833766964556,0.0012569724653946415,0.0014650438770993125,0.00043674892939941923,0.0009498912273474096,0.0005769709677221312,0.0005618933291928058,0.0006387892856923594,0.000980549092357036,0.0006980946639076994,0.001636426368382628,0.0016329082527257854,0.0017701147633426336,0.0014037281470800616,0.0008714875069949259,0.0006352711700355167,0.00023571374900843017,0.0009976370826902687,0.00034728827412542837,0.0003950341294682892,0.0009252644177495141,0.0018751556450969237,0.002507913875377554,0.0016077788551769126,0.0012795889231886279,0.0007448353433486057,0.0004442877486640802,0.0011594704029050142,0.0008981246683967305,0.00022867751769474823,0.0007418198156427386,0.000764938861387704,0.00012212887208752285,0.0010549321091016996,0.00033020028379219385,0.0007458405192505603,0.0011941489715224587,0.0006141624760944639,0.00041011176799761115,0.0006448203411040902,0.0005322406400851375,0.0003699047319194147,0.0007297577048192803,0.0004709249100658848,0.0004844947847422766,0.0014077488506878816,0.003227117233226306,0.0021666566566638547,0.0028436426266304996,--,--,--
8,0.0011559522872481715,0.00033371839944903656,0.0010720200994349342,0.000657887627829503,0.0014705723445600644,0.0025541519668674795,0.0017339284308722572,0.0005322406400851375,0.0009634611020238014,0.0003794539029879883,0.00042066611496813927,0.0004749456136737065,0.000373925435527233,0.00046539644260513297,0.0006121521242905548,0.001437904127746529,0.0002477758598318919,0.0004940439558108502,0.0014514740024229207,0.0003015527705864801,0.0014821318674325453,0.0008966169045437986,0.0007247318253095041,0.0006810066735744649,0.0009996474344941796,0.0011996774389832106,0.00019651188883218831,0.0006543695121726603,0.0005799864954279949,0.000764938861387704,0.0033170804764512726,0.0019304403197044455,0.0013102467881982525,0.0011212737186307251,0.0006558772760255939,0.0008106743649266522,0.00023370339720452105,0.000408101416193702,0.0004196609390661847,0.0006749756181627375,0.0007629285095837914,0.0005493286304183685,0.0026360738028768076,0.001682161871921578,0.0010147250730235032,0.00043674892939941923,0.0008508814010048486,0.0007860475553287567,0.00035683744519400193,0.0014916810385011189,0.0007478508710544694,0.0024450903815053694,0.0007629285095837914,0.0018691245896851946,0.0017530267730094008,0.0040438226535646875,0.0008393218781323694,0.0015183181999029235,0.0028552021495029823,0.0005684269725555122,0.0004442877486640802,0.0001945015370282792,0.0004749456136737065,0.0006885454928391294,0.0016535143587158626,0.0007171930060448431,0.0013409046532078788,0.002681809306415756,0.0011026779644445605,0.0009860775598177877,0.000749358634907403,0.0007267421771134167,0.00040056259692904106,6.885454928391363e-05,0.0005970744857612294,0.0007850423794268022,0.0004613757389973147,0.00204854848818415,0.0007704673288484558,0.0014610231734914925,0.0008222338877991349,0.0005930537821534111,0.0015916960407456344,0.00030406571034136826,0.0007307628807212349,0.00028044407664542734,0.0005875253146926593,0.001844497780087299,0.0010584502247585423,0.0002729052573807629,0.0013047183207375006,0.0029622533830611815,0.003637229001223919,0.0010468907018860614,0.00018696271776361822,0.0006352711700355167,0.0006960843121037903,0.00022867751769474823,0.0006925661964469476,0.0012378741232574979,0.001636426368382628,0.001995274165380539,0.0010946365572289205,0.0006714575025058948,0.0009840672080138786,0.00219932487347739,0.0014193083735603625,0.00033020028379219385,0.0005166604136048365,0.0013539719399332916,0.0008277623552598867,0.0009574300466120723,0.0012016877907871197,0.002368697012956795,0.0007096541867801821,0.001652006594862929,0.0007322706445741685,0.0013559822917372025,0.0010453829380331278,0.000782026851720935,0.0005161578256538575,0.00018696271776361822,0.0001764083707930901,0.00017188507923429283,0.0011539419354442606,0.0010147250730235032,0.00160024003591225,0.0012625009328553934,0.0027104568196214714,0.0011921386197185479,0.0009383317044749286,0.0005292251123792703,5.930537821534007e-05,6.382866977413734e-05,0.0009076738394653023,0.0012529517617868215,0.0007915760227895086,0.00038347460659580654,0.0007398094638388295,0.0019776835870963273,0.002321453745564913,0.0010679993958271142,0.0017243792598036854,0.0013017027930316352,0.00041413247160543287,0.0004608731510463357,0.0007322706445741685,0.0003950341294682892,0.0008639486877302632,0.0013921686242075806,0.0010071862537588405,0.0041272522534269475,0.000673467854309804,0.002151579018134531,0.0007036231313684513,0.0007780061481131167,0.0013067286725414115,0.0005628985050947603,0.0007036231313684513,0.00017942389849895726,0.0007478508710544694,0.000408101416193702,0.0010564398729546332,0.0014152876699525425,0.0013770909856782552,0.0016957317465979699,0.0004885154883500983,0.0007770009722111622,0.00042167129087009383,0.0012569724653946415,0.00024425774417504917,0.0009041557238084613,0.0006468306929079994,0.0009348135888180859,0.0012016877907871197,0.001697742098401879,0.000964968865876735,0.000978538740553125,0.0007955967263973268,0.0005035931268794203,0.00042167129087009383,0.00019249118522437006,0.00027843372484151474,0.0003090915898511411,0.00045986797514438113,0.0021324806759973874,0.0019188807968319645,0.0015107793806382625,0.0013218063110707352,0.0010071862537588405,0.0003377391030568583,0.0004694171462129547,0.0002477758598318919,0.0002115895273615137,0.0003261795801843756,0.00010705123355820093,0.00014876603348933093,0.0005759657918201766,0.0002211386984300838,0.0020028129846452,0.0021344910278012965,0.0012207861329242634,0.0015107793806382625,0.0006789963217705558,0.0010468907018860614,0.0013770909856782552,0.001184599800453887,0.0008584202202695113,0.0007322706445741685,0.000665426447094164,0.001798762276548349,0.0012760708075317852,0.0016917110429901499,0.0014132773181486334,0.0018158502668815836,0.001175050629385315,0.0007971044902502604,0.00030708123804723195,0.0004312204619386674,0.0008106743649266522,0.0006292401146237858,0.0007362913481819867,0.002161128189203103,0.0021973145216734793,0.0019761758232433955,0.0017072912694704508,0.0011655014583167433,0.0006101417724866422,0.0007780061481131167,0.0004462981004679893,0.0012529517617868215,0.000673467854309804,0.0011328332415032078,0.0006332608182316075,0.0016173280262454844,0.0015791313419711971,0.00037191508372332385,0.0010564398729546332,0.0005397794593497984,0.00034728827412542837,0.00045031880407581104,0.0011539419354442606,0.0008126847167305613,0.0005704373243594248,0.0017545345368623327,0.0023958367623095785,0.00020957917555760458,0.0020410096689194874,0.001647985891255109,0.0007267421771134167,0.0014152876699525425,0.0008604305720734222,0.001794741572940529,0.00021762058277324456,0.0004196609390661847,0.0005855149628887467,0.0009554196948081631,9.900982634256095e-05,0.0033110494210395434,0.0018806841125576755,0.002460670607985672,0.0012434025907182497,0.002331002916633485,0.00012413922389143545,0.0007227214735055949,0.0006372815218394258,0.00019098342137143648,0.0008393218781323694,0.0030517140383351706,0.0014725826963639735,0.0002729052573807629,0.0008830470298674068,0.0016057685033730035,0.0011026779644445605,0.0023405520877020566,0.0017203585561958654,0.00031663040911580204,0.0006407996374962685,0.0003111019416550502,0.0005895356664965684,0.0002231490502339964,0.000673467854309804,0.001840477076479479,0.0018138399150776727,0.001228324952188926,0.000299542418782571,0.000507111242536263,0.0006372815218394258,0.00023269822130256648,0.00041212211980152375,0.00025581726704753185,0.0007001050157116086,0.0011061960801014015,0.00039855224512513193,0.0008468606973970304,0.0019892431099688083,0.004501177688954182,0.0015585252359811216,0.0010755382150917769,0.0017565448886662418,0.0001316780431560964,0.0008830470298674068,0.001331355482139307,0.0011956567353753906,0.0003930237776643801,0.0018635961222244427,0.0016268771973140563,0.001239884475061407,0.0008468606973970304,0.0015449553613047298,0.0018691245896851946,0.0009167204225828968,0.0009137048948770331,0.0016268771973140563,0.000673467854309804,0.0014801215156286362,0.002513944930789283,0.00045986797514438113,0.002555659730720413,0.0012589828171985507,0.0018786737607537664,0.001130822889699297,0.0013504538242764506,0.0005166604136048365,0.0004196609390661847,0.00017188507923429283,0.00013519615881293912,0.002060108011056631,0.0013675418146096834,0.002264158719153482,0.0014268471928250252,0.0019148600932241445,0.0012474232943260697,0.0007227214735055949,0.0004749456136737065,0.0007116645385840913,0.001070009747631025,9.147100707789999e-05,0.0006694471507019857,0.0009096841912692132,0.00043674892939941923,0.0014801215156286362,0.0014951991541579598,0.0022470707288202493,0.002761720790621173,0.0011594704029050142,0.0017816742862151163,0.0004875103124481403,0.00034527792232151924,0.0004789663172815248,0.0007780061481131167,0.000948886051445455,0.0013579926435411116,0.0004558472715365629,0.0006066236568298029,0.0025637011379360513,0.0027788087809544077,0.002376738420172435,0.0031205685876190842,0.0008564098684656022,6.181831797022821e-05,0.00012514439979339,0.0004694171462129547,0.0005855149628887467,0.0003090915898511411,0.0013620133471489316,0.0007629285095837914,0.0004844947847422766,0.0016841722237254872,0.0012986872653257715,0.00028245442844933646,0.00024425774417504917,0.0008755082106027458,0.0004729352618697939,0.00031864076091971463,0.0005950641339573202,0.0007342809963780776,0.0009061660756123704,0.0008905858491320695,0.0019168704450280537,0.0009709999212884641,0.0004196609390661847,0.0008946065527398895,0.0019284299679005364,0.0003357287512529457,0.0005312354641831829,0.0006684419748000311,0.0001563048527539919,0.0006277323507708557,0.00027843372484151474,0.0010378441187684669,0.0010966469090328296,0.0006639186832412339,0.0009709999212884641,0.0009021453720045505,0.0005417898111537076,0.0003759357873311456,0.0010011551983471114,0.0006905558446430385,0.0019369739630671519,0.0011102167837092215,0.0008946065527398895,0.0016117995587847326,0.0019244092642927164,0.003595514201292789,0.0018022803922051918,0.00160426073952007,0.00016886955152842914,0.0002347085731064756,0.0002462680959789583,0.0002975320669786584,0.0008523891648577822,0.001239884475061407,0.0002899932477139974,0.0010489010536899705,0.0017816742862151163,0.0027979071230915514,0.0012187757811203542,0.00194752831003768,0.0004196609390661847,0.00040056259692904106,0.00011056934921504363,0.0002367189249103882,0.0010262845958959842,0.0008830470298674068,0.0007895656709855994,0.0004060910643897929,0.0025330432729264267,0.0019495386618415891,0.0012418948268653179,0.0002613457345082837,0.0016595454141275917,0.0004789663172815248,0.0008428399937892104,0.000507111242536263,0.0011328332415032078,0.0008870677334752268,0.0008810366780634977,0.0004824844329383675,0.0022470707288202493,0.0010986572608367405,0.002331002916633485,0.001180579096846067,0.00024023704056722744,0.00025179656343971013,0.0003030605344394137,0.0004462981004679893,0.0008830470298674068,0.0009172230105338741,0.0011082064319053123,6.081314206827365e-05,0.00045986797514438113,0.0010318130633567377,0.0013082364363943434,0.001592701216647589,0.000457857623340472,0.0010011551983471114,0.0006473332808589749,0.0005684269725555122,0.0006674367988980731,0.0009634611020238014,0.000499572423271602,0.0016610531779805236,0.001794741572940529,0.0018656064740283518,0.0015736028745104453,0.0009634611020238014,0.0007036231313684513,0.00023923186466527288,0.0010368389428665123,0.00033371839944903656,0.00039654189332121934,0.0009021453720045505,0.0017776535826072963,0.002555659730720413,0.0016097892069808217,0.0013504538242764506,0.0008126847167305613,0.00044830845227189844,0.0012625009328553934,0.0009433575839847032,0.000249786211635801,0.000782026851720935,0.000782026851720935,9.900982634256095e-05,0.0009498912273474096,0.00032215887657655734,0.0007322706445741685,0.001390660860354647,0.0006407996374962685,0.0004824844329383675,0.0006810066735744649,0.0005513389822222811,0.000366386616262572,0.0007840372035248476,0.0005357587557419802,0.0005166604136048365,0.001216765429316445,0.0033075313053827007,0.00209026328811528,0.0029104868241105024,--,--,--
9,0.0013067286725414115,0.0003910134258604675,0.0011921386197185479,0.0007724776806523649,0.0015409346576969098,0.002557670082524322,0.0017263896116075945,0.0005910434303494985,0.0010091966055627514,0.00038548495839971567,0.0005081164184382175,0.0005035931268794203,0.000382469430693852,0.0005226914690165639,0.0006352711700355167,0.0015524941805693908,0.0002708949055768538,0.0005644062689476939,0.0014494636506190116,0.0003930237776643801,0.001535406190236158,0.0009328032370141768,0.0009061660756123704,0.0006960843121037903,0.001081569270503506,0.001373070282070437,0.0002347085731064756,0.0007362913481819867,0.0006598979796334122,0.0007438301674466477,0.0032633035656966843,0.0019319480835573773,0.0013579926435411116,0.0012609931690024615,0.0007171930060448431,0.0010167354248274123,0.0002668742019690355,0.00043021528603670936,0.0004538369197326503,0.0007267421771134167,0.0007991148420541695,0.0005724476761633339,0.002715985287082223,0.00174699571759767,0.001134843593307117,0.0004789663172815248,0.0009157152466809423,0.0008810366780634977,0.0003930237776643801,0.0017052809176665417,0.0008373115263284568,0.002722016342493954,0.0008393218781323694,0.0019495386618415891,0.0018274097897540646,0.004181029164181536,0.0009614507502198923,0.0016268771973140563,0.0031205685876190842,0.0006312504664276984,0.0004674067944090421,0.0002115895273615137,0.0005357587557419802,0.0007398094638388295,0.0018178606186854927,0.0006749756181627375,0.0014761008120208162,0.0030517140383351706,0.001169019573973586,0.0009594403984159814,0.0007267421771134167,0.0007780061481131167,0.0004789663172815248,7.438301674466546e-05,0.0006639186832412339,0.0008001200179561241,0.00048650513654618574,0.00210785386639949,0.0008332908227206386,0.001539426893843978,0.0008468606973970304,0.0006558772760255939,0.001757550064568198,0.00034025204281174296,0.0008202235359952258,0.0002764233730376056,0.0006352711700355167,0.0019741654714394846,0.0010011551983471114,0.0003357287512529457,0.001437904127746529,0.0031411746936091597,0.0039272222489379165,0.0010679993958271142,0.00018897306956752735,0.0007021153675155212,0.0008086640131227431,0.0003030605344394137,0.000715182654240934,0.0014132773181486334,0.0017796639344112054,0.0021741954759285156,0.0010679993958271142,0.0006639186832412339,0.0009976370826902687,0.002248578492673181,0.0015680744070496935,0.0003794539029879883,0.0005357587557419802,0.0014570024698836725,0.0009287825334063568,0.0011212737186307251,0.0012685319882671225,0.0021133823338602437,0.0007724776806523649,0.0017032705658626308,0.0007458405192505603,0.0014876603348932989,0.001123284070434636,0.0008202235359952258,0.0005387742834478439,0.00020405070809685275,0.00019651188883218831,0.00018897306956752735,0.001216765429316445,0.0010870977379642578,0.0016917110429901499,0.001335376185747127,0.0028552021495029823,0.0012378741232574979,0.0010755382150917769,0.0005799864954279949,6.98597251858682e-05,6.784937338195907e-05,0.0009880879116216969,0.001386640156746827,0.000978538740553125,0.0003030605344394137,0.0007724776806523649,0.0020028129846452,0.002519473398250035,0.0011328332415032078,0.0018369589608226364,0.0013931738001095352,0.0004558472715365629,0.0004985672473696474,0.0007955967263973268,0.000457857623340472,0.0008639486877302632,0.0014077488506878816,0.0010453829380331278,0.004274510523063345,0.0007589078059759731,0.002408904049034993,0.0007875553191816903,0.0008895806732301149,0.001437904127746529,0.000590540842398523,0.0008126847167305613,0.0001985222406361009,0.0007383016999858959,0.00048047408113445836,0.0011710299257774951,0.0014208161374132961,0.0014916810385011189,0.0019073212739594819,0.0005493286304183685,0.0008041407215639458,0.0004885154883500983,0.0013981996796193098,0.0002764233730376056,0.0010031655501510223,0.0006865351410352168,0.0008830470298674068,0.0012092266100517824,0.0017776535826072963,0.001123284070434636,0.0011785687450421578,0.0008353011745245477,0.0005724476761633339,0.00045685244743851744,0.00020907658760662556,0.00028245442844933646,0.00031663040911580204,0.0005035931268794203,0.00209026328811528,0.002101822810987761,0.0016630635297844344,0.0013142674918060725,0.0010564398729546332,0.0003678943801155056,0.0004900232522030284,0.0002593353827043711,0.0002613457345082837,0.0003377391030568583,0.00012212887208752285,0.00017188507923429283,0.000665426447094164,0.0002211386984300838,0.0020676468303212937,0.0024511214369171003,0.0012514439979338897,0.0017243792598036854,0.0007036231313684513,0.0011082064319053123,0.0014725826963639735,0.001388650508550738,0.0010071862537588405,0.0007764983842601832,0.000715182654240934,0.001957077481106252,0.0012569724653946415,0.0016726127008530062,0.0014951991541579598,0.00210383316279167,0.0013333658339432161,0.0009001350202006413,0.000341257218713701,0.00043674892939941923,0.0008679693913380832,0.0007287525289173258,0.0008508814010048486,0.002260138015545662,0.0021440401988698683,0.0021209211531249047,0.00185203659935196,0.001281599274992537,0.0006749756181627375,0.0008966169045437986,0.0005166604136048365,0.0013941789760114898,0.0007267421771134167,0.0013006976171296807,0.0005950641339573202,0.0014534843542268298,0.0016097892069808217,0.00041011176799761115,0.0011368539451110278,0.0005397794593497984,0.0003498012138803165,0.0004885154883500983,0.0013258270146785552,0.0009348135888180859,0.0005950641339573202,0.0019626059485670037,0.0024415722658485284,0.00022867751769474823,0.0022812467094867166,0.001640447071990448,0.000823741651652065,0.0015067586770304425,0.0009689895694845532,0.002028444970145052,0.00024124221646918548,0.0004890180763010739,0.0006503488085648421,0.0009539119309552296,0.00012564698774436556,0.0035246493002049663,0.0019681344160277555,0.0026586902606707923,0.0012589828171985507,0.002559680434328233,0.00013921686242075737,0.0008257520034559776,0.0006789963217705558,0.000208071411704671,0.000869979743141994,0.003282401907833828,0.0015831520455790171,0.000249786211635801,0.0008870677334752268,0.001808311447616921,0.0011675118101206524,0.0025958667667986095,0.0019053109221555727,0.000366386616262572,0.0006905558446430385,0.00038548495839971567,0.0006292401146237858,0.00025380691524361926,0.0007840372035248476,0.0019776835870963273,0.00194350760642986,0.0013655314628057743,0.0003508063897822711,0.0005262095846734066,0.0007458405192505603,0.00027843372484151474,0.00042518940652693654,0.0002899932477139974,0.0007704673288484558,0.0011368539451110278,0.00039654189332121934,0.0009594403984159814,0.002111371982056333,0.00504296750010789,0.0017736328789994763,0.0011137348993660642,0.0019796939389002365,0.00015178156119519462,0.000964968865876735,0.0015047483252265317,0.0013197959592668243,0.000415640235458363,0.00210785386639949,0.0016957317465979699,0.001335376185747127,0.0008885754973281586,0.001739456898333009,0.0019053109221555727,0.0009634611020238014,0.0010091966055627514,0.001794741572940529,0.0008584202202695113,0.0015620433516379626,0.0028401245109736586,0.0005206811172126548,0.0025461105596518412,0.0012092266100517824,0.002111371982056333,0.0012303353039928352,0.0014725826963639735,0.0006282349387218313,0.0004613757389973147,0.00019651188883218831,0.00016384367201865285,0.0022470707288202493,0.0014268471928250252,0.002414935104446722,0.001535406190236158,0.00194350760642986,0.001342915005011788,0.0007971044902502604,0.000566416620751603,0.0007383016999858959,0.0011634911065128324,0.00011710299257775003,0.0007895656709855994,0.0009594403984159814,0.00045031880407581104,0.0015183181999029235,0.001588680513039769,0.0022505888444770902,0.003027087228737275,0.001169019573973586,0.0019284299679005364,0.0004940439558108502,0.0003794539029879883,0.0004885154883500983,0.0008679693913380832,0.0010096991935137287,0.001396189327815399,0.000515152649751903,0.0006312504664276984,0.0027104568196214714,0.002784839836366137,0.002607426289671092,0.0035130897773324836,0.0009267721816024459,7.438301674466546e-05,0.0001447453298815092,0.0005091215943401721,0.0006026029532219812,0.0003643762644586629,0.0013675418146096834,0.0007458405192505603,0.0004312204619386674,0.001735436194725189,0.0013655314628057743,0.00030708123804723195,0.0002899932477139974,0.0009669792176806441,0.0005644062689476939,0.0003528167415861802,0.0007021153675155212,0.0009021453720045505,0.0008468606973970304,0.0009061660756123704,0.0020178906231745238,0.0009061660756123704,0.000457857623340472,0.0009820568562099678,0.002168667008467764,0.0003814642547918974,0.0005312354641831829,0.0007026179554664967,0.00017741354669504467,0.000623711647163034,0.00031663040911580204,0.001022263892288166,0.0010835796223074168,0.0007021153675155212,0.0009916060272785396,0.0009900982634256077,0.0006257219989669466,0.0004045833005368593,0.0011137348993660642,0.0008086640131227431,0.002127454796487611,0.0010870977379642578,0.0009307928852102659,0.0017490060694015808,0.0018233890861462446,0.0038377615936639273,0.0020369889653116674,0.0017736328789994763,0.00021912834662617467,0.00024224739237114004,0.0003090915898511411,0.00035834520904693204,0.0009443627598866577,0.0013600029953450225,0.00029200359951790655,0.000980549092357036,0.0018369589608226364,0.0029009376530419306,0.0014017177952761525,0.0022335008541438574,0.0003890030740565584,0.0004613757389973147,0.00013921686242075737,0.00027843372484151474,0.0011006676126406496,0.0009287825334063568,0.0009403420562788378,0.0003678943801155056,0.0025174630464461258,0.00210785386639949,0.0012434025907182497,0.00032215887657655734,0.001804290744009101,0.0005322406400851375,0.0009539119309552296,0.0005397794593497984,0.0012665216364632133,0.0009765283887492159,0.000823741651652065,0.0005282199364773157,0.002372717716564615,0.0011484134679835088,0.002473737894711085,0.0012836096267964479,0.0002593353827043711,0.0002633560863121928,0.000366386616262572,0.00046338609080122384,0.0009745180369453068,0.001020253540484255,0.0011137348993660642,6.68441974800045e-05,0.000457857623340472,0.0011197659547777933,0.0013770909856782552,0.0017339284308722572,0.0004729352618697939,0.0010489010536899705,0.0007513689867113121,0.0006000900134670931,0.0007212137096526648,0.000978538740553125,0.00042368164267400296,0.001689700691186239,0.0019741654714394846,0.0019379791389691082,0.0018847048161654955,0.001035833766964556,0.0007915760227895086,0.0002528017393416647,0.0010463881139350841,0.00035834520904693204,0.00043473857759550663,0.0008925962009359786,0.0017816742862151163,0.0026838196582196668,0.0015811416937751063,0.0013941789760114898,0.0008629435118283086,0.00045986797514438113,0.0013941789760114898,0.000978538740553125,0.00025581726704753185,0.0007991148420541695,0.0008277623552598867,8.594253961714815e-05,0.0009443627598866577,0.0003281899319882847,0.0007036231313684513,0.0014248368410211144,0.0006714575025058948,0.0005608881532908512,0.000707643834976273,0.0005875253146926593,0.000373925435527233,0.0008956117286418441,0.0006217012953591249,0.0005397794593497984,0.0012434025907182497,0.0033150701246473634,0.002056087307448811,0.0027903683038268887,--,--,--
10,0.0014590128216875834,0.00044830845227189844,0.0013122571400021633,0.0008885754973281586,0.0016097892069808217,0.002561690786132142,0.0017183482043919545,0.0006503488085648421,0.0010529217572977905,0.0003930237776643801,0.0005960693098592748,0.0005342509918890466,0.00039000824995851294,0.0005799864954279949,0.0006598979796334122,0.0016670842333922527,0.0002975320669786584,0.0006352711700355167,0.0014474532988151007,0.0004824844329383675,0.001588680513039769,0.0009669792176806441,0.0010850873861603487,0.0007116645385840913,0.0011655014583167433,0.0015449553613047298,0.0002729052573807629,0.0008182131841913132,0.0007418198156427386,0.0007212137096526648,0.0032100292428930734,0.0019339584353612882,0.0014077488506878816,0.0014002100314232189,0.0007780061481131167,0.0012227964847281742,0.0003015527705864801,0.00045182656792874115,0.0004900232522030284,0.0007780061481131167,0.0008353011745245477,0.0005910434303494985,0.0027923786556307995,0.0018118295632737636,0.0012549621135907324,0.0005226914690165639,0.000980549092357036,0.0009745180369453068,0.00042719975833084567,0.0019188807968319645,0.0009252644177495141,0.0029984397155315597,0.0009137048948770331,0.0020294501460470064,0.0018997824546948192,0.004314214971190564,0.0010835796223074168,0.001735436194725189,0.003385432437784209,0.0006940739602998812,0.0004885154883500983,0.00022867751769474823,0.0005950641339573202,0.0007915760227895086,0.0019837146425080564,0.0006352711700355167,0.0016117995587847326,0.0034216187702545853,0.0012358637714535887,0.0009348135888180859,0.0007036231313684513,0.0008277623552598867,0.0005588778014869421,7.99114842054173e-05,0.0007307628807212349,0.000816202832387404,0.0005091215943401721,0.002168667008467764,0.0008966169045437986,0.0016173280262454844,0.0008714875069949259,0.0007192033578487522,0.0019223989124888055,0.0003759357873311456,0.0009096841912692132,0.0002729052573807629,0.0006830170253783775,0.00210383316279167,0.0009458705237395913,0.00039855224512513193,0.0015715925227065344,0.0033185882403042044,0.004217215496651914,0.0010870977379642578,0.00019249118522437006,0.0007684569770445467,0.0009212437141416941,0.0003774435511840757,0.0007362913481819867,0.001590690864843678,0.0019223989124888055,0.0023501012587706285,0.0010413622344253096,0.000657887627829503,0.001012714721219594,0.0022963243480160402,0.0017183482043919545,0.0004312204619386674,0.0005548570978791238,0.0015600329998340535,0.0010298027115528269,0.0012876303304042679,0.001335376185747127,0.0018575650668127136,0.0008373115263284568,0.0017545345368623327,0.0007589078059759731,0.0016193383780493936,0.0012036981425910306,0.0008584202202695113,0.0005618933291928058,0.0002211386984300838,0.00021661540687128653,0.000208071411704671,0.0012795889231886279,0.0011634911065128324,0.0017816742862151163,0.0014077488506878816,0.003000450067335469,0.0012836096267964479,0.0012147550775125342,0.0006292401146237858,7.99114842054173e-05,7.136748903880177e-05,0.0010679993958271142,0.0015183181999029235,0.0011655014583167433,0.0002231490502339964,0.0008051458974659004,0.0020274397942430956,0.002720005990690043,0.0011996774389832106,0.0019495386618415891,0.0014841422192364562,0.0004960543076147593,0.0005377691075458893,0.0008604305720734222,0.0005206811172126548,0.000861938335926354,0.0014228264892172052,0.0010835796223074168,0.004419255852944854,0.0008448503455931195,0.002666229079935455,0.0008714875069949259,0.0010006526103961341,0.0015680744070496935,0.0006171780038003276,0.0009212437141416941,0.00021762058277324456,0.0007287525289173258,0.0005533493340261902,0.001285619978600357,0.0014268471928250252,0.0016057685033730035,0.002117403037468062,0.0006096391845356666,0.0008307778829657504,0.0005548570978791238,0.001539426893843978,0.00031009676575309564,0.0011006676126406496,0.0007267421771134167,0.000831783058867705,0.001216765429316445,0.00185605730295978,0.0012795889231886279,0.0013811116892860752,0.0008755082106027458,0.0006428099893001776,0.0004920336040069376,0.00022415422613595096,0.00028697772000813374,0.00032416922838046647,0.0005473182786144594,0.00204854848818415,0.0022847648251435593,0.0018138399150776727,0.0013047183207375006,0.0011061960801014015,0.00040056259692904106,0.0005111319461440812,0.0002729052573807629,0.0003116045296060292,0.00034879603797836195,0.00013720651061684824,0.00019098342137143648,0.0007533793385152213,0.00021762058277324456,0.0021304703241934765,0.002769259609885836,0.001281599274992537,0.0019379791389691082,0.0007267421771134167,0.0011710299257774951,0.0015660640552457826,0.001594711568451498,0.0011579626390520806,0.0008202235359952258,0.000764938861387704,0.0021133823338602437,0.0012378741232574979,0.0016535143587158626,0.0015756132263143544,0.0023918160587017585,0.0014916810385011189,0.0010031655501510223,0.0003759357873311456,0.00044227739686017106,0.0009252644177495141,0.000823741651652065,0.000964968865876735,0.002361158193692134,0.002092273639919189,0.0022676768348103248,0.001996781929233471,0.001396189327815399,0.0007438301674466477,0.0010107043694156832,0.0005895356664965684,0.0015374165420400671,0.0007800164999170259,0.0014685619927561552,0.000556867449683033,0.0012891380942571997,0.001640447071990448,0.00044830845227189844,0.001216765429316445,0.0005397794593497984,0.0003528167415861802,0.0005257069967224276,0.0014972095059618707,0.0010584502247585423,0.0006196909435552157,0.0021706773602716747,0.0024908258850443194,0.0002477758598318919,0.002521483750053944,0.0016308979009218762,0.000919233362337785,0.0015982296841083408,0.0010755382150917769,0.002262148367349573,0.00026536643811610194,0.0005588778014869421,0.0007171930060448431,0.0009519015791513204,0.0001563048527539919,0.003738249179370389,0.002056087307448811,0.0028572125013068914,0.001274060455727876,0.0027883579520229795,0.0001563048527539919,0.0009287825334063568,0.0007227214735055949,0.00022515940203790552,0.0009021453720045505,0.0035151001291363945,0.0016917110429901499,0.00022716975384181465,0.0008885754973281586,0.002006331100302043,0.0012303353039928352,0.0028531917976990714,0.00209026328811528,0.00041413247160543287,0.0007398094638388295,0.00045986797514438113,0.0006674367988980731,0.00028396219230227004,0.0008946065527398895,0.002115392685664153,0.0020751856495859547,0.0014992198577657798,0.00040056259692904106,0.0005453079268105503,0.0008523891648577822,0.00032416922838046647,0.0004407696330072375,0.00032416922838046647,0.0008413322299362785,0.0011675118101206524,0.0003950341294682892,0.001074030451238845,0.0022355112059477666,0.005584757311261597,0.0019892431099688083,0.0011499212318364423,0.002200832637330322,0.00017188507923429283,0.0010468907018860614,0.0016766334044608245,0.0014459455349621689,0.00043875928120332836,0.002353619374427471,0.0017640837079309045,0.001430365308481868,0.0009348135888180859,0.0019339584353612882,0.0019399894907730173,0.0010107043694156832,0.0011041857282974923,0.0019626059485670037,0.0010413622344253096,0.001640447071990448,0.0031683144429619434,0.0005814942592809284,0.002535053624730336,0.0011559522872481715,0.00234608055516281,0.0013293451303353961,0.001594711568451498,0.0007398094638388295,0.0005056034786833294,0.0002211386984300838,0.0001945015370282792,0.0024335308586328885,0.0014841422192364562,0.0025637011379360513,0.0016424574237943572,0.0019721551196355755,0.0014343860120896862,0.0008714875069949259,0.0006558772760255939,0.0007669492131916131,0.0012569724653946415,0.00014424274193053366,0.0009116945430731223,0.0010091966055627514,0.0004613757389973147,0.0015585252359811216,0.0016841722237254872,0.002252599196281001,0.0032919510789024,0.0011770609811892242,0.0020751856495859547,0.0004985672473696474,0.000415640235458363,0.0004980646594186684,0.0009554196948081631,0.0010720200994349342,0.001432375660285777,0.0005759657918201766,0.000657887627829503,0.0028572125013068914,0.0027903683038268887,0.0028361038073658387,0.003906113554996862,0.0009956267308863596,8.694771551910271e-05,0.00016484884792060742,0.0005473182786144594,0.0006181831797022821,0.0004196609390661847,0.0013715625182175034,0.0007307628807212349,0.0003774435511840757,0.0017872027536758681,0.001430365308481868,0.00033371839944903656,0.0003357287512529457,0.0010564398729546332,0.000657887627829503,0.00038699272225264925,0.0008106743649266522,0.001070009747631025,0.0007875553191816903,0.0009212437141416941,0.002117403037468062,0.0008428399937892104,0.0004940439558108502,0.0010679993958271142,0.002410914400838902,0.00042719975833084567,0.0005312354641831829,0.0007362913481819867,0.0001985222406361009,0.0006196909435552157,0.0003528167415861802,0.0010051759019549314,0.0010720200994349342,0.0007418198156427386,0.001012714721219594,0.001077548566895686,0.0007096541867801821,0.0004312204619386674,0.001226314600385017,0.0009267721816024459,0.0023184382178590493,0.0010644812801702715,0.000964968865876735,0.001886212580018429,0.0017223689079997745,0.004080008986035066,0.0022716975384181447,0.0019414972546259492,0.00026888455377294465,0.000249786211635801,0.00037191508372332385,0.00042167129087009383,0.001035833766964556,0.0014801215156286362,0.00029200359951790655,0.0009116945430731223,0.0018922436354301582,0.0030059785347962224,0.0015851623973829262,0.002519473398250035,0.00036035556085084464,0.0005226914690165639,0.00016786437562647458,0.00032215887657655734,0.001175050629385315,0.0009745180369453068,0.0010911184415720778,0.00033170804764512743,0.0024988672922599594,0.0022676768348103248,0.0012474232943260697,0.00038347460659580654,0.0019495386618415891,0.0005875253146926593,0.0010644812801702715,0.0005704373243594248,0.0014002100314232189,0.001065989044023205,0.0007669492131916131,0.0005739554400162675,0.0024988672922599594,0.0011996774389832106,0.002616975460739664,0.001384629804942918,0.0002764233730376056,0.0002744130212336965,0.0004292101101347548,0.00048047408113445836,0.001065989044023205,0.0011212737186307251,0.0011197659547777933,7.237266494075634e-05,0.0004538369197326503,0.0012092266100517824,0.001443935183158258,0.0018751556450969237,0.00048650513654618574,0.0010966469090328296,0.0008564098684656022,0.0006302452905257439,0.0007764983842601832,0.0009936163790824504,0.00034728827412542837,0.0017183482043919545,0.002155097133791372,0.0020143725075176828,0.0021973145216734793,0.0011102167837092215,0.0008795289142105658,0.00026536643811610194,0.0010564398729546332,0.00038347460659580654,0.0004729352618697939,0.0008810366780634977,0.0017851924018719573,0.0028134873495718523,0.0015504838287654817,0.001437904127746529,0.0009137048948770331,0.0004709249100658848,0.0015258570191675862,0.001012714721219594,0.0002613457345082837,0.0008141924805834949,0.000873497858798835,7.237266494075634e-05,0.0009383317044749286,0.00033371839944903656,0.0006749756181627375,0.0014590128216875834,0.0007021153675155212,0.0006407996374962685,0.0007362913481819867,0.0006217012953591249,0.00038347460659580654,0.0010081914296607968,0.0007056334831723604,0.0005628985050947603,0.0012665216364632133,0.0033185882403042044,0.0020219113267823437,0.002672260135347184,--,--,--
11,0.0015087690288343517,0.0004694171462129547,0.001335376185747127,0.0009725076851413959,0.0016268771973140563,0.0024797689501228157,0.001647985891255109,0.000673467854309804,0.0010318130633567377,0.0003930237776643801,0.0006267271748689011,0.0005417898111537076,0.0003910134258604675,0.0006046133050258903,0.0006558772760255939,0.0016726127008530062,0.00032416922838046647,0.0006769859699666467,0.0014745930481678843,0.0005588778014869421,0.0015585252359811216,0.0009554196948081631,0.0011539419354442606,0.0007096541867801821,0.0011464031161795996,0.001594711568451498,0.0002879828959100883,0.0008564098684656022,0.000774488032456274,0.0007322706445741685,0.003084382255148706,0.0018847048161654955,0.0014228264892172052,0.0014208161374132961,0.0008051458974659004,0.001281599274992537,0.00031864076091971463,0.00047193008596783936,0.0005091215943401721,0.0007915760227895086,0.0008413322299362785,0.0005990848375651385,0.002761720790621173,0.0017912234572836881,0.001285619978600357,0.0005644062689476939,0.0010051759019549314,0.0010187457766313232,0.00044830845227189844,0.0019495386618415891,0.0009574300466120723,0.0031069987129426924,0.0009348135888180859,0.0020731752977820456,0.0018902332836262473,0.00429913733266124,0.0011484134679835088,0.0017374465465290981,0.003444737815999549,0.0007116645385840913,0.0004885154883500983,0.000249786211635801,0.0006523591603687512,0.0008086640131227431,0.0020294501460470064,0.0006046133050258903,0.0016595454141275917,0.0036241617144985045,0.001216765429316445,0.0008925962009359786,0.0006885454928391294,0.0008604305720734222,0.0005875253146926593,8.946065527399086e-05,0.0007629285095837914,0.0008096691890246976,0.0005357587557419802,0.0021837446469970875,0.0008946065527398895,0.0016746230526569154,0.000869979743141994,0.0007362913481819867,0.0019806991148021928,0.00039553671741926477,0.0009403420562788378,0.0002729052573807629,0.0006980946639076994,0.0021229315049288155,0.0008946065527398895,0.00045182656792874115,0.0016117995587847326,0.0033492461053138307,0.004266971703798682,0.001081569270503506,0.00020606105990076187,0.000823741651652065,0.0009976370826902687,0.0004312204619386674,0.0007267421771134167,0.0016630635297844344,0.0019495386618415891,0.0024375515622407085,0.0010604605765624532,0.0006483384567609295,0.0010167354248274123,0.0022505888444770902,0.0017374465465290981,0.0004749456136737065,0.0005438001629576167,0.0015660640552457826,0.0010850873861603487,0.001335376185747127,0.001335376185747127,0.0016746230526569154,0.000861938335926354,0.0017299077272644372,0.0007438301674466477,0.001634416016578719,0.0012474232943260697,0.0008508814010048486,0.0005628985050947603,0.00022415422613595096,0.00022214387433204183,0.0002231490502339964,0.0012931587978650197,0.001228324952188926,0.0018309279054109073,0.0014534843542268298,0.0029602430312572724,0.0012760708075317852,0.0012971795014728397,0.0006588928037314576,8.594253961714815e-05,7.237266494075634e-05,0.0010850873861603487,0.0015660640552457826,0.0012474232943260697,0.0001733928430872264,0.000782026851720935,0.002000802632841291,0.002725534458150795,0.0012303353039928352,0.0019857249943119673,0.0015183181999029235,0.0005262095846734066,0.0005493286304183685,0.0008925962009359786,0.0005453079268105503,0.0008925962009359786,0.001390660860354647,0.0010986572608367405,0.004369499645798086,0.0009212437141416941,0.002773280313493656,0.0008885754973281586,0.0010413622344253096,0.0016193383780493936,0.0006247168230649885,0.0009443627598866577,0.00023068786949865736,0.0007247318253095041,0.0005930537821534111,0.0013122571400021633,0.0014172980217564534,0.0016248668455101471,0.002206863692742051,0.0006292401146237858,0.0008222338877991349,0.0006026029532219812,0.0016097892069808217,0.00031562523321384747,0.001129315125846365,0.0007021153675155212,0.0007935863745934177,0.0011710299257774951,0.00189375139928309,0.0014077488506878816,0.0014665516409522444,0.0008966169045437986,0.000673467854309804,0.0005091215943401721,0.00023571374900843017,0.00029351136337084013,0.0003146200573118929,0.000566416620751603,0.001995274165380539,0.002355629726231382,0.0018882229318223382,0.0012625009328553934,0.0011102167837092215,0.00042167129087009383,0.0005166604136048365,0.0002764233730376056,0.0003508063897822711,0.00035683744519400193,0.00014876603348933093,0.00021359987916542283,0.0007875553191816903,0.00022867751769474823,0.0021837446469970875,0.0028476633302383196,0.001281599274992537,0.0020254294424391864,0.0007438301674466477,0.0011785687450421578,0.0015851623973829262,0.0017223689079997745,0.001224304248581106,0.0008182131841913132,0.0007915760227895086,0.0021284599723895674,0.001239884475061407,0.0016308979009218762,0.0015585252359811216,0.0024893181211913876,0.001546965713108639,0.001020253540484255,0.00038699272225264925,0.0004442877486640802,0.0009383317044749286,0.0008850573816713177,0.001020253540484255,0.002359147841888223,0.0020430200207233983,0.002294313996212131,0.0020465381363802392,0.0014152876699525425,0.0007362913481819867,0.0010298027115528269,0.0006005926014180721,0.0015982296841083408,0.0008277623552598867,0.0014992198577657798,0.0005533493340261902,0.0012207861329242634,0.0016329082527257854,0.00045986797514438113,0.0012474232943260697,0.0005377691075458893,0.0003442727464195647,0.0005533493340261902,0.0015504838287654817,0.0010946365572289205,0.0006312504664276984,0.002264158719153482,0.0024717275429071758,0.0002633560863121928,0.0026013952342593613,0.0015545045323733016,0.0009634611020238014,0.0016153176744415753,0.0011197659547777933,0.002307883870888521,0.00028345960435129103,0.0005970744857612294,0.000774488032456274,0.0009287825334063568,0.0001829420141557965,0.0037764458636446764,0.0020294501460470064,0.0029104868241105024,0.001232345655796746,0.002834093455561928,0.0001698747274303837,0.0009916060272785396,0.0007513689867113121,0.0002347085731064756,0.0008885754973281586,0.0035402295266852672,0.0017374465465290981,0.00021912834662617467,0.0008885754973281586,0.002052066603840993,0.0012072162582478733,0.0029049583566497506,0.0021932938180656593,0.0004613757389973147,0.0007322706445741685,0.000499572423271602,0.0006769859699666467,0.0003126097055079838,0.0009554196948081631,0.002206863692742051,0.0020676468303212937,0.0015756132263143544,0.00042368164267400296,0.0005608881532908512,0.0009061660756123704,0.00036236591265475376,0.00044830845227189844,0.0003377391030568583,0.0008413322299362785,0.0011594704029050142,0.00039855224512513193,0.0010931287933759887,0.002248578492673181,0.0057375440483587465,0.0020867451724584374,0.001138864296914937,0.0022294801505360375,0.00017942389849895726,0.0010624709283663623,0.0017299077272644372,0.0015047483252265317,0.0004312204619386674,0.002399354877966421,0.0017243792598036854,0.0014554947060307407,0.0009001350202006413,0.0019857249943119673,0.0018711349414891037,0.0009926112031804941,0.0011675118101206524,0.001955067129302341,0.001134843593307117,0.001636426368382628,0.0032331482886380353,0.0006277323507708557,0.0024757482465149958,0.0011403720607678688,0.002363168545496043,0.0013484434724725398,0.001652006594862929,0.0008056484854168759,0.000515152649751903,0.0002477758598318919,0.00021561023096933196,0.002466199075446424,0.0014725826963639735,0.0026436126221414686,0.0016499962430590199,0.0019761758232433955,0.0014534843542268298,0.0008850573816713177,0.0006845247892313076,0.0007724776806523649,0.0012931587978650197,0.00017087990333233827,0.0009287825334063568,0.0010393518826213987,0.0004749456136737065,0.001542945009500819,0.0017128197369312027,0.0022355112059477666,0.0032994898981670608,0.0011675118101206524,0.0021344910278012965,0.0004985672473696474,0.00044830845227189844,0.0004980646594186684,0.0009956267308863596,0.0010755382150917769,0.001428354956677957,0.0005835046110848376,0.0006769859699666467,0.0028134873495718523,0.0027064361160136514,0.002880331547051855,0.003999594913878671,0.0010011551983471114,0.00010202535404842464,0.00017741354669504467,0.0005548570978791238,0.0006428099893001776,0.00045986797514438113,0.001342915005011788,0.000673467854309804,0.0003432675705176101,0.0017736328789994763,0.0014208161374132961,0.0003508063897822711,0.00037191508372332385,0.0010755382150917769,0.000764938861387704,0.00038347460659580654,0.0008604305720734222,0.0010986572608367405,0.0007684569770445467,0.0009001350202006413,0.0021304703241934765,0.0007895656709855994,0.0005206811172126548,0.0010946365572289205,0.0024832870657796567,0.00045182656792874115,0.0005523441581242357,0.000733275820476123,0.00022867751769474823,0.0006005926014180721,0.0003910134258604675,0.0009880879116216969,0.0011026779644445605,0.0007383016999858959,0.0010187457766313232,0.0011157452511699733,0.0007398094638388295,0.00043875928120332836,0.0012705423400710333,0.0009976370826902687,0.0023782461840253667,0.0010338234151606469,0.0009634611020238014,0.00194350760642986,0.0015831520455790171,0.004068449463162583,0.002372717716564615,0.001991253461772719,0.0003090915898511411,0.0002593353827043711,0.00042368164267400296,0.00045986797514438113,0.0010549321091016996,0.001542945009500819,0.0003126097055079838,0.000861938335926354,0.0018691245896851946,0.002967781850521935,0.0016595454141275917,0.002603405586063272,0.00034527792232151924,0.0005438001629576167,0.00019249118522437006,0.000366386616262572,0.0011956567353753906,0.0009669792176806441,0.0011881179161107296,0.00031663040911580204,0.0024335308586328885,0.002317433041957093,0.0011976670871793015,0.00040508588848783833,0.0019530567774984318,0.000623711647163034,0.0010931287933759887,0.000566416620751603,0.0014002100314232189,0.0011102167837092215,0.0007192033578487522,0.0005895356664965684,0.0025174630464461258,0.0012720501039239652,0.0025787787764653767,0.0014132773181486334,0.0002899932477139974,0.0002879828959100883,0.0004729352618697939,0.0004980646594186684,0.0010911184415720778,0.0011710299257774951,0.0011519315836403515,8.795289142105728e-05,0.0004749456136737065,0.001239884475061407,0.001489670686697208,0.0019188807968319645,0.00048650513654618574,0.001127304774042456,0.0009212437141416941,0.0006302452905257439,0.0008141924805834949,0.0009725076851413959,0.00028597254410617917,0.0017319180790683463,0.0022239516830752856,0.00204452778457633,0.0022963243480160402,0.0011464031161795996,0.0009212437141416941,0.0002678793778709901,0.0010604605765624532,0.00039855224512513193,0.0004900232522030284,0.0008795289142105658,0.0017625759440779726,0.0028059485303071896,0.0015278673709714953,0.001432375660285777,0.0009277773575044022,0.0004885154883500983,0.0015660640552457826,0.0010096991935137287,0.0002613457345082837,0.0008086640131227431,0.000869979743141994,7.237266494075634e-05,0.0009157152466809423,0.00034879603797836195,0.000623711647163034,0.0014665516409522444,0.0006980946639076994,0.0006885454928391294,0.0007267421771134167,0.0006312504664276984,0.0003910134258604675,0.0010443777621311733,0.0007589078059759731,0.000556867449683033,0.0012971795014728397,0.0032617958018437507,0.0018922436354301582,0.002507913875377554,--,--,--
12,0.0015067586770304425,0.0004749456136737065,0.0013082364363943434,0.0010393518826213987,0.0016173280262454844,0.002351609022623562,0.001542945009500819,0.0006810066735744649,0.000978538740553125,0.0003890030740565584,0.0006282349387218313,0.0005417898111537076,0.0003890030740565584,0.0006101417724866422,0.0006387892856923594,0.0016268771973140563,0.00035482709339008933,0.0007056334831723604,0.0015122871444911944,0.0006277323507708557,0.001485649983089388,0.0009212437141416941,0.0011675118101206524,0.0006980946639076994,0.0010755382150917769,0.0015811416937751063,0.00029200359951790655,0.000873497858798835,0.0007800164999170259,0.0007574000421230395,0.002922046346982985,0.001808311447616921,0.0014208161374132961,0.0013791013374821661,0.0008141924805834949,0.0012685319882671225,0.0003291951078902393,0.0004900232522030284,0.0005186707654087457,0.0007895656709855994,0.000831783058867705,0.0005990848375651385,0.002670249783543275,0.0017278973754605263,0.0012720501039239652,0.0006101417724866422,0.0010107043694156832,0.0010378441187684669,0.00045986797514438113,0.001886212580018429,0.0009614507502198923,0.003131625522540588,0.0009252644177495141,0.002099812459183852,0.00183846672467557,0.004203645621975522,0.0011901282679146388,0.0016861825755293963,0.00340101266426451,0.0007056334831723604,0.00048047408113445836,0.0002729052573807629,0.0007096541867801821,0.000806653661318834,0.0020143725075176828,0.0005799864954279949,0.0016630635297844344,0.00374578799863505,0.0011539419354442606,0.0008448503455931195,0.0006789963217705558,0.0008795289142105658,0.0005910434303494985,9.900982634256095e-05,0.0007764983842601832,0.0007915760227895086,0.0005644062689476939,0.0021762058277324265,0.0008584202202695113,0.0017223689079997745,0.0008543995166616913,0.0007322706445741685,0.001984719818410011,0.000408101416193702,0.0009383317044749286,0.0002744130212336965,0.0006960843121037903,0.0020887555242623465,0.0008468606973970304,0.000499572423271602,0.00160426073952007,0.0033055209535787916,0.00419409645090695,0.0010604605765624532,0.00022515940203790552,0.0008755082106027458,0.0010509114054938814,0.0004709249100658848,0.0006980946639076994,0.0016841722237254872,0.0019188807968319645,0.0024757482465149958,0.0010986572608367405,0.0006372815218394258,0.0010167354248274123,0.002157107485595283,0.001693721394794059,0.0005166604136048365,0.0005166604136048365,0.0015258570191675862,0.0011197659547777933,0.001327334778531487,0.0013047183207375006,0.0015298777227754062,0.000865959039534174,0.0016670842333922527,0.0007116645385840913,0.001590690864843678,0.001274060455727876,0.0008202235359952258,0.0005533493340261902,0.00022013352252812923,0.00021912834662617467,0.00024023704056722744,0.001281599274992537,0.0012931587978650197,0.0018615857704205319,0.0014876603348932989,0.002828564988101176,0.0012418948268653179,0.0013524641760803598,0.0006769859699666467,8.845547937203282e-05,7.237266494075634e-05,0.001070009747631025,0.0015715925227065344,0.0012795889231886279,0.00013921686242075737,0.0007322706445741685,0.00194752831003768,0.0026360738028768076,0.0012418948268653179,0.0019857249943119673,0.0015238466673636753,0.0005533493340261902,0.0005473182786144594,0.0009116945430731223,0.0005513389822222811,0.0009403420562788378,0.001335376185747127,0.0010986572608367405,0.004219225848455823,0.0009956267308863596,0.0028019278266993713,0.0008714875069949259,0.0010463881139350841,0.0016288875491179654,0.0006217012953591249,0.000923254065945605,0.00024224739237114004,0.0007267421771134167,0.000616172827898373,0.0012971795014728397,0.0014002100314232189,0.0015982296841083408,0.0022355112059477666,0.0006277323507708557,0.0007971044902502604,0.0006372815218394258,0.0016459755394512,0.0003080864139491865,0.001123284070434636,0.0006468306929079994,0.0007629285095837914,0.0010986572608367405,0.0019093316257633927,0.0015218363155597662,0.001493691390305028,0.0009076738394653023,0.0006865351410352168,0.0005176655895067911,0.00024526292007700373,0.0003025579464884347,0.0002975320669786584,0.0005759657918201766,0.0019414972546259492,0.002368697012956795,0.0019223989124888055,0.0012016877907871197,0.0010891080897681687,0.00043674892939941923,0.0005131422979479938,0.00027843372484151474,0.0003844797824977611,0.0003613607367527992,0.00016032555636181015,0.0002367189249103882,0.0007935863745934177,0.0002477758598318919,0.0022294801505360375,0.0028039381785032805,0.0012645112846593042,0.002054076955644902,0.0007553896903191304,0.0011614807547089233,0.0015660640552457826,0.0018138399150776727,0.0012474232943260697,0.0007915760227895086,0.0008086640131227431,0.0020711649459781364,0.0012529517617868215,0.00160426073952007,0.0014916810385011189,0.0024893181211913876,0.0015504838287654817,0.0009916060272785396,0.0003890030740565584,0.0004407696330072375,0.0009287825334063568,0.000923254065945605,0.0010433725862292187,0.002307883870888521,0.001995274165380539,0.002264158719153482,0.0020465381363802392,0.001384629804942918,0.0006940739602998812,0.0009956267308863596,0.0005835046110848376,0.0016193383780493936,0.0008755082106027458,0.0014570024698836725,0.0005684269725555122,0.0011976670871793015,0.0016022503877161608,0.0004538369197326503,0.0012549621135907324,0.0005377691075458893,0.00033070287174317287,0.0005739554400162675,0.001546965713108639,0.0010891080897681687,0.0006387892856923594,0.0022983346998199494,0.002422473923711385,0.00027843372484151474,0.0025998874704064295,0.0014419248313543489,0.0009820568562099678,0.001594711568451498,0.001130822889699297,0.0022611431914476184,0.0002975320669786584,0.0006196909435552157,0.0008277623552598867,0.0008925962009359786,0.00020204035629294015,0.0037271922444488854,0.0019414972546259492,0.0028878703663165178,0.0011594704029050142,0.0027883579520229795,0.0001814342503028664,0.0010318130633567377,0.000774488032456274,0.00024023704056722744,0.0008523891648577822,0.0034618258063327835,0.0017490060694015808,0.00021762058277324456,0.0008885754973281586,0.0020219113267823437,0.0011403720607678688,0.0028572125013068914,0.0022546095480849102,0.000507111242536263,0.0006940739602998812,0.000524701820820473,0.000673467854309804,0.0003377391030568583,0.0009900982634256077,0.0022752156540749875,0.001991253461772719,0.0016213487298533044,0.0004327282257915975,0.0005759657918201766,0.0009328032370141768,0.0003890030740565584,0.0004538369197326503,0.0003397494548607674,0.0008031355456619912,0.0011368539451110278,0.0004045833005368593,0.0010624709283663623,0.002206863692742051,0.005695326660476639,0.0021229315049288155,0.0011026779644445605,0.002159117837399192,0.0001814342503028664,0.0010453829380331278,0.0017243792598036854,0.001531385486628338,0.0004060910643897929,0.00234608055516281,0.0016288875491179654,0.0014459455349621689,0.0008277623552598867,0.001964616300370913,0.00175101642120549,0.0009433575839847032,0.0012132473136596024,0.0018615857704205319,0.001184599800453887,0.0015866701612358598,0.0031683144429619434,0.0006639186832412339,0.0023898057068978493,0.0011484134679835088,0.0022716975384181447,0.0013293451303353961,0.0016746230526569154,0.0008468606973970304,0.000507111242536263,0.0002729052573807629,0.0002367189249103882,0.002418453220103565,0.0014268471928250252,0.0026893481256804186,0.0016057685033730035,0.0019681344160277555,0.001430365308481868,0.000865959039534174,0.0006830170253783775,0.0007669492131916131,0.0012986872653257715,0.00019651188883218831,0.0008966169045437986,0.0010604605765624532,0.0004885154883500983,0.0015032405613735998,0.0017108093851272935,0.002206863692742051,0.003177863614030515,0.0011484134679835088,0.002151579018134531,0.0004940439558108502,0.00047695596547761565,0.0004900232522030284,0.001012714721219594,0.001051916581395836,0.0014037281470800616,0.0005644062689476939,0.0006925661964469476,0.002674270487151095,0.0025787787764653767,0.002826554636297267,0.00394229988746724,0.0009725076851413959,0.0001181081684797046,0.00018595754186166366,0.0005473182786144594,0.0006714575025058948,0.0004920336040069376,0.0012951691496689288,0.0005970744857612294,0.00032065111272362376,0.0017263896116075945,0.001373070282070437,0.000366386616262572,0.0004025729487329502,0.0010584502247585423,0.0008795289142105658,0.00036035556085084464,0.0008795289142105658,0.0010584502247585423,0.0007684569770445467,0.0008584202202695113,0.002101822810987761,0.0007418198156427386,0.0005417898111537076,0.0010891080897681687,0.0024717275429071758,0.00046539644260513297,0.0005845097869867921,0.0007131723024370248,0.0002633560863121928,0.0005724476761633339,0.0004292101101347548,0.0009709999212884641,0.0011559522872481715,0.0007116645385840913,0.0010167354248274123,0.0011328332415032078,0.0007418198156427386,0.00043674892939941923,0.001281599274992537,0.0010468907018860614,0.0023737228924665694,0.0009996474344941796,0.0009403420562788378,0.001959087832910161,0.001428354956677957,0.003929232600741826,0.0024053859333781503,0.0019796939389002365,0.0003432675705176101,0.00026888455377294465,0.0004694171462129547,0.0004844947847422766,0.001035833766964556,0.0015756132263143544,0.0003432675705176101,0.0008277623552598867,0.0018063010958130118,0.0028572125013068914,0.0016786437562647354,0.0025863175957300377,0.0003377391030568583,0.0005453079268105503,0.00021762058277324456,0.00041011176799761115,0.0011921386197185479,0.0009348135888180859,0.0012589828171985507,0.0003126097055079838,0.0023385417358981475,0.002311904574496341,0.001123284070434636,0.000408101416193702,0.001886212580018429,0.0006483384567609295,0.0010805640946015514,0.0005438001629576167,0.0013333658339432161,0.0011328332415032078,0.0006769859699666467,0.0005895356664965684,0.0024852974175835676,0.0013559822917372025,0.0024511214369171003,0.0014077488506878816,0.0002975320669786584,0.0003030605344394137,0.0005056034786833294,0.000515152649751903,0.0010795589186995969,0.0011956567353753906,0.0011976670871793015,0.00010705123355820093,0.0005056034786833294,0.0012434025907182497,0.0015258570191675862,0.0019128497414202337,0.0004789663172815248,0.0011499212318364423,0.0009669792176806441,0.0006151676519964185,0.0008448503455931195,0.0009363213526710178,0.00024023704056722744,0.001739456898333009,0.0022390293216046093,0.002056087307448811,0.0022887855287513775,0.0011614807547089233,0.0009403420562788378,0.00026536643811610194,0.0010624709283663623,0.00041011176799761115,0.0004940439558108502,0.0008830470298674068,0.0017278973754605263,0.002729555161758615,0.0015067586770304425,0.0014017177952761525,0.0009222488900436504,0.0005091215943401721,0.0015600329998340535,0.0009870827357197423,0.0002593353827043711,0.0007915760227895086,0.0008428399937892104,7.840372035248372e-05,0.0008870677334752268,0.0003678943801155056,0.0005588778014869421,0.0014610231734914925,0.0006810066735744649,0.0007227214735055949,0.0007021153675155212,0.0006292401146237858,0.00039855224512513193,0.0010433725862292187,0.0007971044902502604,0.0005357587557419802,0.001335376185747127,0.003173842910422695,0.0017168404405390227,0.002319443393761004,--,--,--
13,0.0015122871444911944,0.0004789663172815248,0.0012911484460611088,0.0011061960801014015,0.0016077788551769126,0.0022335008541438574,0.0014399144795504398,0.0007021153675155212,0.0009252644177495141,0.00038548495839971567,0.0006282349387218313,0.0005377691075458893,0.0003844797824977611,0.0006181831797022821,0.0006277323507708557,0.0015851623973829262,0.0003890030740565584,0.0007418198156427386,0.001546965713108639,0.0007021153675155212,0.001428354956677957,0.0008870677334752268,0.001186610152257796,0.0006865351410352168,0.0010091966055627514,0.0015791313419711971,0.00029200359951790655,0.0008925962009359786,0.0007875553191816903,0.0007840372035248476,0.002780819132758317,0.001739456898333009,0.0014228264892172052,0.0013559822917372025,0.0008222338877991349,0.0012589828171985507,0.00034025204281174296,0.0005081164184382175,0.0005282199364773157,0.0007895656709855994,0.0008297727070637959,0.0005990848375651385,0.0025938564149947003,0.0016670842333922527,0.0012705423400710333,0.0006543695121726603,0.0010187457766313232,0.0010564398729546332,0.0004729352618697939,0.001844497780087299,0.000964968865876735,0.0031587652718933715,0.0009172230105338741,0.0021284599723895674,0.001794741572940529,0.004100615092025141,0.001239884475061407,0.0016424574237943572,0.0033628159799902226,0.0007021153675155212,0.0004694171462129547,0.00029552171517474926,0.0007669492131916131,0.0008011251938580821,0.002000802632841291,0.0005548570978791238,0.0016766334044608245,0.0038950566200753583,0.0010966469090328296,0.0007971044902502604,0.000665426447094164,0.0009041557238084613,0.0005970744857612294,0.00010705123355820093,0.0007955967263973268,0.0007770009722111622,0.0005855149628887467,0.0021802265313402465,0.0008297727070637959,0.0017681044115387245,0.0008373115263284568,0.0007307628807212349,0.0020073362762039974,0.00042066611496813927,0.0009423524080827486,0.0002764233730376056,0.0006960843121037903,0.0020616157749095646,0.0007991148420541695,0.0005493286304183685,0.0016022503877161608,0.003282401907833828,0.004161930822044392,0.0010433725862292187,0.00024224739237114004,0.000923254065945605,0.0011082064319053123,0.0005091215943401721,0.0006749756181627375,0.0017072912694704508,0.001895761751087001,0.0025290225693186067,0.0011328332415032078,0.0006292401146237858,0.0010167354248274123,0.0020731752977820456,0.0016801515201176672,0.0005548570978791238,0.0004920336040069376,0.0014876603348932989,0.0011579626390520806,0.0013258270146785552,0.0012795889231886279,0.0013811116892860752,0.0008755082106027458,0.0016117995587847326,0.0006830170253783775,0.0015545045323733016,0.0013027079689335915,0.0007915760227895086,0.0005427949870556621,0.00021661540687128653,0.00021912834662617467,0.00025732503090046197,0.0012795889231886279,0.0013539719399332916,0.0018997824546948192,0.0015183181999029235,0.0027084464678175622,0.0012092266100517824,0.0014112669663447243,0.0007011101916135631,9.147100707789999e-05,7.237266494075634e-05,0.0010529217572977905,0.0015776235781182653,0.0013162778436099833,0.0001050408817542918,0.0006865351410352168,0.00189375139928309,0.002557670082524322,0.0012549621135907324,0.001991253461772719,0.0015288725468734499,0.0005814942592809284,0.0005523441581242357,0.0009328032370141768,0.0005608881532908512,0.0009840672080138786,0.0013006976171296807,0.0010986572608367405,0.0040855374534958175,0.0010679993958271142,0.0028361038073658387,0.000865959039534174,0.001053926933199745,0.0016439651876472908,0.0006186857676532612,0.0009061660756123704,0.000249786211635801,0.0007227214735055949,0.0006428099893001776,0.001285619978600357,0.0013811116892860752,0.0015715925227065344,0.0022676768348103248,0.0006267271748689011,0.0007734828565543195,0.000673467854309804,0.0016881929273333072,0.00030054759468452555,0.001123284070434636,0.0005970744857612294,0.0007342809963780776,0.0010298027115528269,0.0019264196160966255,0.0016384367201865372,0.0015333958384322471,0.0009212437141416941,0.0007001050157116086,0.0005282199364773157,0.0002548120911455738,0.0003116045296060292,0.00028245442844933646,0.0005875253146926593,0.0018847048161654955,0.0023918160587017585,0.0019530567774984318,0.0011484134679835088,0.0010720200994349342,0.0004558472715365629,0.0005111319461440812,0.00028044407664542734,0.0004176505872622756,0.0003678943801155056,0.00016786437562647458,0.0002593353827043711,0.0008086640131227431,0.0002633560863121928,0.0022812467094867166,0.0027828294845622277,0.0012418948268653179,0.0020942839917230983,0.0007669492131916131,0.0011499212318364423,0.0015489760649125498,0.0019053109221555727,0.001278081159335696,0.000774488032456274,0.0008222338877991349,0.00204854848818415,0.0012494336461299788,0.0015791313419711971,0.001430365308481868,0.002507913875377554,0.0015524941805693908,0.0009709999212884641,0.0003890030740565584,0.00043674892939941923,0.0009287825334063568,0.0009614507502198923,0.001070009747631025,0.002264158719153482,0.00194350760642986,0.0022375215577516774,0.002056087307448811,0.0013655314628057743,0.0006558772760255939,0.0009689895694845532,0.0005724476761633339,0.0016459755394512,0.000919233362337785,0.0014228264892172052,0.0005875253146926593,0.0011594704029050142,0.0015715925227065344,0.0004558472715365629,0.0012665216364632133,0.0005357587557419802,0.0003146200573118929,0.0005960693098592748,0.0015374165420400671,0.0010911184415720778,0.0006428099893001776,0.0023405520877020566,0.002368697012956795,0.00028597254410617917,0.002603405586063272,0.001342915005011788,0.0010107043694156832,0.0015811416937751063,0.0011464031161795996,0.00222495685897724,0.0003146200573118929,0.0006428099893001776,0.0008830470298674068,0.0008604305720734222,0.00022515940203790552,0.0036889955601745964,0.0018691245896851946,0.002868772024179374,0.0010911184415720778,0.0027541819713565122,0.00019249118522437006,0.0010795589186995969,0.0007991148420541695,0.00024425774417504917,0.0008182131841913132,0.0034025204281174417,0.0017701147633426336,0.00021762058277324456,0.0008885754973281586,0.002010351803909863,0.0010870977379642578,0.002826554636297267,0.002319443393761004,0.000556867449683033,0.0006619083314373213,0.0005513389822222811,0.0006694471507019857,0.0003643762644586629,0.0010298027115528269,0.002355629726231382,0.0019223989124888055,0.0016746230526569154,0.00044227739686017106,0.0005910434303494985,0.0009614507502198923,0.000415640235458363,0.0004613757389973147,0.000341257218713701,0.0007629285095837914,0.0011137348993660642,0.000415640235458363,0.0010468907018860614,0.0021782161795363356,0.005683767137604158,0.002163138541007012,0.0010720200994349342,0.002099812459183852,0.00018394719005775106,0.0010318130633567377,0.0017183482043919545,0.0015600329998340535,0.00038347460659580654,0.002303863167280703,0.001542945009500819,0.001443935183158258,0.0007704673288484558,0.001964616300370913,0.0016424574237943572,0.0009011401961025959,0.0012645112846593042,0.0017816742862151163,0.001239884475061407,0.0015374165420400671,0.003128107406883745,0.000707643834976273,0.0022928062323591975,0.0011519315836403515,0.002202842989134231,0.0013162778436099833,0.001689700691186239,0.0008905858491320695,0.0004980646594186684,0.000299542418782571,0.00025581726704753185,0.0023877953550939385,0.0013826194531390088,0.002735083629219367,0.0015565148841772108,0.001957077481106252,0.0014193083735603625,0.0008543995166616913,0.0006789963217705558,0.000764938861387704,0.0013027079689335915,0.00022214387433204183,0.000869979743141994,0.001081569270503506,0.0005035931268794203,0.0014705723445600644,0.0017012602140587217,0.0021837446469970875,0.003087900370805549,0.001129315125846365,0.0021666566566638547,0.00048650513654618574,0.0005015827750755111,0.00048047408113445836,0.0010318130633567377,0.0010393518826213987,0.0013826194531390088,0.0005513389822222811,0.0007096541867801821,0.0025461105596518412,0.002462178371838604,0.0027923786556307995,0.003912144610408593,0.0009443627598866577,0.00013519615881293912,0.0001945015370282792,0.0005397794593497984,0.0007021153675155212,0.0005262095846734066,0.0012685319882671225,0.0005131422979479938,0.0002975320669786584,0.001697742098401879,0.0013258270146785552,0.0003794539029879883,0.0004327282257915975,0.0010453829380331278,0.0009709999212884641,0.0003397494548607674,0.0009041557238084613,0.0010338234151606469,0.0007724776806523649,0.0008031355456619912,0.0020867451724584374,0.0007021153675155212,0.000556867449683033,0.001077548566895686,0.002477758598318905,0.00048047408113445836,0.0006181831797022821,0.0006970894880057449,0.00029552171517474926,0.0005417898111537076,0.0004709249100658848,0.0009539119309552296,0.0012112369618556915,0.0006845247892313076,0.0010051759019549314,0.0011499212318364423,0.000749358634907403,0.00043473857759550663,0.0012951691496689288,0.0010966469090328296,0.002372717716564615,0.0009765283887492159,0.0009172230105338741,0.0019932638135766283,0.0012795889231886279,0.003807103728654301,0.0024430800297014603,0.0019817042907041473,0.0003794539029879883,0.0002764233730376056,0.000515152649751903,0.0005091215943401721,0.001020253540484255,0.0016057685033730035,0.0003699047319194147,0.0007971044902502604,0.00174699571759767,0.0027677518460329023,0.001697742098401879,0.0025787787764653767,0.00033020028379219385,0.0005533493340261902,0.00024023704056722744,0.0004558472715365629,0.0011881179161107296,0.0009061660756123704,0.001335376185747127,0.0003111019416550502,0.0022505888444770902,0.0023289925648295757,0.0010509114054938814,0.0004091065920956566,0.0018274097897540646,0.0006749756181627375,0.0010690045717290687,0.0005206811172126548,0.0012760708075317852,0.0011579626390520806,0.0006312504664276984,0.0005895356664965684,0.002464188723642513,0.0014399144795504398,0.0023365313840942384,0.0014097592024917907,0.00030708123804723195,0.00031663040911580204,0.0005397794593497984,0.0005322406400851375,0.001077548566895686,0.001226314600385017,0.0012358637714535887,0.00012765733954827815,0.0005397794593497984,0.0012494336461299788,0.0015600329998340535,0.0019128497414202337,0.0004709249100658848,0.001175050629385315,0.0010117095453176378,0.0006015977773200266,0.0008830470298674068,0.0009061660756123704,0.0001945015370282792,0.0017545345368623327,0.0022792363576828057,0.002060108011056631,0.002311904574496341,0.001180579096846067,0.0009669792176806441,0.00026235091041023825,0.0010669942199251596,0.000415640235458363,0.0005035931268794203,0.0008870677334752268,0.0016992498622548109,0.0026893481256804186,0.001489670686697208,0.0013811116892860752,0.0009222488900436504,0.0005282199364773157,0.0015600329998340535,0.0009634611020238014,0.0002593353827043711,0.0007724776806523649,0.0008141924805834949,8.393218781323555e-05,0.000865959039534174,0.0003890030740565584,0.0005111319461440812,0.0014685619927561552,0.000665426447094164,0.0007589078059759731,0.0006789963217705558,0.0006312504664276984,0.0004045833005368593,0.001047895877788016,0.0008393218781323694,0.0005166604136048365,0.001373070282070437,0.0030974495418741206,0.0015600329998340535,0.002142029847065959,--,--,--
14,0.0015298777227754062,0.0004824844329383675,0.0013197959592668243,0.0011519315836403515,0.0016610531779805236,0.0022279723866831056,0.0014112669663447243,0.0007478508710544694,0.0009328032370141768,0.00038548495839971567,0.0006407996374962685,0.0005438001629576167,0.00041011176799761115,0.0006332608182316075,0.0006674367988980731,0.0015736028745104453,0.0004462981004679893,0.0007589078059759731,0.0016022503877161608,0.0007116645385840913,0.0014228264892172052,0.000877518562406655,0.0012303353039928352,0.0007096541867801821,0.0009976370826902687,0.0015866701612358598,0.0003111019416550502,0.0009383317044749286,0.0008031355456619912,0.0008428399937892104,0.002769259609885836,0.0017299077272644372,0.0014951991541579598,0.0013791013374821661,0.0008523891648577822,0.0012685319882671225,0.0003643762644586629,0.0005377691075458893,0.0005684269725555122,0.0008222338877991349,0.0008508814010048486,0.0006181831797022821,0.0025787787764653767,0.0016233590816572135,0.0012836096267964479,0.0007021153675155212,0.0010468907018860614,0.0010966469090328296,0.0005091215943401721,0.0018691245896851946,0.0009880879116216969,0.0032175680621577343,0.0009403420562788378,0.002099812459183852,0.0018671142378812854,0.0040970969763682984,0.0013047183207375006,0.0016308979009218762,0.003288432963245557,0.000707643834976273,0.00048047408113445836,0.00032416922838046647,0.0008393218781323694,0.0008222338877991349,0.0020465381363802392,0.0005377691075458893,0.0016801515201176672,0.004009144084947243,0.0010986572608367405,0.0008031355456619912,0.0006960843121037903,0.0009423524080827486,0.0006026029532219812,0.00011459005282286189,0.0008277623552598867,0.0007991148420541695,0.0006046133050258903,0.002212392160202803,0.0008202235359952258,0.0018193683825384263,0.0008543995166616913,0.0007212137096526648,0.0020792063531937747,0.0004312204619386674,0.0009745180369453068,0.00028245442844933646,0.0007036231313684513,0.0020983046953309183,0.0008182131841913132,0.0005814942592809284,0.0016957317465979699,0.0034120695991860135,0.0042438526580537185,0.001077548566895686,0.0002668742019690355,0.000980549092357036,0.0011443927643756888,0.0005417898111537076,0.0007096541867801821,0.0017203585561958654,0.0019093316257633927,0.002624514280004325,0.0011559522872481715,0.0006619083314373213,0.0010509114054938814,0.0020887555242623465,0.0017203585561958654,0.0005799864954279949,0.0004940439558108502,0.0014534843542268298,0.0011956567353753906,0.0013238166628746443,0.0012971795014728397,0.0013921686242075806,0.0009021453720045505,0.0016610531779805236,0.0006749756181627375,0.001531385486628338,0.0013539719399332916,0.0008051458974659004,0.0005503338063203266,0.00022616457793986008,0.00021561023096933196,0.0002668742019690355,0.0013238166628746443,0.0014268471928250252,0.0019837146425080564,0.0015298777227754062,0.0027044257642097422,0.0012036981425910306,0.0014705723445600644,0.0007639336854857494,0.00010403570585233723,8.493736371519359e-05,0.0010453829380331278,0.0015585252359811216,0.0013695521664135943,0.00010102017814647007,0.0005895356664965684,0.0019495386618415891,0.002559680434328233,0.001278081159335696,0.0020294501460470064,0.0015409346576969098,0.0006181831797022821,0.0005628985050947603,0.0009554196948081631,0.0005875253146926593,0.0010720200994349342,0.0013409046532078788,0.0011634911065128324,0.004034273482496116,0.001169019573973586,0.0028612332049147114,0.0008870677334752268,0.0010911184415720778,0.0016726127008530062,0.0006332608182316075,0.000923254065945605,0.0002593353827043711,0.0007574000421230395,0.0007096541867801821,0.0013504538242764506,0.0014002100314232189,0.0015791313419711971,0.002359147841888223,0.0006292401146237858,0.0007704673288484558,0.0006905558446430385,0.00174699571759767,0.0003080864139491865,0.0011614807547089233,0.0005759657918201766,0.0007513689867113121,0.0009689895694845532,0.0020389993171155783,0.0017278973754605263,0.0016213487298533044,0.0009498912273474096,0.0007171930060448431,0.0005443027509085957,0.0002744130212336965,0.0003291951078902393,0.00028044407664542734,0.000623711647163034,0.0019264196160966255,0.0024280023911721366,0.0020199009749784346,0.001180579096846067,0.0010870977379642578,0.0004980646594186684,0.0005322406400851375,0.0003030605344394137,0.00044830845227189844,0.00039855224512513193,0.0001733928430872264,0.0002708949055768538,0.0008257520034559776,0.0002899932477139974,0.002305873519084612,0.0027828294845622277,0.0012549621135907324,0.0021440401988698683,0.0007780061481131167,0.0011614807547089233,0.0015565148841772108,0.002008341452105952,0.0013218063110707352,0.0007955967263973268,0.0008373115263284568,0.0020294501460470064,0.0012971795014728397,0.0015831520455790171,0.0014399144795504398,0.0025365613885832694,0.0015640537034418735,0.000980549092357036,0.0004045833005368593,0.00044227739686017106,0.0009745180369453068,0.0010338234151606469,0.0011197659547777933,0.0022832570612906257,0.0020430200207233983,0.0022887855287513775,0.0021440401988698683,0.0013484434724725398,0.0006448203411040902,0.0009383317044749286,0.0005724476761633339,0.0016726127008530062,0.0009669792176806441,0.001437904127746529,0.0006257219989669466,0.0011594704029050142,0.0015831520455790171,0.0004709249100658848,0.001281599274992537,0.0005377691075458893,0.0003126097055079838,0.0006026029532219812,0.001546965713108639,0.0010986572608367405,0.0006619083314373213,0.0023501012587706285,0.002410914400838902,0.0002668742019690355,0.0026873377738765077,0.0013504538242764506,0.0010584502247585423,0.00160024003591225,0.001169019573973586,0.0022194283915164884,0.0003442727464195647,0.000665426447094164,0.0009840672080138786,0.0009076738394653023,0.0002477758598318919,0.0037729277479878337,0.0020219113267823437,0.0028531917976990714,0.0010679993958271142,0.0027370939810232777,0.00020405070809685275,0.001180579096846067,0.0008353011745245477,0.0002633560863121928,0.0008141924805834949,0.0034140799509899244,0.0017892131054797773,0.0002367189249103882,0.0009172230105338741,0.0021133823338602437,0.0011082064319053123,0.002834093455561928,0.0024335308586328885,0.0006217012953591249,0.0006543695121726603,0.0005895356664965684,0.0006905558446430385,0.00039654189332121934,0.001028294947699895,0.002368697012956795,0.0019284299679005364,0.001743477601940829,0.0004709249100658848,0.0006181831797022821,0.0010051759019549314,0.00044227739686017106,0.0004749456136737065,0.00034728827412542837,0.0007840372035248476,0.0011559522872481715,0.00044830845227189844,0.0010679993958271142,0.002214402512006714,0.0056802490219473156,0.0022335008541438574,0.0011026779644445605,0.00210383316279167,0.0001945015370282792,0.0010147250730235032,0.001739456898333009,0.0016057685033730035,0.00038548495839971567,0.002200832637330322,0.001592701216647589,0.0014610231734914925,0.0007629285095837914,0.0019701447678316646,0.0016384367201865372,0.0009202385382397395,0.0013082364363943434,0.0017243792598036854,0.0013122571400021633,0.0015545045323733016,0.0031069987129426924,0.0007609181577798822,0.002315422690153184,0.0011901282679146388,0.002202842989134231,0.0013293451303353961,0.0017721251151465445,0.0009594403984159814,0.0005186707654087457,0.00034728827412542837,0.00028044407664542734,0.0023973445261625103,0.0013695521664135943,0.002834093455561928,0.0015791313419711971,0.0019319480835573773,0.0014077488506878816,0.0008543995166616913,0.0006940739602998812,0.0007724776806523649,0.0013504538242764506,0.0002347085731064756,0.0008755082106027458,0.0011499212318364423,0.0004980646594186684,0.0014972095059618707,0.0017223689079997745,0.0022847648251435593,0.003130117758687656,0.001134843593307117,0.002218423215614534,0.0005015827750755111,0.0005302302882812249,0.00048650513654618574,0.001024274244092075,0.001053926933199745,0.0014208161374132961,0.0005533493340261902,0.0007307628807212349,0.0024797689501228157,0.0024450903815053694,0.0027923786556307995,0.003904103203192953,0.0009765283887492159,0.00016585402382256545,0.00021762058277324456,0.0005397794593497984,0.0007513689867113121,0.0005739554400162675,0.0013102467881982525,0.0004940439558108502,0.0002899932477139974,0.0017319180790683463,0.0013197959592668243,0.0004025729487329502,0.0004694171462129547,0.0010549321091016996,0.0009860775598177877,0.00035482709339008933,0.0009328032370141768,0.001065989044023205,0.0008755082106027458,0.0007609181577798822,0.002105843514595581,0.0007307628807212349,0.0005628985050947603,0.0011122271355131323,0.0025461105596518412,0.0005056034786833294,0.0006483384567609295,0.0007171930060448431,0.0003377391030568583,0.0005206811172126548,0.0004694171462129547,0.000980549092357036,0.0013142674918060725,0.0007247318253095041,0.001028294947699895,0.0011710299257774951,0.0007860475553287567,0.0004462981004679893,0.0012911484460611088,0.0011539419354442606,0.0023747280683685257,0.0009956267308863596,0.0008584202202695113,0.0021209211531249047,0.0012609931690024615,0.0037442802347821182,0.002507913875377554,0.0019837146425080564,0.00039654189332121934,0.00029351136337084013,0.0005724476761633339,0.0005397794593497984,0.0010413622344253096,0.0016630635297844344,0.00038548495839971567,0.0008277623552598867,0.0017872027536758681,0.0028134873495718523,0.0017108093851272935,0.0025637011379360513,0.0003377391030568583,0.0005473182786144594,0.00025380691524361926,0.0004960543076147593,0.0011770609811892242,0.0009328032370141768,0.0013635211110018652,0.0003015527705864801,0.00230034505162386,0.0023842772394370975,0.0010378441187684669,0.0003859875463506947,0.0018289175536069981,0.0006905558446430385,0.0010720200994349342,0.0005186707654087457,0.001274060455727876,0.0011956567353753906,0.0006332608182316075,0.0005875253146926593,0.0024586602561817612,0.0015504838287654817,0.002273707890222054,0.0014208161374132961,0.00032215887657655734,0.00032215887657655734,0.0005739554400162675,0.0005342509918890466,0.0011006676126406496,0.0012891380942571997,0.0013197959592668243,0.00016032555636181015,0.0005548570978791238,0.0012625009328553934,0.0016766334044608245,0.0019399894907730173,0.0004940439558108502,0.0012072162582478733,0.0010177406007293686,0.000623711647163034,0.0009614507502198923,0.0009328032370141768,0.0001945015370282792,0.00189375139928309,0.0023707073647607057,0.0020676468303212937,0.002357640078035291,0.0012418948268653179,0.001022263892288166,0.0002744130212336965,0.0011061960801014015,0.00042368164267400296,0.0005322406400851375,0.0009041557238084613,0.0017108093851272935,0.002784839836366137,0.0015238466673636753,0.001436396363893597,0.0009554196948081631,0.0005644062689476939,0.001542945009500819,0.0009755232128472614,0.00025732503090046197,0.0007780061481131167,0.0008086640131227431,9.549171068571824e-05,0.0008981246683967305,0.00039855224512513193,0.0005091215943401721,0.0015524941805693908,0.0006810066735744649,0.000816202832387404,0.0006905558446430385,0.0006639186832412339,0.000408101416193702,0.001063476104268317,0.0008830470298674068,0.0005302302882812249,0.001437904127746529,0.003135646226148408,0.0015067586770304425,0.0021440401988698683,--,--,--
15,0.0015600329998340535,0.0004940439558108502,0.0013655314628057743,0.0012112369618556915,0.001735436194725189,0.0022279723866831056,0.001388650508550738,0.0008106743649266522,0.0009519015791513204,0.0003890030740565584,0.000657887627829503,0.0005548570978791238,0.0004377541053013738,0.0006503488085648421,0.0007171930060448431,0.0015756132263143544,0.000499572423271602,0.0007800164999170259,0.0016650738815883435,0.0007212137096526648,0.0014228264892172052,0.0008714875069949259,0.0012876303304042679,0.0007383016999858959,0.0009996474344941796,0.0016022503877161608,0.0003357287512529457,0.0009916060272785396,0.000823741651652065,0.0009116945430731223,0.002784839836366137,0.0017339284308722572,0.0015811416937751063,0.0014193083735603625,0.0008925962009359786,0.0012876303304042679,0.00039201860176242206,0.0005704373243594248,0.0006121521242905548,0.000861938335926354,0.0008810366780634977,0.0006372815218394258,0.0025903382993378576,0.001592701216647589,0.0013047183207375006,0.0007574000421230395,0.0010795589186995969,0.0011499212318364423,0.0005453079268105503,0.0019073212739594819,0.001024274244092075,0.0033075313053827007,0.0009689895694845532,0.0020771960013898656,0.0019530567774984318,0.0041312729570347675,0.0013695521664135943,0.001636426368382628,0.003225106881422397,0.0007202085337507068,0.0004960543076147593,0.0003528167415861802,0.000919233362337785,0.0008523891648577822,0.002111371982056333,0.000524701820820473,0.001689700691186239,0.004150371299171911,0.0011041857282974923,0.0008141924805834949,0.0007322706445741685,0.0009860775598177877,0.0006101417724866422,0.00012413922389143545,0.0008639486877302632,0.0008287675311618413,0.0006257219989669466,0.002264158719153482,0.0008126847167305613,0.0018766634089498573,0.0008850573816713177,0.0007131723024370248,0.0021636411289579893,0.00044177480890919205,0.0010071862537588405,0.00028396219230227004,0.0007192033578487522,0.00215358936993844,0.0008428399937892104,0.0006121521242905548,0.0018178606186854927,0.0035744055073517345,0.004359950474729514,0.0011212737186307251,0.00029200359951790655,0.0010378441187684669,0.001186610152257796,0.0005814942592809284,0.000749358634907403,0.0017449853657937608,0.0019319480835573773,0.002739104332827187,0.001186610152257796,0.0007001050157116086,0.0010911184415720778,0.00210785386639949,0.0017756432308033854,0.0006066236568298029,0.000499572423271602,0.001428354956677957,0.0012494336461299788,0.0013293451303353961,0.0013238166628746443,0.0014193083735603625,0.0009348135888180859,0.0017278973754605263,0.000665426447094164,0.0015258570191675862,0.0014132773181486334,0.0008257520034559776,0.0005608881532908512,0.00023923186466527288,0.0002115895273615137,0.00027843372484151474,0.0013770909856782552,0.0014992198577657798,0.00209026328811528,0.0015640537034418735,0.002725534458150795,0.0012147550775125342,0.0015333958384322471,0.000831783058867705,0.00011710299257775003,9.750206248962737e-05,0.0010509114054938814,0.0015600329998340535,0.0014268471928250252,9.750206248962737e-05,0.000499572423271602,0.0020369889653116674,0.0025787787764653767,0.0013102467881982525,0.0020731752977820456,0.0015640537034418735,0.0006558772760255939,0.000574960615918222,0.0009840672080138786,0.000623711647163034,0.0011634911065128324,0.0013941789760114898,0.0012474232943260697,0.004011154436751152,0.001285619978600357,0.0029009376530419306,0.0009212437141416941,0.001130822889699297,0.0017108093851272935,0.0006473332808589749,0.0009443627598866577,0.0002708949055768538,0.0008011251938580821,0.000782026851720935,0.0014343860120896862,0.0014399144795504398,0.001594711568451498,0.0024717275429071758,0.0006387892856923594,0.0007724776806523649,0.0007116645385840913,0.0018138399150776727,0.0003196459368216692,0.0012092266100517824,0.0005548570978791238,0.0007704673288484558,0.0009172230105338741,0.0021666566566638547,0.0018274097897540646,0.0017203585561958654,0.0009860775598177877,0.0007398094638388295,0.0005634010930457393,0.0002945165392727947,0.0003508063897822711,0.00028044407664542734,0.000665426447094164,0.0019837146425080564,0.0024908258850443194,0.002101822810987761,0.001226314600385017,0.0011157452511699733,0.0005377691075458893,0.0005588778014869421,0.00033170804764512743,0.0004789663172815248,0.00043222563784062196,0.0001814342503028664,0.00028245442844933646,0.0008508814010048486,0.00032065111272362376,0.002331002916633485,0.0028039381785032805,0.0012720501039239652,0.002202842989134231,0.0007935863745934177,0.0011785687450421578,0.0015736028745104453,0.0021324806759973874,0.001373070282070437,0.0008257520034559776,0.0008604305720734222,0.0020143725075176828,0.0013600029953450225,0.001592701216647589,0.0014554947060307407,0.002571239957200714,0.0015831520455790171,0.0009936163790824504,0.00042368164267400296,0.00045182656792874115,0.001028294947699895,0.0011212737186307251,0.0011901282679146388,0.0023289925648295757,0.0021741954759285156,0.0023707073647607057,0.0022470707288202493,0.001331355482139307,0.0006332608182316075,0.0009157152466809423,0.0005779761436240857,0.0017183482043919545,0.001022263892288166,0.0014650438770993125,0.0006830170253783775,0.001175050629385315,0.0016248668455101471,0.0004960543076147593,0.0013238166628746443,0.0005417898111537076,0.0003126097055079838,0.0006131573001925093,0.0015640537034418735,0.0011157452511699733,0.0006865351410352168,0.0023747280683685257,0.002468209427250333,0.0002477758598318919,0.002780819132758317,0.0013675418146096834,0.0011102167837092215,0.0016268771973140563,0.0011996774389832106,0.002222946507173331,0.000374930611429191,0.0006935713723489022,0.0010911184415720778,0.0009574300466120723,0.00027843372484151474,0.0038794763935950573,0.0021973145216734793,0.0028496736820422305,0.0010564398729546332,0.0027406120966801204,0.00021762058277324456,0.001285619978600357,0.000877518562406655,0.00028396219230227004,0.000816202832387404,0.0034578051027249635,0.0018138399150776727,0.00025380691524361926,0.0009519015791513204,0.0022430500252124293,0.0011423824125717796,0.0028496736820422305,0.002565208901788985,0.0006865351410352168,0.0006503488085648421,0.0006292401146237858,0.0007192033578487522,0.0004292101101347548,0.0010338234151606469,0.0023898057068978493,0.001955067129302341,0.0018233890861462446,0.0004980646594186684,0.0006483384567609295,0.0010529217572977905,0.0004694171462129547,0.0004900232522030284,0.0003528167415861802,0.0008086640131227431,0.0012052059064439624,0.00048047408113445836,0.0011026779644445605,0.002264158719153482,0.005714425002613783,0.002315422690153184,0.0011464031161795996,0.0021304703241934765,0.00020606105990076187,0.0010051759019549314,0.0017660940597348136,0.0016630635297844344,0.0003930237776643801,0.002099812459183852,0.0016575350623236808,0.001489670686697208,0.0007589078059759731,0.0019932638135766283,0.001647985891255109,0.0009508964032493659,0.0013620133471489316,0.0016841722237254872,0.001390660860354647,0.0015866701612358598,0.0031034805972858497,0.0008182131841913132,0.002361158193692134,0.001239884475061407,0.0022199309794674656,0.0013504538242764506,0.0018731452932930145,0.001035833766964556,0.0005438001629576167,0.0003950341294682892,0.0003090915898511411,0.0024320230947799566,0.0013635211110018652,0.002969792202325844,0.0016213487298533044,0.0019128497414202337,0.0014077488506878816,0.0008604305720734222,0.0007212137096526648,0.0007840372035248476,0.0014057384988839707,0.0002477758598318919,0.0008850573816713177,0.001228324952188926,0.0004980646594186684,0.0015374165420400671,0.0017545345368623327,0.002408904049034993,0.003194951604363748,0.0011484134679835088,0.0022867751769474684,0.0005186707654087457,0.0005588778014869421,0.0004940439558108502,0.001022263892288166,0.001077548566895686,0.0014745930481678843,0.0005608881532908512,0.0007609181577798822,0.0024450903815053694,0.0024491110851131894,0.002821026168836515,0.003919683429673254,0.001012714721219594,0.00019651188883218831,0.0002432525682730946,0.0005453079268105503,0.0008106743649266522,0.0006257219989669466,0.0013579926435411116,0.0004789663172815248,0.00028597254410617917,0.0017776535826072963,0.001331355482139307,0.00042518940652693654,0.0005111319461440812,0.0010679993958271142,0.001028294947699895,0.0003678943801155056,0.0009689895694845532,0.0011102167837092215,0.0009880879116216969,0.0007212137096526648,0.002138009143458139,0.0007629285095837914,0.0005724476761633339,0.0011594704029050142,0.0026395919185336486,0.0005377691075458893,0.0006810066735744649,0.0007448353433486057,0.0003794539029879883,0.0005056034786833294,0.0004674067944090421,0.0010107043694156832,0.0014208161374132961,0.0007684569770445467,0.001065989044023205,0.0011976670871793015,0.000831783058867705,0.00045986797514438113,0.0012911484460611088,0.0012187757811203542,0.0023938264105056693,0.0010262845958959842,0.0007971044902502604,0.002258127663741753,0.0012529517617868215,0.003700052495096102,0.0025978771186025203,0.001991253461772719,0.0004176505872622756,0.0003146200573118929,0.0006332608182316075,0.0005759657918201766,0.001070009747631025,0.0017374465465290981,0.00040056259692904106,0.000861938335926354,0.0018465081318912082,0.002881839310904787,0.001735436194725189,0.002567219253592894,0.00034728827412542837,0.0005453079268105503,0.0002668742019690355,0.0005397794593497984,0.001169019573973586,0.0009669792176806441,0.0013981996796193098,0.0002879828959100883,0.0023842772394370975,0.0024471007333092803,0.0010393518826213987,0.0003613607367527992,0.0018465081318912082,0.0007116645385840913,0.001081569270503506,0.0005186707654087457,0.0012795889231886279,0.0012454129425221606,0.0006428099893001776,0.0005930537821534111,0.0024812767139757476,0.0016706023490490954,0.002216412863810623,0.0014399144795504398,0.0003357287512529457,0.0003281899319882847,0.0006121521242905548,0.0005417898111537076,0.001134843593307117,0.0013620133471489316,0.0014057384988839707,0.00019098342137143648,0.0005684269725555122,0.0012795889231886279,0.001794741572940529,0.0019761758232433955,0.0005206811172126548,0.0012418948268653179,0.0010252794199940296,0.0006483384567609295,0.0010413622344253096,0.0009669792176806441,0.00020204035629294015,0.002052066603840993,0.0024852974175835676,0.00209026328811528,0.002408904049034993,0.0013082364363943434,0.0010835796223074168,0.0002879828959100883,0.0011499212318364423,0.00043674892939941923,0.0005644062689476939,0.0009307928852102659,0.0017374465465290981,0.0029069687084536614,0.0015660640552457826,0.0014951991541579598,0.0009966319067883141,0.0006066236568298029,0.001531385486628338,0.0009900982634256077,0.00025581726704753185,0.0007935863745934177,0.0008051458974659004,0.00011056934921504363,0.0009348135888180859,0.000408101416193702,0.0005111319461440812,0.0016499962430590199,0.0007001050157116086,0.0008795289142105658,0.0007056334831723604,0.0007021153675155212,0.00041212211980152375,0.0010901132656701232,0.0009328032370141768,0.0005453079268105503,0.0015183181999029235,0.00320450077543232,0.0014725826963639735,0.002168667008467764,--,--,--
16,0.0008106743649266522,0.0004176505872622756,0.0010147250730235032,0.0007036231313684513,0.0014112669663447243,0.0025270122175146976,0.0019776835870963273,0.0006196909435552157,0.0006865351410352168,0.0005357587557419802,0.000341257218713701,0.0006714575025058948,0.00040056259692904106,0.0003030605344394137,0.0005357587557419802,0.0010453829380331278,0.00042719975833084567,0.002012362155713772,0.0018922436354301582,0.0004789663172815248,0.0008604305720734222,0.0009021453720045505,0.0009443627598866577,0.0007840372035248476,0.0005131422979479938,0.0005835046110848376,0.00024023704056722744,0.0004900232522030284,0.0007362913481819867,0.0007629285095837914,0.0020294501460470064,0.0027486535038957587,0.0009137048948770331,0.0009328032370141768,0.0002593353827043711,0.0006694471507019857,0.0002698897296748992,0.00028044407664542734,0.0005206811172126548,0.0006066236568298029,0.001285619978600357,0.001384629804942918,0.00325023627897127,0.0014705723445600644,0.0006905558446430385,0.0006769859699666467,0.0008126847167305613,0.0006523591603687512,0.00016233590816572274,0.0022199309794674656,0.00045031880407581104,0.0014248368410211144,0.0007915760227895086,0.001396189327815399,0.0023501012587706285,0.002567219253592894,0.0008850573816713177,0.0009076738394653023,0.0018465081318912082,0.0004091065920956566,0.00036236591265475376,9.348135888180911e-05,0.0003528167415861802,0.0007553896903191304,0.0008870677334752268,0.0011710299257774951,0.0012986872653257715,0.0019264196160966255,0.0010298027115528269,0.0005282199364773157,0.0005970744857612294,0.0005111319461440812,0.00032215887657655734,0.00011056934921504363,0.000366386616262572,0.0008413322299362785,0.000774488032456274,0.0026988972967489904,0.0016881929273333072,0.0012016877907871197,0.0014208161374132961,0.0006960843121037903,0.001055937285003656,0.0003015527705864801,0.0005875253146926593,0.0003528167415861802,0.0005166604136048365,0.0012685319882671225,0.0014725826963639735,0.0014248368410211144,0.0009669792176806441,0.0018731452932930145,0.0022430500252124293,0.000616172827898373,0.00024023704056722744,0.000457857623340472,0.0006005926014180721,6.885454928391363e-05,0.000507111242536263,0.0011710299257774951,0.0012609931690024615,0.0015374165420400671,0.0015409346576969098,0.0007212137096526648,0.0011102167837092215,0.0013449253568156988,0.0011655014583167433,0.00029351136337084013,0.0004940439558108502,0.0011921386197185479,0.0005704373243594248,0.0007724776806523649,0.0010624709283663623,0.002918025643375165,0.0015449553613047298,0.001081569270503506,0.0005206811172126548,0.0007860475553287567,0.0007418198156427386,0.0005724476761633339,0.00028898807181204286,0.00017741354669504467,0.00018394719005775106,0.000373925435527233,0.0013620133471489316,0.0019073212739594819,0.001539426893843978,0.0014761008120208162,0.0012418948268653179,0.0007342809963780776,0.0008011251938580821,0.00023923186466527288,9.64968865876728e-05,5.327432280361269e-05,0.0006217012953591249,0.0010679993958271142,0.0013258270146785552,0.0008604305720734222,0.0007322706445741685,0.0019073212739594819,0.0013162778436099833,0.0009061660756123704,0.001430365308481868,0.0010489010536899705,0.00038699272225264925,0.00033371839944903656,0.0007574000421230395,0.00026888455377294465,0.0008488710492009395,0.0020178906231745238,0.0013811116892860752,0.0032235991175694634,0.0008353011745245477,0.0016193383780493936,0.000524701820820473,0.0006503488085648421,0.0009498912273474096,0.000499572423271602,0.0003015527705864801,0.0004558472715365629,0.0008413322299362785,0.0006905558446430385,0.0010378441187684669,0.0015374165420400671,0.0013197959592668243,0.0006769859699666467,0.0002211386984300838,0.0005161578256538575,0.0003699047319194147,0.0010453829380331278,0.0001698747274303837,0.0007192033578487522,0.00036236591265475376,0.001886212580018429,0.0017660940597348136,0.0017278973754605263,0.0009252644177495141,0.0012418948268653179,0.0005513389822222811,0.0004980646594186684,0.00028044407664542734,8.292701191128099e-05,0.00032065111272362376,0.000415640235458363,0.0011061960801014015,0.0024988672922599594,0.0019284299679005364,0.0018349486090187273,0.0008810366780634977,0.0009634611020238014,0.0003126097055079838,0.000373925435527233,0.0001733928430872264,0.00011257970101895276,0.0004196609390661847,0.00034728827412542837,0.0004844947847422766,0.001134843593307117,0.000980549092357036,0.0025446027957989076,0.0011539419354442606,0.0013579926435411116,0.0015012302095696907,0.0009307928852102659,0.0014419248313543489,0.0009519015791513204,0.0014097592024917907,0.0005417898111537076,0.0005990848375651385,0.001022263892288166,0.0018997824546948192,0.0015695821709026253,0.0019741654714394846,0.0012052059064439624,0.0012569724653946415,0.001274060455727876,0.0007971044902502604,0.00020003000448903102,0.00025732503090046197,0.0008755082106027458,0.0009614507502198923,0.0013067286725414115,0.0024812767139757476,0.0019817042907041473,0.0016992498622548109,0.0014002100314232189,0.0007192033578487522,0.000556867449683033,0.0007212137096526648,0.0003643762644586629,0.0006292401146237858,0.0007458405192505603,0.001437904127746529,0.0016173280262454844,0.002780819132758317,0.0018691245896851946,0.0005644062689476939,0.0007935863745934177,0.00036035556085084464,0.0004980646594186684,0.0003699047319194147,0.001437904127746529,0.00042167129087009383,0.0006086340086337121,0.0014650438770993125,0.0025521416150635703,0.000873497858798835,0.002206863692742051,0.001182589448649976,0.00034527792232151924,0.0006925661964469476,0.0006845247892313076,0.0016706023490490954,0.00012413922389143545,0.000299542418782571,0.001012714721219594,0.0007096541867801821,0.000415640235458363,0.0022812467094867166,0.001388650508550738,0.001804290744009101,0.0007589078059759731,0.001335376185747127,0.00020204035629294015,0.0007171930060448431,0.0006619083314373213,0.0001447453298815092,0.0006407996374962685,0.002054076955644902,0.0017072912694704508,0.002258127663741753,0.0013559822917372025,0.0010835796223074168,0.0005628985050947603,0.002000802632841291,0.0011675118101206524,0.00034879603797836195,0.00029351136337084013,0.00045182656792874115,0.00046539644260513297,0.00029351136337084013,0.001735436194725189,0.002004823336449111,0.0013811116892860752,0.0007513689867113121,0.00031864076091971463,0.0004960543076147593,0.0004824844329383675,0.0003699047319194147,0.00021912834662617467,0.0003050708862433228,0.0004980646594186684,0.0008885754973281586,0.0013122571400021633,0.001274060455727876,0.0023229615094178466,0.003181381729687358,0.0011941489715224587,0.0006196909435552157,0.001327334778531487,0.00025179656343971013,0.0010433725862292187,0.000823741651652065,0.0005835046110848376,0.0007553896903191304,0.0018882229318223382,0.002210381808398894,0.0017851924018719573,0.001224304248581106,0.000665426447094164,0.0013122571400021633,0.0006397944615943139,0.0010378441187684669,0.001428354956677957,0.0008141924805834949,0.0013579926435411116,0.001652006594862929,0.0010946365572289205,0.002660700612474703,0.001739456898333009,0.0007553896903191304,0.0008639486877302632,0.0012227964847281742,0.00032215887657655734,0.0003794539029879883,0.00016233590816572274,0.0001814342503028664,0.001428354956677957,0.001138864296914937,0.0016213487298533044,0.001074030451238845,0.0018369589608226364,0.001647985891255109,0.00022716975384181465,0.00028044407664542734,0.0007553896903191304,0.001388650508550738,0.00011257970101895276,0.000657887627829503,0.0007383016999858959,0.0008850573816713177,0.0018253994379501554,0.002416442868299654,0.0013504538242764506,0.001129315125846365,0.000823741651652065,0.0012609931690024615,0.0004930387799088956,0.000366386616262572,0.0007398094638388295,0.0008448503455931195,0.0006940739602998812,0.0013218063110707352,0.0009423524080827486,0.0008966169045437986,0.0019530567774984318,0.0017851924018719573,0.002616975460739664,0.001535406190236158,0.0006810066735744649,0.0002477758598318919,0.00016032555636181015,0.0003146200573118929,0.0007096541867801821,0.00022716975384181465,0.0014152876699525425,0.0009765283887492159,0.0010378441187684669,0.0016650738815883435,0.0010870977379642578,0.0003397494548607674,0.00041212211980152375,0.000964968865876735,0.0004538369197326503,0.00032416922838046647,0.0004538369197326503,0.0006674367988980731,0.0026094366414750013,0.0014097592024917907,0.0018691245896851946,0.0008011251938580821,0.0006407996374962685,0.0010850873861603487,0.0010986572608367405,0.000524701820820473,0.0008604305720734222,0.0005302302882812249,0.0001829420141557965,0.0009956267308863596,0.0006523591603687512,0.0027029180003568104,0.001127304774042456,0.001239884475061407,0.0009478808755435005,0.0009061660756123704,0.00032416922838046647,0.0002975320669786584,0.0012187757811203542,0.00048047408113445836,0.0014534843542268298,0.0015107793806382625,0.0014037281470800616,0.001959087832910161,0.002305873519084612,0.0018253994379501554,0.0010468907018860614,0.0012474232943260697,0.0003578426210959565,0.00032215887657655734,0.00026536643811610194,0.00020204035629294015,0.000507111242536263,0.0011082064319053123,0.0012378741232574979,0.0014193083735603625,0.0009307928852102659,0.0017892131054797773,0.0009860775598177877,0.0014057384988839707,0.0004900232522030284,0.0003030605344394137,0.0001085589974111345,0.000208071411704671,0.0006714575025058948,0.000673467854309804,0.000980549092357036,0.0005131422979479938,0.0015298777227754062,0.001130822889699297,0.0007458405192505603,0.0001181081684797046,0.0014761008120208162,0.000373925435527233,0.0009519015791513204,0.00027843372484151474,0.0008488710492009395,0.0008564098684656022,0.0010318130633567377,0.0005895356664965684,0.0025446027957989076,0.0015585252359811216,0.001535406190236158,0.0005799864954279949,0.00034879603797836195,0.00023822668876331832,0.0003357287512529457,0.000556867449683033,0.0013504538242764506,0.001743477601940829,0.0020349786135077583,0.0005724476761633339,0.0006905558446430385,0.0009403420562788378,0.001123284070434636,0.0011252944222385451,0.00042167129087009383,0.0007096541867801821,0.0004176505872622756,0.0006036081291239358,0.0008257520034559776,0.0006543695121726603,0.0013197959592668243,0.001960595596763093,0.0011921386197185479,0.0016097892069808217,0.001430365308481868,0.0006312504664276984,0.0007171930060448431,0.0002593353827043711,0.0004920336040069376,0.00043875928120332836,0.0005684269725555122,0.0007036231313684513,0.002163138541007012,0.0020430200207233983,0.0016384367201865372,0.0015791313419711971,0.0006428099893001776,0.0003910134258604675,0.0011061960801014015,0.0007925811986914631,0.0001467556816854218,0.0005111319461440812,0.0007398094638388295,0.00016384367201865285,0.0011881179161107296,0.0006312504664276984,0.000507111242536263,0.000408101416193702,0.0006905558446430385,0.00040056259692904106,0.0004824844329383675,0.0005322406400851375,0.00035683744519400193,0.0010117095453176378,0.00048650513654618574,0.0007478508710544694,0.002620493576396505,0.002273707890222054,0.0017012602140587217,0.001804290744009101,--,--,--
17,0.0007383016999858959,0.0003814642547918974,0.0009423524080827486,0.0006543695121726603,0.0013826194531390088,0.002557670082524322,0.0018766634089498573,0.0005226914690165639,0.0006769859699666467,0.0005035931268794203,0.00031562523321384747,0.0006483384567609295,0.0003950341294682892,0.00029552171517474926,0.0005453079268105503,0.000980549092357036,0.0003814642547918974,0.0020711649459781364,0.0019626059485670037,0.0005166604136048365,0.0008393218781323694,0.0008885754973281586,0.0007704673288484558,0.0007800164999170259,0.0004885154883500983,0.0005417898111537076,0.0002211386984300838,0.00048047408113445836,0.000616172827898373,0.0007684569770445467,0.0021440401988698683,0.002620493576396505,0.0008604305720734222,0.0008448503455931195,0.000249786211635801,0.0005357587557419802,0.00022616457793986008,0.00027391043328271747,0.0004980646594186684,0.000515152649751903,0.001184599800453887,0.001384629804942918,0.003280391556029917,0.0015600329998340535,0.0006639186832412339,0.0006086340086337121,0.0007915760227895086,0.0005704373243594248,0.00015429450095008276,0.0020807141170467083,0.0004292101101347548,0.0013504538242764506,0.0007513689867113121,0.0014057384988839707,0.002414935104446722,0.002624514280004325,0.0008011251938580821,0.0008373115263284568,0.00179675192474444,0.00038548495839971567,0.00035482709339008933,8.946065527399086e-05,0.0003126097055079838,0.0007021153675155212,0.0009021453720045505,0.001186610152257796,0.001386640156746827,0.001739456898333009,0.0010378441187684669,0.0005282199364773157,0.0006101417724866422,0.0004980646594186684,0.00033170804764512743,9.900982634256095e-05,0.00031663040911580204,0.0007171930060448431,0.0008011251938580821,0.0027124671714253822,0.0017148300887351135,0.001239884475061407,0.0013600029953450225,0.0006558772760255939,0.0010107043694156832,0.0002985372428806164,0.000507111242536263,0.0003759357873311456,0.0004694171462129547,0.0011403720607678688,0.0014685619927561552,0.0013409046532078788,0.0009519015791513204,0.0018575650668127136,0.001995274165380539,0.0006066236568298029,0.00025581726704753185,0.0003950341294682892,0.0005302302882812249,6.68441974800045e-05,0.0004729352618697939,0.0010433725862292187,0.0012931587978650197,0.0014037281470800616,0.0015831520455790171,0.0006830170253783775,0.0010393518826213987,0.0012358637714535887,0.0010624709283663623,0.0002729052573807629,0.0004844947847422766,0.0011770609811892242,0.0005302302882812249,0.0006865351410352168,0.001012714721219594,0.0030441752190705097,0.0015047483252265317,0.0010624709283663623,0.0005644062689476939,0.0007192033578487522,0.0007383016999858959,0.0005608881532908512,0.0002965268910767038,0.0001698747274303837,0.00017238766718527185,0.00034879603797836195,0.0012931587978650197,0.0018158502668815836,0.0015982296841083408,0.001373070282070437,0.0012665216364632133,0.0007131723024370248,0.0007629285095837914,0.00023068786949865736,9.900982634256095e-05,4.7745855342860855e-05,0.0005814942592809284,0.001022263892288166,0.0011770609811892242,0.0009172230105338741,0.000782026851720935,0.0018751556450969237,0.001274060455727876,0.0009001350202006413,0.001384629804942918,0.000998642258592225,0.0003814642547918974,0.0003231640524785119,0.0007192033578487522,0.00020606105990076187,0.000865959039534174,0.0020711649459781364,0.0014459455349621689,0.003192941252559839,0.0007684569770445467,0.0015831520455790171,0.00045182656792874115,0.0006056184809278449,0.0008830470298674068,0.0004844947847422766,0.00030708123804723195,0.00041413247160543287,0.0007840372035248476,0.000665426447094164,0.0009956267308863596,0.0014705723445600644,0.0012092266100517824,0.0006674367988980731,0.00020606105990076187,0.0005081164184382175,0.00032215887657655734,0.0010107043694156832,0.0001497712093912855,0.000673467854309804,0.0003432675705176101,0.0018138399150776727,0.001951046425694521,0.0015620433516379626,0.0008543995166616913,0.0011579626390520806,0.0005473182786144594,0.0004407696330072375,0.0002698897296748992,8.091666010737186e-05,0.00028697772000813374,0.00037191508372332385,0.0010378441187684669,0.002677788602807936,0.0017776535826072963,0.0017681044115387245,0.0009172230105338741,0.0008966169045437986,0.0003015527705864801,0.000341257218713701,0.00016032555636181015,0.00010956417331308907,0.0004146350595564084,0.0002899932477139974,0.0004196609390661847,0.0010453829380331278,0.0010147250730235032,0.0025023854079168004,0.0010931287933759887,0.0012494336461299788,0.0014208161374132961,0.0009383317044749286,0.0013409046532078788,0.0009574300466120723,0.0012665216364632133,0.00048047408113445836,0.0005724476761633339,0.0009423524080827486,0.0020294501460470064,0.001531385486628338,0.0019304403197044455,0.0011102167837092215,0.001134843593307117,0.0011519315836403515,0.0007418198156427386,0.0001985222406361009,0.0002613457345082837,0.0008448503455931195,0.0009539119309552296,0.0012474232943260697,0.002622503928200416,0.0020349786135077583,0.0016268771973140563,0.0013142674918060725,0.000665426447094164,0.000515152649751903,0.0006639186832412339,0.0003261795801843756,0.0005930537821534111,0.000657887627829503,0.0013811116892860752,0.0017319180790683463,0.002876310843444035,0.0020636261267134737,0.0005091215943401721,0.0007056334831723604,0.0003774435511840757,0.00046991973416393024,0.0003709099078213693,0.0012303353039928352,0.00034879603797836195,0.0006066236568298029,0.0012891380942571997,0.0025863175957300377,0.0008202235359952258,0.002216412863810623,0.0012016877907871197,0.00034527792232151924,0.0006960843121037903,0.0006468306929079994,0.0015685769950006707,0.00012413922389143545,0.0002764233730376056,0.0008755082106027458,0.0007418198156427386,0.00036236591265475376,0.002147558314526711,0.001437904127746529,0.0017012602140587217,0.0007287525289173258,0.0011675118101206524,0.00019098342137143648,0.0006845247892313076,0.000657887627829503,0.00013519615881293912,0.0006372815218394258,0.002006331100302043,0.0016057685033730035,0.0023405520877020566,0.0012685319882671225,0.0010644812801702715,0.000507111242536263,0.0018691245896851946,0.0010891080897681687,0.0003261795801843756,0.00027843372484151474,0.00038347460659580654,0.0004462981004679893,0.00031663040911580204,0.0017565448886662418,0.0020219113267823437,0.0014399144795504398,0.0007247318253095041,0.0002975320669786584,0.0004920336040069376,0.0004789663172815248,0.00029351136337084013,0.0002211386984300838,0.00028396219230227004,0.0004709249100658848,0.0008810366780634977,0.0012358637714535887,0.0013142674918060725,0.0021897757024088183,0.0030290975805411843,0.001127304774042456,0.0005950641339573202,0.001175050629385315,0.0002467706839299373,0.0009820568562099678,0.0007955967263973268,0.0005855149628887467,0.0007780061481131167,0.0017278973754605263,0.0020314604978509156,0.0016630635297844344,0.0011785687450421578,0.0006639186832412339,0.0012986872653257715,0.0006227064712610794,0.0009539119309552296,0.0013258270146785552,0.0007001050157116086,0.0012971795014728397,0.0015489760649125498,0.0011484134679835088,0.0024491110851131894,0.0017851924018719573,0.0007398094638388295,0.000774488032456274,0.0011252944222385451,0.0003080864139491865,0.00035834520904693204,0.00016233590816572274,0.00015831520455790102,0.0013142674918060725,0.0011006676126406496,0.0016233590816572135,0.0011177556029738842,0.0017721251151465445,0.0015489760649125498,0.0001814342503028664,0.0002744130212336965,0.000774488032456274,0.0012951691496689288,9.800465044060638e-05,0.0006101417724866422,0.0007001050157116086,0.0008870677334752268,0.001840477076479479,0.00234608055516281,0.0014172980217564534,0.001127304774042456,0.0008126847167305613,0.0011212737186307251,0.00048348960884032205,0.00034879603797836195,0.0007458405192505603,0.0007684569770445467,0.0006558772760255939,0.0012494336461299788,0.0009614507502198923,0.000816202832387404,0.0019741654714394846,0.0017339284308722572,0.0024988672922599594,0.0014037281470800616,0.0006312504664276984,0.00022415422613595096,0.00014223239012662453,0.0002899932477139974,0.0007001050157116086,0.0002231490502339964,0.0014494636506190116,0.0009001350202006413,0.0010298027115528269,0.0014610231734914925,0.0010011551983471114,0.00033170804764512743,0.0003759357873311456,0.000877518562406655,0.0004176505872622756,0.0003111019416550502,0.00038347460659580654,0.0005930537821534111,0.0027370939810232777,0.0013826194531390088,0.0017776535826072963,0.0008051458974659004,0.0006121521242905548,0.0010338234151606469,0.0009765283887492159,0.00042719975833084567,0.0008342959986225931,0.00048047408113445836,0.00016032555636181015,0.0010031655501510223,0.0005704373243594248,0.002610944405327933,0.000980549092357036,0.0012016877907871197,0.0009363213526710178,0.0008966169045437986,0.0003146200573118929,0.00027843372484151474,0.0010835796223074168,0.0004709249100658848,0.0013177856074629152,0.001428354956677957,0.001373070282070437,0.0019399894907730173,0.0023822668876331866,0.0018253994379501554,0.0010051759019549314,0.001175050629385315,0.0003291951078902393,0.0003111019416550502,0.00019098342137143648,0.00020405070809685275,0.0004729352618697939,0.0010946365572289205,0.0013162778436099833,0.0015183181999029235,0.0009363213526710178,0.0016706023490490954,0.0008755082106027458,0.001338894301403968,0.0004960543076147593,0.0002633560863121928,0.0001050408817542918,0.0001829420141557965,0.0006543695121726603,0.000673467854309804,0.0010011551983471114,0.0005377691075458893,0.0016329082527257854,0.0011328332415032078,0.0007458405192505603,0.00011257970101895276,0.0013293451303353961,0.00037191508372332385,0.000952906755053275,0.0002708949055768538,0.000782026851720935,0.0008604305720734222,0.0010604605765624532,0.0005322406400851375,0.002576768424661466,0.00160426073952007,0.0015047483252265317,0.0005779761436240857,0.0003397494548607674,0.00023822668876331832,0.0003015527705864801,0.0004960543076147593,0.0012358637714535887,0.001636426368382628,0.0020239216785862546,0.0005493286304183685,0.0007056334831723604,0.0010107043694156832,0.001127304774042456,0.001070009747631025,0.00041011176799761115,0.0007001050157116086,0.0004025729487329502,0.0005694321484574702,0.000806653661318834,0.0006543695121726603,0.0014228264892172052,0.001955067129302341,0.0012036981425910306,0.001640447071990448,0.0012971795014728397,0.0006121521242905548,0.0006830170253783775,0.00025079138753775557,0.000524701820820473,0.0003950341294682892,0.0005091215943401721,0.0007267421771134167,0.0023229615094178466,0.001960595596763093,0.0016329082527257854,0.0014972095059618707,0.0005835046110848376,0.00038699272225264925,0.0010298027115528269,0.0007428249915446931,0.0001412272142246665,0.0005226914690165639,0.0007131723024370248,0.00019249118522437006,0.0012645112846593042,0.0006598979796334122,0.0005814942592809284,0.0004176505872622756,0.0005990848375651385,0.0003774435511840757,0.0004709249100658848,0.0005035931268794203,0.0003432675705176101,0.0009116945430731223,0.0004885154883500983,0.000623711647163034,0.0026853274220725986,0.00230034505162386,0.001735436194725189,0.0019284299679005364,--,--,--
18,0.0007192033578487522,0.0003699047319194147,0.0008795289142105658,0.000657887627829503,0.0014494636506190116,0.0027582026749643305,0.0019264196160966255,0.0005628985050947603,0.0007513689867113121,0.00046338609080122384,0.0003126097055079838,0.0006196909435552157,0.00039654189332121934,0.00029552171517474926,0.0005453079268105503,0.0009936163790824504,0.00035834520904693204,0.002151579018134531,0.0021917860542127274,0.0005855149628887467,0.0008679693913380832,0.0008564098684656022,0.0006925661964469476,0.0007764983842601832,0.00047695596547761565,0.0005417898111537076,0.00019249118522437006,0.0004920336040069376,0.0005724476761633339,0.0010147250730235032,0.0024852974175835676,0.0026511514414061313,0.0008523891648577822,0.0008011251938580821,0.0002708949055768538,0.0004980646594186684,0.00021259470326346827,0.0002729052573807629,0.0004442877486640802,0.0005056034786833294,0.001130822889699297,0.0014037281470800616,0.0033799039703234553,0.0017414672501369181,0.0006940739602998812,0.0005724476761633339,0.0007704673288484558,0.0005322406400851375,0.00016032555636181015,0.0019304403197044455,0.0004292101101347548,0.001338894301403968,0.0007955967263973268,0.001531385486628338,0.002507913875377554,0.002868772024179374,0.0006980946639076994,0.000831783058867705,0.0018022803922051918,0.000382469430693852,0.00036035556085084464,8.594253961714815e-05,0.0003261795801843756,0.0006257219989669466,0.0009423524080827486,0.0012795889231886279,0.0016766334044608245,0.0017660940597348136,0.0010147250730235032,0.0005644062689476939,0.0006277323507708557,0.0005035931268794203,0.00033371839944903656,8.946065527399086e-05,0.0003050708862433228,0.0006865351410352168,0.0008850573816713177,0.0026853274220725986,0.00190179280649873,0.0013177856074629152,0.0012549621135907324,0.000623711647163034,0.0009976370826902687,0.0003015527705864801,0.0004920336040069376,0.0003759357873311456,0.00046539644260513297,0.001130822889699297,0.0014951991541579598,0.0012112369618556915,0.0011061960801014015,0.002056087307448811,0.0019414972546259492,0.0006026029532219812,0.0002899932477139974,0.0003950341294682892,0.000507111242536263,7.438301674466546e-05,0.0004694171462129547,0.0010051759019549314,0.001373070282070437,0.001327334778531487,0.0019148600932241445,0.000749358634907403,0.0009936163790824504,0.001228324952188926,0.0010338234151606469,0.0002744130212336965,0.0004824844329383675,0.0011941489715224587,0.0005262095846734066,0.0006312504664276984,0.0009820568562099678,0.003334168466784507,0.0015183181999029235,0.0011594704029050142,0.0006639186832412339,0.0006980946639076994,0.0007684569770445467,0.0005684269725555122,0.00031562523321384747,0.00017087990333233827,0.00016384367201865285,0.0003261795801843756,0.0013559822917372025,0.001804290744009101,0.0018480158957441418,0.0013162778436099833,0.0013579926435411116,0.0007247318253095041,0.0007955967263973268,0.00024224739237114004,0.00010102017814647007,4.271997583308457e-05,0.0005930537821534111,0.0010011551983471114,0.0010433725862292187,0.0010378441187684669,0.0010147250730235032,0.001995274165380539,0.0012685319882671225,0.000919233362337785,0.0014248368410211144,0.0009911034393275623,0.0003950341294682892,0.0003397494548607674,0.0006885454928391294,0.00019249118522437006,0.0009519015791513204,0.002258127663741753,0.0018274097897540646,0.003225106881422397,0.0008413322299362785,0.0016213487298533044,0.00042167129087009383,0.000590540842398523,0.0008584202202695113,0.0004749456136737065,0.00033371839944903656,0.00035482709339008933,0.0008257520034559776,0.0006448203411040902,0.000980549092357036,0.0014841422192364562,0.0011403720607678688,0.0007116645385840913,0.00019651188883218831,0.0005111319461440812,0.0002975320669786584,0.0010051759019549314,0.00014223239012662453,0.000657887627829503,0.0003643762644586629,0.0020143725075176828,0.0021741954759285156,0.0015565148841772108,0.0008543995166616913,0.0011539419354442606,0.0005513389822222811,0.0004060910643897929,0.0002729052573807629,8.292701191128099e-05,0.00026888455377294465,0.0003357287512529457,0.0008810366780634977,0.0030175380576687033,0.0017640837079309045,0.0019399894907730173,0.0009443627598866577,0.0008448503455931195,0.00029200359951790655,0.00033371839944903656,0.00016032555636181015,0.00011459005282286189,0.0003794539029879883,0.0002231490502339964,0.000373925435527233,0.001024274244092075,0.0011328332415032078,0.002460670607985672,0.0011464031161795996,0.0012609931690024615,0.001432375660285777,0.0009519015791513204,0.0012760708075317852,0.0009860775598177877,0.0012112369618556915,0.0004824844329383675,0.0005342509918890466,0.0010262845958959842,0.002294313996212131,0.0016706023490490954,0.0018635961222244427,0.0010489010536899705,0.0010795589186995969,0.0011061960801014015,0.0007056334831723604,0.0002115895273615137,0.0002668742019690355,0.0008428399937892104,0.0010986572608367405,0.001130822889699297,0.0029029480048458414,0.0021741954759285156,0.0016138099105886417,0.001327334778531487,0.0006558772760255939,0.000499572423271602,0.0006448203411040902,0.00031663040911580204,0.0006066236568298029,0.000673467854309804,0.001342915005011788,0.0021093616302524237,0.0030059785347962224,0.0023345210322903275,0.00046539644260513297,0.0006940739602998812,0.00038699272225264925,0.00046539644260513297,0.0003528167415861802,0.001134843593307117,0.00034728827412542837,0.0006332608182316075,0.0011956567353753906,0.002761720790621173,0.0008051458974659004,0.0025003750561128912,0.0012378741232574979,0.00035834520904693204,0.0007383016999858959,0.0006714575025058948,0.0015268621950695407,0.00012564698774436556,0.00027541819713565105,0.000774488032456274,0.0007840372035248476,0.0003050708862433228,0.002361158193692134,0.0015640537034418735,0.0016439651876472908,0.0007398094638388295,0.0011499212318364423,0.00016585402382256545,0.0006845247892313076,0.0006257219989669466,0.00013519615881293912,0.0006558772760255939,0.00204452778457633,0.0016992498622548109,0.002361158193692134,0.0013162778436099833,0.0011212737186307251,0.0005186707654087457,0.0018882229318223382,0.0011102167837092215,0.0003090915898511411,0.00028597254410617917,0.00034728827412542837,0.00045031880407581104,0.0002764233730376056,0.0017872027536758681,0.0020942839917230983,0.001535406190236158,0.0007513689867113121,0.0003111019416550502,0.0004960543076147593,0.0004674067944090421,0.0002744130212336965,0.00023269822130256648,0.00028245442844933646,0.0004694171462129547,0.0009383317044749286,0.001239884475061407,0.001535406190236158,0.0021455479627228,0.003185402433295176,0.001123284070434636,0.0005895356664965684,0.0011614807547089233,0.00025079138753775557,0.0009554196948081631,0.000816202832387404,0.0006181831797022821,0.0007724776806523649,0.0017449853657937608,0.0018465081318912082,0.001535406190236158,0.0011901282679146388,0.0007096541867801821,0.001373070282070437,0.0006468306929079994,0.0009041557238084613,0.0012951691496689288,0.0006483384567609295,0.0012720501039239652,0.0015047483252265317,0.0012147550775125342,0.0024586602561817612,0.0019495386618415891,0.0008523891648577822,0.0007629285095837914,0.0010931287933759887,0.0003146200573118929,0.00036236591265475376,0.0001733928430872264,0.00015077638529324006,0.0013122571400021633,0.001138864296914937,0.0016881929273333072,0.001274060455727876,0.0018847048161654955,0.0014916810385011189,0.00019098342137143648,0.00029200359951790655,0.0007955967263973268,0.0012951691496689288,9.046583117594542e-05,0.0006005926014180721,0.0007267421771134167,0.0009328032370141768,0.0018826944643615864,0.0023802565358292775,0.0016329082527257854,0.0012147550775125342,0.000823741651652065,0.0011484134679835088,0.0004890180763010739,0.0003357287512529457,0.0007116645385840913,0.0007212137096526648,0.0006598979796334122,0.001130822889699297,0.000923254065945605,0.0008106743649266522,0.002142029847065959,0.0018253994379501554,0.002420463571907474,0.0014554947060307407,0.0006181831797022821,0.00020103518039098559,0.00013519615881293912,0.00029200359951790655,0.0007036231313684513,0.00022515940203790552,0.001735436194725189,0.0010433725862292187,0.0009916060272785396,0.0013695521664135943,0.0009860775598177877,0.00032215887657655734,0.00036236591265475376,0.0008810366780634977,0.000408101416193702,0.00029200359951790655,0.0003794539029879883,0.0006217012953591249,0.0030019578311884024,0.0016992498622548109,0.0018213787343423354,0.0008714875069949259,0.0005990848375651385,0.0010679993958271142,0.0009594403984159814,0.00037191508372332385,0.0008151976564854495,0.0004694171462129547,0.0001563048527539919,0.0010031655501510223,0.0005186707654087457,0.002452629200770032,0.0009594403984159814,0.0011785687450421578,0.0009689895694845532,0.000861938335926354,0.0003281899319882847,0.0002729052573807629,0.0010011551983471114,0.0004694171462129547,0.0012730552798259197,0.001388650508550738,0.0015600329998340535,0.002010351803909863,0.002624514280004325,0.0020219113267823437,0.0009880879116216969,0.0011655014583167433,0.0002975320669786584,0.0003090915898511411,0.0001698747274303837,0.00019249118522437006,0.000499572423271602,0.0011559522872481715,0.001232345655796746,0.0015489760649125498,0.0010167354248274123,0.0017701147633426336,0.0008830470298674068,0.0013675418146096834,0.0005226914690165639,0.00023269822130256648,0.00011459005282286189,0.0001849523659597091,0.0007001050157116086,0.0007096541867801821,0.0012589828171985507,0.0006352711700355167,0.0017736328789994763,0.001216765429316445,0.000715182654240934,0.00011911334438165916,0.0012454129425221606,0.000366386616262572,0.0009634611020238014,0.0002744130212336965,0.0007669492131916131,0.0008755082106027458,0.001123284070434636,0.0005302302882812249,0.002626524631808236,0.001634416016578719,0.0015107793806382625,0.0005930537821534111,0.00033371839944903656,0.0002477758598318919,0.0002879828959100883,0.00044830845227189844,0.0010850873861603487,0.0016690945851961635,0.0021249418567327247,0.0005056034786833294,0.0007171930060448431,0.0010850873861603487,0.0011655014583167433,0.0010946365572289205,0.00041212211980152375,0.0007458405192505603,0.00041212211980152375,0.000566416620751603,0.0007840372035248476,0.0007513689867113121,0.0016173280262454844,0.0018922436354301582,0.0013504538242764506,0.0017203585561958654,0.001228324952188926,0.0006181831797022821,0.0006257219989669466,0.00024425774417504917,0.0005769709677221312,0.000373925435527233,0.0004844947847422766,0.0008393218781323694,0.0026416022703375595,0.002111371982056333,0.0016595454141275917,0.0014459455349621689,0.0005950641339573202,0.00038548495839971567,0.0010011551983471114,0.0007202085337507068,0.00014876603348933093,0.0005608881532908512,0.0007438301674466477,0.00023269822130256648,0.0015032405613735998,0.0008257520034559776,0.0007383016999858959,0.00046338609080122384,0.0005875253146926593,0.0003678943801155056,0.00046338609080122384,0.0005035931268794203,0.0003397494548607674,0.0008870677334752268,0.0005056034786833294,0.000616172827898373,0.0029642637348650924,0.002567219253592894,0.0019495386618415891,0.00209026328811528,--,--,--
19,0.0007001050157116086,0.00035683744519400193,0.000816202832387404,0.0006619083314373213,0.0015142974962951035,0.0029582326794533632,0.0019761758232433955,0.0006005926014180721,0.000823741651652065,0.00042518940652693654,0.0003090915898511411,0.0005930537821534111,0.00039855224512513193,0.0002975320669786584,0.0005438001629576167,0.0010071862537588405,0.0003357287512529457,0.0022314905023399466,0.002418453220103565,0.0006523591603687512,0.0008946065527398895,0.0008257520034559776,0.0006141624760944639,0.0007724776806523649,0.0004674067944090421,0.0005417898111537076,0.00016585402382256545,0.0005035931268794203,0.0005282199364773157,0.0012609931690024615,0.002826554636297267,0.002681809306415756,0.0008448503455931195,0.0007574000421230395,0.0002899932477139974,0.00045986797514438113,0.00020003000448903102,0.0002729052573807629,0.0003910134258604675,0.0004960543076147593,0.001077548566895686,0.0014228264892172052,0.0034753956810091736,0.0019208911486358737,0.0007247318253095041,0.0005377691075458893,0.0007513689867113121,0.0004960543076147593,0.00016585402382256545,0.0017796639344112054,0.00042719975833084567,0.0013293451303353961,0.0008413322299362785,0.0016555247105197717,0.0025998874704064295,0.0031130297683544216,0.0005910434303494985,0.0008277623552598867,0.0018103217994208318,0.0003794539029879883,0.000366386616262572,8.393218781323555e-05,0.000341257218713701,0.0005473182786144594,0.0009820568562099678,0.0013715625182175034,0.001964616300370913,0.0017892131054797773,0.0009916060272785396,0.0006026029532219812,0.0006448203411040902,0.0005091215943401721,0.0003357287512529457,8.192183600932643e-05,0.00029351136337084013,0.0006568824519275485,0.0009669792176806441,0.0026571824968178604,0.0020867451724584374,0.0013981996796193098,0.0011499212318364423,0.0005875253146926593,0.0009830620321119223,0.00030406571034136826,0.0004749456136737065,0.0003774435511840757,0.0004613757389973147,0.0011212737186307251,0.0015203285517068343,0.0010835796223074168,0.0012589828171985507,0.0022546095480849102,0.0018882229318223382,0.0006005926014180721,0.00032416922838046647,0.0003950341294682892,0.0004844947847422766,7.99114842054173e-05,0.0004674067944090421,0.000964968865876735,0.0014514740024229207,0.0012514439979338897,0.0022430500252124293,0.000816202832387404,0.0009478808755435005,0.0012207861329242634,0.0010031655501510223,0.0002764233730376056,0.00048047408113445836,0.0012092266100517824,0.0005226914690165639,0.0005779761436240857,0.0009519015791513204,0.0036241617144985045,0.0015298777227754062,0.0012569724653946415,0.0007609181577798822,0.0006749756181627375,0.0007991148420541695,0.0005779761436240857,0.00033371839944903656,0.00017238766718527185,0.00015529967685203733,0.0003015527705864801,0.0014172980217564534,0.00179273122113662,0.002096294343527009,0.0012589828171985507,0.0014494636506190116,0.0007362913481819867,0.0008257520034559776,0.00025380691524361926,0.00010403570585233723,3.8196684274287296e-05,0.0006046133050258903,0.000978538740553125,0.0009096841912692132,0.0011559522872481715,0.0012474232943260697,0.0021133823338602437,0.0012609931690024615,0.0009403420562788378,0.0014665516409522444,0.0009830620321119223,0.0004060910643897929,0.00035683744519400193,0.000657887627829503,0.00017942389849895726,0.0010393518826213987,0.0024450903815053694,0.002204853340938142,0.0032577750982359325,0.0009116945430731223,0.0016575350623236808,0.0003910134258604675,0.0005759657918201766,0.0008332908227206386,0.00046539644260513297,0.00036035556085084464,0.00029351136337084013,0.000865959039534174,0.0006257219989669466,0.0009614507502198923,0.0014992198577657798,0.0010679993958271142,0.0007553896903191304,0.00018595754186166366,0.0005141474738499484,0.0002744130212336965,0.0010011551983471114,0.0001346935708619601,0.0006448203411040902,0.00038548495839971567,0.002210381808398894,0.0023958367623095785,0.0015489760649125498,0.0008543995166616913,0.0011519315836403515,0.0005548570978791238,0.00037191508372332385,0.0002744130212336965,8.493736371519359e-05,0.000249786211635801,0.0002975320669786584,0.0007267421771134167,0.0033532668089216507,0.0017490060694015808,0.002111371982056333,0.0009689895694845532,0.0007915760227895086,0.00028396219230227004,0.00032416922838046647,0.00016032555636181015,0.0001181081684797046,0.0003432675705176101,0.0001563048527539919,0.0003281899319882847,0.0010031655501510223,0.0012514439979338897,0.002416442868299654,0.0011996774389832106,0.0012705423400710333,0.001443935183158258,0.0009669792176806441,0.0012092266100517824,0.001012714721219594,0.0011539419354442606,0.00048650513654618574,0.0004960543076147593,0.0011082064319053123,0.002559680434328233,0.0018103217994208318,0.001794741572940529,0.0009880879116216969,0.0010262845958959842,0.0010604605765624532,0.0006694471507019857,0.00022716975384181465,0.0002729052573807629,0.0008428399937892104,0.0012474232943260697,0.0010147250730235032,0.003179371377883447,0.002315422690153184,0.00160024003591225,0.001338894301403968,0.0006448203411040902,0.0004885154883500983,0.0006292401146237858,0.00030708123804723195,0.0006196909435552157,0.0006905558446430385,0.0013006976171296807,0.0024832870657796567,0.003135646226148408,0.0026013952342593613,0.00042167129087009383,0.0006789963217705558,0.00039855224512513193,0.0004613757389973147,0.0003347235753509911,0.0010393518826213987,0.0003432675705176101,0.0006598979796334122,0.0011006676126406496,0.0029411446891201287,0.0007935863745934177,0.002780819132758317,0.0012760708075317852,0.000373925435527233,0.0007800164999170259,0.0006960843121037903,0.0014831370433345016,0.00012665216364632012,0.00027391043328271747,0.000673467854309804,0.0008257520034559776,0.0002477758598318919,0.002571239957200714,0.001689700691186239,0.0015866701612358598,0.0007553896903191304,0.001134843593307117,0.0001432375660285791,0.0006845247892313076,0.0005930537821534111,0.00013368839496000554,0.0006749756181627375,0.0020807141170467083,0.00179273122113662,0.0023822668876331866,0.0013655314628057743,0.001175050629385315,0.0005302302882812249,0.0019073212739594819,0.001130822889699297,0.00029351136337084013,0.00029200359951790655,0.0003111019416550502,0.00045182656792874115,0.0002367189249103882,0.0018158502668815836,0.002164646304859944,0.0016288875491179654,0.0007780061481131167,0.00032416922838046647,0.000499572423271602,0.0004558472715365629,0.00025581726704753185,0.00024425774417504917,0.00027843372484151474,0.0004694171462129547,0.0009956267308863596,0.0012418948268653179,0.0017545345368623327,0.002099812459183852,0.003341707286049168,0.0011157452511699733,0.0005835046110848376,0.0011484134679835088,0.0002548120911455738,0.0009287825334063568,0.0008393218781323694,0.0006483384567609295,0.000764938861387704,0.0017625759440779726,0.0016610531779805236,0.0014077488506878816,0.0012016877907871197,0.0007533793385152213,0.0014474532988151007,0.0006704523266039403,0.0008523891648577822,0.0012625009328553934,0.0005950641339573202,0.0012494336461299788,0.0014610231734914925,0.0012795889231886279,0.002466199075446424,0.0021093616302524237,0.000964968865876735,0.0007533793385152213,0.0010624709283663623,0.00032215887657655734,0.000366386616262572,0.0001849523659597091,0.0001412272142246665,0.0013102467881982525,0.0011770609811892242,0.00175101642120549,0.0014268471928250252,0.001995274165380539,0.0014343860120896862,0.00020003000448903102,0.0003090915898511411,0.0008141924805834949,0.0012951691496689288,8.292701191128099e-05,0.0005930537821534111,0.0007553896903191304,0.000978538740553125,0.0019244092642927164,0.002414935104446722,0.0018465081318912082,0.0013006976171296807,0.0008373115263284568,0.0011730402775814042,0.0004950491317128047,0.00032215887657655734,0.0006749756181627375,0.000673467854309804,0.0006649238591431884,0.001012714721219594,0.0008810366780634977,0.000806653661318834,0.002309894222692432,0.0019168704450280537,0.0023440702033588993,0.0015047483252265317,0.0006066236568298029,0.00017841872259699923,0.00012765733954827815,0.00029552171517474926,0.0007096541867801821,0.00022867751769474823,0.0020219113267823437,0.001184599800453887,0.0009539119309552296,0.001278081159335696,0.0009689895694845532,0.0003111019416550502,0.00034879603797836195,0.0008830470298674068,0.00039855224512513193,0.0002744130212336965,0.0003759357873311456,0.0006483384567609295,0.0032673242693045043,0.002012362155713772,0.0018656064740283518,0.0009383317044749286,0.0005875253146926593,0.0011041857282974923,0.0009423524080827486,0.0003146200573118929,0.0007955967263973268,0.000457857623340472,0.00015278673709714918,0.0010051759019549314,0.0004674067944090421,0.0022928062323591975,0.0009383317044749286,0.0011559522872481715,0.0009996474344941796,0.0008277623552598867,0.0003397494548607674,0.00026536643811610194,0.0009212437141416941,0.00046539644260513297,0.0012293301280908806,0.0013484434724725398,0.00174699571759767,0.0020792063531937747,0.0028667616723754633,0.002218423215614534,0.0009709999212884641,0.0011559522872481715,0.00026586902606708096,0.0003090915898511411,0.00014876603348933093,0.0001814342503028664,0.0005262095846734066,0.001216765429316445,0.0011464031161795996,0.0015791313419711971,0.0010986572608367405,0.0018691245896851946,0.0008925962009359786,0.0013941789760114898,0.0005473182786144594,0.00020003000448903102,0.00012212887208752285,0.0001849523659597091,0.0007478508710544694,0.0007458405192505603,0.0015142974962951035,0.0007322706445741685,0.0019188807968319645,0.0012986872653257715,0.0006830170253783775,0.00012665216364632012,0.0011594704029050142,0.00036035556085084464,0.0009735128610433505,0.0002764233730376056,0.0007513689867113121,0.0008905858491320695,0.001186610152257796,0.0005282199364773157,0.002677788602807936,0.0016650738815883435,0.0015163078480990144,0.0006066236568298029,0.0003281899319882847,0.0002593353827043711,0.0002744130212336965,0.0004025729487329502,0.0009348135888180859,0.0016992498622548109,0.0022239516830752856,0.00045986797514438113,0.0007287525289173258,0.0011594704029050142,0.0012036981425910306,0.0011197659547777933,0.00041413247160543287,0.0007915760227895086,0.0004226764667720484,0.0005634010930457393,0.0007609181577798822,0.0008488710492009395,0.0018118295632737636,0.0018309279054109073,0.0014951991541579598,0.00180077262835226,0.0011579626390520806,0.0006257219989669466,0.0005704373243594248,0.00023722151286136375,0.0006302452905257439,0.0003528167415861802,0.000457857623340472,0.0009519015791513204,0.0029582326794533632,0.002262148367349573,0.0016861825755293963,0.0013921686242075806,0.0006056184809278449,0.0003814642547918974,0.0009709999212884641,0.0006970894880057449,0.0001563048527539919,0.0006005926014180721,0.0007724776806523649,0.0002729052573807629,0.001739456898333009,0.0009916060272785396,0.0008966169045437986,0.0005111319461440812,0.0005739554400162675,0.00035834520904693204,0.0004538369197326503,0.0005035931268794203,0.0003377391030568583,0.0008609331600243995,0.0005226914690165639,0.0006101417724866422,0.003242697459706607,0.002826554636297267,0.002163138541007012,0.0022505888444770902,--,--,--
20,0.0007096541867801821,0.00034728827412542837,0.0007915760227895086,0.0006694471507019857,0.0015660640552457826,0.0029718025541297533,0.0019701447678316646,0.0005970744857612294,0.000831783058867705,0.0004196609390661847,0.0003126097055079838,0.0005799864954279949,0.00041212211980152375,0.000299542418782571,0.0005438001629576167,0.0010549321091016996,0.00031663040911580204,0.001957077481106252,0.0023345210322903275,0.0006101417724866422,0.0009041557238084613,0.000823741651652065,0.0005910434303494985,0.0007704673288484558,0.0004940439558108502,0.0005875253146926593,0.0001563048527539919,0.000524701820820473,0.0005548570978791238,0.0013142674918060725,0.002784839836366137,0.002622503928200416,0.0008981246683967305,0.0007287525289173258,0.0003111019416550502,0.00046539644260513297,0.00018696271776361822,0.00028898807181204286,0.00038548495839971567,0.0004960543076147593,0.0010318130633567377,0.0012625009328553934,0.0033532668089216507,0.001959087832910161,0.0007171930060448431,0.000515152649751903,0.0007589078059759731,0.0005015827750755111,0.00017741354669504467,0.0016630635297844344,0.00046338609080122384,0.0014112669663447243,0.0008925962009359786,0.0017414672501369181,0.0025270122175146976,0.0033683444474509744,0.0005608881532908512,0.0008714875069949259,0.0018751556450969237,0.0003844797824977611,0.000373925435527233,8.946065527399086e-05,0.000366386616262572,0.0005397794593497984,0.0010509114054938814,0.0013082364363943434,0.0019530567774984318,0.00180077262835226,0.0009745180369453068,0.0006598979796334122,0.0006749756181627375,0.000524701820820473,0.00032215887657655734,8.192183600932643e-05,0.0003015527705864801,0.0006533643362707058,0.0009689895694845532,0.0025385717403871785,0.0018766634089498573,0.0013750806338743461,0.001020253540484255,0.0005779761436240857,0.0009765283887492159,0.0002985372428806164,0.00047695596547761565,0.0003397494548607674,0.00047695596547761565,0.0011996774389832106,0.001542945009500819,0.000877518562406655,0.0013142674918060725,0.0023918160587017585,0.0019399894907730173,0.0006639186832412339,0.0003432675705176101,0.000408101416193702,0.0004749456136737065,9.900982634256095e-05,0.0004885154883500983,0.0009614507502198923,0.0014630335252954017,0.0012434025907182497,0.0022812467094867166,0.0007684569770445467,0.0009709999212884641,0.0012645112846593042,0.0009956267308863596,0.0003126097055079838,0.00047695596547761565,0.0012132473136596024,0.0005548570978791238,0.000566416620751603,0.0009383317044749286,0.003605063372361361,0.0013635211110018652,0.0012891380942571997,0.0007629285095837914,0.000707643834976273,0.0008202235359952258,0.0006086340086337121,0.00037191508372332385,0.00016384367201865285,0.00016032555636181015,0.0002879828959100883,0.0013826194531390088,0.0017545345368623327,0.002054076955644902,0.0011901282679146388,0.0015333958384322471,0.0008031355456619912,0.0008508814010048486,0.0002744130212336965,0.00010604605765624636,4.020703607819642e-05,0.0006101417724866422,0.0009916060272785396,0.000831783058867705,0.0010489010536899705,0.001224304248581106,0.0020751856495859547,0.0012986872653257715,0.0009936163790824504,0.0014610231734914925,0.0010137198971215487,0.0004176505872622756,0.0003528167415861802,0.0006332608182316075,0.0001985222406361009,0.0010011551983471114,0.002351609022623562,0.0022505888444770902,0.003337686582441348,0.0009634611020238014,0.0017128197369312027,0.00040056259692904106,0.0005724476761633339,0.0008428399937892104,0.00046640161850708753,0.00041212211980152375,0.0002708949055768538,0.0009267721816024459,0.0005910434303494985,0.000919233362337785,0.001432375660285777,0.0010986572608367405,0.0008468606973970304,0.00020003000448903102,0.0005493286304183685,0.0002729052573807629,0.001024274244092075,0.00014876603348933093,0.0006257219989669466,0.00044830845227189844,0.0021189108013209956,0.002363168545496043,0.001535406190236158,0.0008925962009359786,0.0011634911065128324,0.0005799864954279949,0.0003794539029879883,0.0002814492525473819,9.046583117594542e-05,0.00026235091041023825,0.00029200359951790655,0.0006005926014180721,0.0033949816088527807,0.0018369589608226364,0.0020274397942430956,0.0009976370826902687,0.000782026851720935,0.0002744130212336965,0.00034879603797836195,0.00016384367201865285,0.00013067286725414184,0.0003211537006745993,0.00013368839496000554,0.0002744130212336965,0.0008830470298674068,0.0011484134679835088,0.0022963243480160402,0.001232345655796746,0.0012931587978650197,0.0014459455349621689,0.0009423524080827486,0.001129315125846365,0.0010298027115528269,0.0011177556029738842,0.0005091215943401721,0.000507111242536263,0.0011041857282974923,0.0025330432729264267,0.0019148600932241445,0.0017585552404701527,0.0010091966055627514,0.001020253540484255,0.0010413622344253096,0.0006483384567609295,0.00024224739237114004,0.00029200359951790655,0.0008639486877302632,0.0012358637714535887,0.0009614507502198923,0.003143185045413069,0.002311904574496341,0.0016138099105886417,0.0013675418146096834,0.0006503488085648421,0.0004960543076147593,0.0006217012953591249,0.00032065111272362376,0.0006789963217705558,0.0007342809963780776,0.001239884475061407,0.0022887855287513775,0.003139666929756228,0.0025637011379360513,0.00041212211980152375,0.0007056334831723604,0.00045182656792874115,0.0004985672473696474,0.00034226239461565555,0.001012714721219594,0.00036035556085084464,0.0006674367988980731,0.0011212737186307251,0.0029562223276494524,0.0007247318253095041,0.0026511514414061313,0.0012911484460611088,0.0004312204619386674,0.000831783058867705,0.0006865351410352168,0.0014610231734914925,0.00013368839496000554,0.0002879828959100883,0.0006217012953591249,0.0009076738394653023,0.00018696271776361822,0.0029029480048458414,0.0017892131054797773,0.0016268771973140563,0.0008011251938580821,0.001184599800453887,0.00012212887208752285,0.0006694471507019857,0.0005724476761633339,0.00015278673709714918,0.0007287525289173258,0.002168667008467764,0.0017339284308722572,0.002004823336449111,0.0012760708075317852,0.0011443927643756888,0.000556867449683033,0.0019414972546259492,0.0012036981425910306,0.0002668742019690355,0.0003126097055079838,0.00028597254410617917,0.0005206811172126548,0.00021561023096933196,0.0016555247105197717,0.002200832637330322,0.001743477601940829,0.000774488032456274,0.0003281899319882847,0.0004844947847422766,0.0004538369197326503,0.0002367189249103882,0.0002729052573807629,0.00027843372484151474,0.000515152649751903,0.0010147250730235032,0.0010509114054938814,0.001636426368382628,0.0020465381363802392,0.0035171104809403036,0.0011579626390520806,0.0006181831797022821,0.0011770609811892242,0.00025581726704753185,0.0009061660756123704,0.0008850573816713177,0.0007021153675155212,0.0006960843121037903,0.0016992498622548109,0.0016233590816572135,0.0012891380942571997,0.0011026779644445605,0.0007991148420541695,0.0014876603348932989,0.0006960843121037903,0.0008222338877991349,0.0012227964847281742,0.0005608881532908512,0.0013238166628746443,0.001485649983089388,0.0011921386197185479,0.002452629200770032,0.0020867451724584374,0.0010318130633567377,0.0007669492131916131,0.0010604605765624532,0.00033070287174317287,0.00036035556085084464,0.00018897306956752735,0.00015429450095008276,0.001342915005011788,0.0012072162582478733,0.0018595754186166227,0.001436396363893597,0.002000802632841291,0.001338894301403968,0.0002211386984300838,0.0003397494548607674,0.0008277623552598867,0.0012549621135907324,7.840372035248372e-05,0.0005875253146926593,0.0008031355456619912,0.0009041557238084613,0.0018349486090187273,0.002260138015545662,0.0019399894907730173,0.001388650508550738,0.0008755082106027458,0.001239884475061407,0.0005056034786833294,0.00032416922838046647,0.0006352711700355167,0.0006714575025058948,0.0006840222012803321,0.0009709999212884641,0.0007589078059759731,0.0007574000421230395,0.002477758598318905,0.0020294501460470064,0.002260138015545662,0.00160426073952007,0.000616172827898373,0.00016133073226376818,0.00012514439979339,0.0003126097055079838,0.0007362913481819867,0.000249786211635801,0.0019666266521748237,0.0012207861329242634,0.0008543995166616913,0.0012589828171985507,0.0009860775598177877,0.00031663040911580204,0.00033170804764512743,0.0008810366780634977,0.00041413247160543287,0.000249786211635801,0.00038699272225264925,0.0006217012953591249,0.0031240867032759252,0.0021264496205856565,0.00189375139928309,0.0009880879116216969,0.0005814942592809284,0.0010911184415720778,0.0009820568562099678,0.0002879828959100883,0.0007770009722111622,0.0004749456136737065,0.00017540319489113554,0.001012714721219594,0.0003890030740565584,0.0019796939389002365,0.0009458705237395913,0.001035833766964556,0.0009936163790824504,0.0008222338877991349,0.0003377391030568583,0.0002668742019690355,0.0008850573816713177,0.0004885154883500983,0.0012504388220319351,0.0013409046532078788,0.0016801515201176672,0.001991253461772719,0.0029145075277183224,0.0023365313840942384,0.0010509114054938814,0.0012052059064439624,0.00023822668876331832,0.00029351136337084013,0.00015077638529324006,0.00019249118522437006,0.0006121521242905548,0.001239884475061407,0.0009348135888180859,0.0014951991541579598,0.001182589448649976,0.0019208911486358737,0.0009574300466120723,0.0014097592024917907,0.0005513389822222811,0.0001985222406361009,0.00013519615881293912,0.00020405070809685275,0.000816202832387404,0.0007935863745934177,0.0015203285517068343,0.0007171930060448431,0.002060108011056631,0.0013635211110018652,0.0006980946639076994,0.00012765733954827815,0.001127304774042456,0.0003643762644586629,0.0009699947453865095,0.00029552171517474926,0.0007780061481131167,0.0008277623552598867,0.001123284070434636,0.0005473182786144594,0.0025863175957300377,0.0016117995587847326,0.0015565148841772108,0.0006543695121726603,0.0003397494548607674,0.00028396219230227004,0.0002668742019690355,0.0003910134258604675,0.0008523891648577822,0.001592701216647589,0.0020676468303212937,0.0003699047319194147,0.0007001050157116086,0.0011941489715224587,0.0012434025907182497,0.0012072162582478733,0.000408101416193702,0.0008126847167305613,0.00044177480890919205,0.0005654114448496485,0.0007342809963780776,0.0009669792176806441,0.00180077262835226,0.0018193683825384263,0.0014951991541579598,0.0017660940597348136,0.0011423824125717796,0.0006523591603687512,0.0005438001629576167,0.0002296826935967028,0.0007046283072704058,0.00037191508372332385,0.0004407696330072375,0.0010091966055627514,0.0028989273012380214,0.0023420598515549902,0.0016575350623236808,0.0013368839496000588,0.0006101417724866422,0.00039855224512513193,0.0009478808755435005,0.0007066386590743184,0.00016032555636181015,0.0006428099893001776,0.0007955967263973268,0.0002708949055768538,0.0017087990333233827,0.0009212437141416941,0.0008714875069949259,0.0005206811172126548,0.0005799864954279949,0.00034527792232151924,0.0004824844329383675,0.000507111242536263,0.00035482709339008933,0.0008327882347696595,0.000499572423271602,0.0005930537821534111,0.003135646226148408,0.0029602430312572724,0.0022470707288202493,0.0023898057068978493,--,--,--
21,0.0007322706445741685,0.0003397494548607674,0.0007860475553287567,0.0006769859699666467,0.0016117995587847326,0.0028913884819733587,0.0019399894907730173,0.0005704373243594248,0.000806653661318834,0.0004327282257915975,0.0003211537006745993,0.0005739554400162675,0.0004292101101347548,0.0003015527705864801,0.0005453079268105503,0.0011177556029738842,0.0002975320669786584,0.0015047483252265317,0.002096294343527009,0.000515152649751903,0.0009061660756123704,0.0008373115263284568,0.0005950641339573202,0.0007704673288484558,0.0005377691075458893,0.0006543695121726603,0.00015831520455790102,0.0005513389822222811,0.0006181831797022821,0.0012685319882671225,0.0025481209114557504,0.0025174630464461258,0.0009840672080138786,0.000707643834976273,0.00033020028379219385,0.0004920336040069376,0.00017238766718527185,0.00031361488140993835,0.0004025729487329502,0.000499572423271602,0.0009900982634256077,0.0010147250730235032,0.0031240867032759252,0.0019244092642927164,0.0006905558446430385,0.0004980646594186684,0.0007800164999170259,0.0005282199364773157,0.0001945015370282792,0.0015620433516379626,0.000515152649751903,0.0015409346576969098,0.0009498912273474096,0.0018063010958130118,0.0023747280683685257,0.003627679830155347,0.0005684269725555122,0.0009403420562788378,0.0019701447678316646,0.00039201860176242206,0.0003814642547918974,0.00010102017814647007,0.0003950341294682892,0.0005684269725555122,0.001134843593307117,0.0011655014583167433,0.0017892131054797773,0.00180077262835226,0.0009634611020238014,0.0007267421771134167,0.0007116645385840913,0.0005438001629576167,0.0003015527705864801,8.795289142105728e-05,0.00032065111272362376,0.0006609031555353667,0.0009287825334063568,0.0023747280683685257,0.0014665516409522444,0.0013027079689335915,0.0008755082106027458,0.0005799864954279949,0.0009725076851413959,0.00028898807181204286,0.00048650513654618574,0.00027843372484151474,0.0005056034786833294,0.0013238166628746443,0.0015620433516379626,0.0006332608182316075,0.0013197959592668243,0.0024968569404560485,0.0020410096689194874,0.0007629285095837914,0.00035683744519400193,0.00042719975833084567,0.0004729352618697939,0.00012212887208752285,0.0005226914690165639,0.0009725076851413959,0.001443935183158258,0.0012665216364632133,0.0021666566566638547,0.000665426447094164,0.0010298027115528269,0.001331355482139307,0.0009956267308863596,0.000366386616262572,0.0004709249100658848,0.0012092266100517824,0.0006066236568298029,0.0005779761436240857,0.0009328032370141768,0.0034296601774702253,0.0011061960801014015,0.0012911484460611088,0.000715182654240934,0.0007669492131916131,0.0008353011745245477,0.0006503488085648421,0.00042066611496813927,0.00015077638529324006,0.00017087990333233827,0.00028044407664542734,0.0013047183207375006,0.001697742098401879,0.0018691245896851946,0.0011212737186307251,0.0016153176744415753,0.0008946065527398895,0.0008714875069949259,0.000299542418782571,0.0001085589974111345,4.573550353894826e-05,0.0006121521242905548,0.001024274244092075,0.0007800164999170259,0.0008297727070637959,0.0010755382150917769,0.001957077481106252,0.0013600029953450225,0.001065989044023205,0.001432375660285777,0.0010654864560722278,0.0004292101101347548,0.0003397494548607674,0.0006141624760944639,0.0002347085731064756,0.0009001350202006413,0.002117403037468062,0.0021249418567327247,0.00343870676058782,0.0010071862537588405,0.0017776535826072963,0.0004292101101347548,0.0005729502641143094,0.000869979743141994,0.0004729352618697939,0.0004749456136737065,0.00026536643811610194,0.0009976370826902687,0.0005493286304183685,0.000865959039534174,0.0013238166628746443,0.001182589448649976,0.0009614507502198923,0.00022716975384181465,0.0006005926014180721,0.00028044407664542734,0.0010624709283663623,0.00017439801898918098,0.0006026029532219812,0.0005322406400851375,0.0018826944643615864,0.002204853340938142,0.0015163078480990144,0.0009478808755435005,0.001184599800453887,0.0006121521242905548,0.000408101416193702,0.000290998423615952,9.800465044060638e-05,0.0002899932477139974,0.000299542418782571,0.0004920336040069376,0.003284412259637737,0.0019721551196355755,0.0018158502668815836,0.0010262845958959842,0.0007935863745934177,0.0002668742019690355,0.00038699272225264925,0.00016786437562647458,0.0001467556816854218,0.0003060760621452774,0.00012966769135218728,0.00021762058277324456,0.0007131723024370248,0.0009383317044749286,0.002138009143458139,0.0012569724653946415,0.0013218063110707352,0.0014399144795504398,0.0008946065527398895,0.0010393518826213987,0.0010433725862292187,0.0010931287933759887,0.0005438001629576167,0.0005438001629576167,0.0010529217572977905,0.002361158193692134,0.002004823336449111,0.0017374465465290981,0.0010720200994349342,0.0010413622344253096,0.0010378441187684669,0.0006352711700355167,0.0002593353827043711,0.00031663040911580204,0.0008981246683967305,0.0011443927643756888,0.0009403420562788378,0.0029466731565808806,0.0022375215577516774,0.0016384367201865372,0.0014017177952761525,0.0006639186832412339,0.000515152649751903,0.0006217012953591249,0.00034728827412542837,0.0007589078059759731,0.0007935863745934177,0.0011710299257774951,0.001808311447616921,0.003082371903344797,0.002372717716564615,0.00042368164267400296,0.0007513689867113121,0.0005282199364773157,0.000556867449683033,0.0003633710885567083,0.001024274244092075,0.00038548495839971567,0.0006674367988980731,0.0011976670871793015,0.0028913884819733587,0.0006292401146237858,0.002317433041957093,0.0012971795014728397,0.0005111319461440812,0.0008870677334752268,0.0006598979796334122,0.0014484584747170553,0.0001432375660285791,0.0003090915898511411,0.0005950641339573202,0.0010107043694156832,0.00012966769135218728,0.0032919510789024,0.0018766634089498573,0.0017128197369312027,0.000861938335926354,0.0012685319882671225,0.0001030305299503792,0.0006468306929079994,0.0005608881532908512,0.00017942389849895726,0.0008031355456619912,0.0022792363576828057,0.0015962193323044317,0.0014268471928250252,0.0011157452511699733,0.0010644812801702715,0.0005910434303494985,0.0019857249943119673,0.0013027079689335915,0.0002367189249103882,0.0003377391030568583,0.0002668742019690355,0.0006217012953591249,0.00020606105990076187,0.0013981996796193098,0.002218423215614534,0.0018691245896851946,0.0007553896903191304,0.0003281899319882847,0.0004613757389973147,0.0004558472715365629,0.0002211386984300838,0.00030708123804723195,0.00027843372484151474,0.0005855149628887467,0.0010147250730235032,0.0007609181577798822,0.0013484434724725398,0.0019892431099688083,0.003700052495096102,0.0012227964847281742,0.0006694471507019857,0.001226314600385017,0.0002548120911455738,0.0008830470298674068,0.0009443627598866577,0.0007629285095837914,0.0005970744857612294,0.0015962193323044317,0.0016575350623236808,0.0011770609811892242,0.0009498912273474096,0.0008468606973970304,0.0015107793806382625,0.0007227214735055949,0.0008011251938580821,0.0011785687450421578,0.0005377691075458893,0.0014474532988151007,0.001546965713108639,0.001024274244092075,0.0024280023911721366,0.0019761758232433955,0.0010755382150917769,0.0007915760227895086,0.0010720200994349342,0.000341257218713701,0.0003508063897822711,0.00018897306956752735,0.00017942389849895726,0.001388650508550738,0.0012358637714535887,0.0019892431099688083,0.001373070282070437,0.001951046425694521,0.0012207861329242634,0.0002477758598318919,0.0003759357873311456,0.0008373115263284568,0.0011941489715224587,7.538819264662003e-05,0.0005835046110848376,0.0008639486877302632,0.0007724776806523649,0.0016801515201176672,0.002012362155713772,0.0019741654714394846,0.0014761008120208162,0.000923254065945605,0.0013258270146785552,0.0005166604136048365,0.00033170804764512743,0.0005930537821534111,0.0006940739602998812,0.0007116645385840913,0.0009689895694845532,0.0005950641339573202,0.0006845247892313076,0.0026436126221414686,0.002151579018134531,0.0021741954759285156,0.0017263896116075945,0.0006387892856923594,0.0001467556816854218,0.00012514439979339,0.000341257218713701,0.000774488032456274,0.00027843372484151474,0.0017374465465290981,0.0012052059064439624,0.0007212137096526648,0.001274060455727876,0.001020253540484255,0.0003281899319882847,0.0003090915898511411,0.000873497858798835,0.00044227739686017106,0.0002231490502339964,0.0004045833005368593,0.000566416620751603,0.0027788087809544077,0.002142029847065959,0.0019113419775673018,0.001028294947699895,0.0005799864954279949,0.0010529217572977905,0.0010489010536899705,0.0002764233730376056,0.0007599129818779277,0.000507111242536263,0.00021359987916542283,0.001022263892288166,0.000299542418782571,0.001590690864843678,0.0009669792176806441,0.000869979743141994,0.0009689895694845532,0.0008332908227206386,0.0003261795801843756,0.0002764233730376056,0.0008714875069949259,0.0005206811172126548,0.001303713144835546,0.0013464331206686306,0.001485649983089388,0.0018213787343423354,0.0028612332049147114,0.002418453220103565,0.0011785687450421578,0.001285619978600357,0.00021359987916542283,0.0002708949055768538,0.00016233590816572274,0.00021561023096933196,0.0007287525289173258,0.0012434025907182497,0.000657887627829503,0.0013579926435411116,0.0012685319882671225,0.001951046425694521,0.0010529217572977905,0.0014172980217564534,0.0005417898111537076,0.00021359987916542283,0.00014876603348933093,0.00022867751769474823,0.0008966169045437986,0.0008488710492009395,0.0014017177952761525,0.0006483384567609295,0.0021973145216734793,0.0014193083735603625,0.0007362913481819867,0.00012564698774436556,0.0011197659547777933,0.00037191508372332385,0.0009584352225140268,0.00032065111272362376,0.0008277623552598867,0.0007227214735055949,0.0009976370826902687,0.0005759657918201766,0.0024259920393682258,0.0015183181999029235,0.0016138099105886417,0.0007171930060448431,0.00036035556085084464,0.0003146200573118929,0.0002593353827043711,0.00039855224512513193,0.0008011251938580821,0.0014152876699525425,0.0017851924018719573,0.00025732503090046197,0.0006543695121726603,0.0012092266100517824,0.001285619978600357,0.001327334778531487,0.00040056259692904106,0.000823741651652065,0.0004643912667031784,0.0005704373243594248,0.0007036231313684513,0.0010966469090328296,0.0016786437562647354,0.0018349486090187273,0.0014228264892172052,0.0016786437562647354,0.0011579626390520806,0.0006885454928391294,0.0005302302882812249,0.0002211386984300838,0.000790570846887554,0.00041212211980152375,0.0004292101101347548,0.001035833766964556,0.0026531617932100404,0.0023862875912410066,0.0015982296841083408,0.0012795889231886279,0.0006121521242905548,0.00042518940652693654,0.0009267721816024459,0.0007322706445741685,0.00016585402382256545,0.0006885454928391294,0.0008126847167305613,0.0002477758598318919,0.0015449553613047298,0.0007307628807212349,0.0007553896903191304,0.0005131422979479938,0.0005950641339573202,0.00033170804764512743,0.0005322406400851375,0.000515152649751903,0.00038548495839971567,0.0008011251938580821,0.0004558472715365629,0.0005724476761633339,0.0028381141591697478,0.0030290975805411843,0.002266169070957393,0.0025174630464461258,--,--,--
22,0.0007574000421230395,0.00033371839944903656,0.0007840372035248476,0.0006845247892313076,0.0016535143587158626,0.002826554636297267,0.0019093316257633927,0.0005438001629576167,0.000782026851720935,0.0004442877486640802,0.0003291951078902393,0.0005704373243594248,0.0004462981004679893,0.0003050708862433228,0.0005493286304183685,0.001184599800453887,0.00028245442844933646,0.0010679993958271142,0.0018656064740283518,0.0004196609390661847,0.0009116945430731223,0.0008488710492009395,0.0006005926014180721,0.0007704673288484558,0.0005855149628887467,0.0007212137096526648,0.00016032555636181015,0.0005779761436240857,0.0006789963217705558,0.001228324952188926,0.0023229615094178466,0.002418453220103565,0.0010679993958271142,0.0006905558446430385,0.0003508063897822711,0.0005206811172126548,0.00016032555636181015,0.00033874427895881284,0.0004196609390661847,0.000507111242536263,0.0009519015791513204,0.000774488032456274,0.0029069687084536614,0.0018902332836262473,0.0006674367988980731,0.0004824844329383675,0.0008031355456619912,0.0005533493340261902,0.00020957917555760458,0.0014650438770993125,0.0005684269725555122,0.0016690945851961635,0.0010091966055627514,0.0018751556450969237,0.0022279723866831056,0.0038910359164675383,0.0005799864954279949,0.001012714721219594,0.002069657182125203,0.00040056259692904106,0.0003910134258604675,0.00011056934921504363,0.00042518940652693654,0.0005950641339573202,0.0012187757811203542,0.001035833766964556,0.001636426368382628,0.0018118295632737636,0.0009519015791513204,0.0007955967263973268,0.0007513689867113121,0.0005644062689476939,0.00028245442844933646,9.147100707789999e-05,0.000341257218713701,0.0006704523266039403,0.0008925962009359786,0.002216412863810623,0.001070009747631025,0.0012358637714535887,0.0007362913481819867,0.0005814942592809284,0.0009735128610433505,0.00028044407664542734,0.000499572423271602,0.00021912834662617467,0.0005322406400851375,0.0014474532988151007,0.0015851623973829262,0.0003930237776643801,0.001327334778531487,0.0026054159378671813,0.00214956866633062,0.000861938335926354,0.0003678943801155056,0.00044830845227189844,0.0004709249100658848,0.0001447453298815092,0.0005588778014869421,0.0009880879116216969,0.001432375660285777,0.0012931587978650197,0.0020676468303212937,0.0005644062689476939,0.0010891080897681687,0.0014077488506878816,0.0009996474344941796,0.0004176505872622756,0.0004674067944090421,0.0012092266100517824,0.0006558772760255939,0.0005910434303494985,0.0009307928852102659,0.0032653139175005935,0.0008564098684656022,0.0012951691496689288,0.0006749756181627375,0.0008257520034559776,0.0008543995166616913,0.0006925661964469476,0.00046841197031099666,0.00013720651061684824,0.0001814342503028664,0.0002729052573807629,0.0012303353039928352,0.0016439651876472908,0.001693721394794059,0.0010529217572977905,0.0017032705658626308,0.0009880879116216969,0.0008925962009359786,0.00032416922838046647,0.0001115745251169982,5.126397099970356e-05,0.0006141624760944639,0.0010564398729546332,0.0007287525289173258,0.000623711647163034,0.0009287825334063568,0.0018465081318912082,0.0014248368410211144,0.0011368539451110278,0.0014077488506878816,0.0011167504270719296,0.00043875928120332836,0.0003261795801843756,0.0005950641339573202,0.0002708949055768538,0.0008031355456619912,0.00189375139928309,0.00199879228103738,0.003551286461606771,0.0010509114054938814,0.001844497780087299,0.000457857623340472,0.0005759657918201766,0.0008966169045437986,0.0004794689052325038,0.0005397794593497984,0.0002613457345082837,0.0010644812801702715,0.0005091215943401721,0.0008202235359952258,0.0012227964847281742,0.0012625009328553934,0.001077548566895686,0.00025380691524361926,0.0006523591603687512,0.0002899932477139974,0.0011026779644445605,0.00020003000448903102,0.0005835046110848376,0.0006141624760944639,0.001652006594862929,0.00204452778457633,0.0015047483252265317,0.0010031655501510223,0.0012036981425910306,0.0006468306929079994,0.00043674892939941923,0.0003015527705864801,0.0001050408817542918,0.00031763558501776007,0.0003090915898511411,0.00038699272225264925,0.003185402433295176,0.002111371982056333,0.0016117995587847326,0.0010564398729546332,0.0008051458974659004,0.00025732503090046197,0.00042719975833084567,0.00017188507923429283,0.00016384367201865285,0.0002930087754198611,0.00012765733954827815,0.00016032555636181015,0.0005513389822222811,0.0007247318253095041,0.0019892431099688083,0.0012836096267964479,0.0013524641760803598,0.0014399144795504398,0.0008508814010048486,0.0009554196948081631,0.0010584502247585423,0.001070009747631025,0.0005779761436240857,0.0005779761436240857,0.0010071862537588405,0.00219530416986957,0.00209026328811528,0.0017203585561958654,0.0011328332415032078,0.0010644812801702715,0.0010338234151606469,0.000623711647163034,0.0002744130212336965,0.000341257218713701,0.0009328032370141768,0.0010604605765624532,0.0009212437141416941,0.002759710438817264,0.0021706773602716747,0.0016650738815883435,0.0014419248313543489,0.0006769859699666467,0.0005377691075458893,0.0006217012953591249,0.00037191508372332385,0.0008428399937892104,0.0008508814010048486,0.0010986572608367405,0.0013464331206686306,0.003025076876933366,0.0021932938180656593,0.0004327282257915975,0.0007971044902502604,0.0006026029532219812,0.0006131573001925093,0.0003844797824977611,0.001035833766964556,0.00041212211980152375,0.000665426447094164,0.001274060455727876,0.002830575339905087,0.0005302302882812249,0.00199879228103738,0.0013082364363943434,0.0005910434303494985,0.0009458705237395913,0.0006372815218394258,0.0014399144795504398,0.00015278673709714918,0.00033070287174317287,0.0005704373243594248,0.0011137348993660642,7.237266494075634e-05,0.003680954152958958,0.001964616300370913,0.0018022803922051918,0.000923254065945605,0.0013579926435411116,8.594253961714815e-05,0.0006257219989669466,0.0005493286304183685,0.00020606105990076187,0.0008755082106027458,0.0023938264105056693,0.0014665516409522444,0.0008543995166616913,0.0009614507502198923,0.0009880879116216969,0.0006277323507708557,0.0020294501460470064,0.0014017177952761525,0.00020606105990076187,0.0003643762644586629,0.0002477758598318919,0.0007227214735055949,0.0001985222406361009,0.0011559522872481715,0.0022314905023399466,0.0019892431099688083,0.0007438301674466477,0.00033020028379219385,0.00043875928120332836,0.000457857623340472,0.00020204035629294015,0.0003432675705176101,0.00027843372484151474,0.0006543695121726603,0.001022263892288166,0.0004844947847422766,0.001065989044023205,0.0019359687871651973,0.0038910359164675383,0.0012836096267964479,0.0007247318253095041,0.0012760708075317852,0.0002528017393416647,0.000861938335926354,0.0010051759019549314,0.0008257520034559776,0.0004980646594186684,0.001493691390305028,0.001693721394794059,0.0010679993958271142,0.0008051458974659004,0.0008981246683967305,0.001535406190236158,0.0007513689867113121,0.000782026851720935,0.001138864296914937,0.0005166604136048365,0.0015715925227065344,0.0016097892069808217,0.0008543995166616913,0.002410914400838902,0.0018691245896851946,0.001123284070434636,0.0008202235359952258,0.0010870977379642578,0.00035181156568422564,0.000341257218713701,0.00018696271776361822,0.00020204035629294015,0.001437904127746529,0.0012665216364632133,0.0021189108013209956,0.0013142674918060725,0.0019073212739594819,0.0011061960801014015,0.0002764233730376056,0.00041212211980152375,0.0008468606973970304,0.001134843593307117,7.237266494075634e-05,0.0005814942592809284,0.0009252644177495141,0.0006407996374962685,0.0015374165420400671,0.0017701147633426336,0.0020143725075176828,0.0015680744070496935,0.0009745180369453068,0.0014152876699525425,0.0005302302882812249,0.0003397494548607674,0.0005533493340261902,0.000715182654240934,0.000740814639740784,0.0009689895694845532,0.00043674892939941923,0.0006086340086337121,0.0028094666459640323,0.0022792363576828057,0.0020942839917230983,0.00185203659935196,0.0006619083314373213,0.0001316780431560964,0.00012413922389143545,0.0003678943801155056,0.0008126847167305613,0.0003090915898511411,0.0015278673709714953,0.0011921386197185479,0.0005910434303494985,0.0012951691496689288,0.0010564398729546332,0.0003377391030568583,0.0002879828959100883,0.0008679693913380832,0.0004674067944090421,0.00019651188883218831,0.00042518940652693654,0.0005166604136048365,0.0024355412104367976,0.002151579018134531,0.0019359687871651973,0.001070009747631025,0.0005759657918201766,0.0010187457766313232,0.0011177556029738842,0.0002633560863121928,0.000740814639740784,0.0005417898111537076,0.00025179656343971013,0.0010318130633567377,0.00021359987916542283,0.0012072162582478733,0.0009916060272785396,0.0007056334831723604,0.0009458705237395913,0.0008428399937892104,0.00031663040911580204,0.00028396219230227004,0.0008584202202695113,0.000556867449683033,0.0013579926435411116,0.0013539719399332916,0.0012951691496689288,0.0016575350623236808,0.0028094666459640323,0.002511934578985372,0.0013067286725414115,0.0013655314628057743,0.00018897306956752735,0.000249786211635801,0.00017188507923429283,0.00023822668876331832,0.0008428399937892104,0.0012494336461299788,0.00038699272225264925,0.001228324952188926,0.0013559822917372025,0.0019892431099688083,0.0011464031161795996,0.001428354956677957,0.0005322406400851375,0.00022716975384181465,0.00016384367201865285,0.00025581726704753185,0.0009765283887492159,0.0009041557238084613,0.0012891380942571997,0.0005799864954279949,0.0023345210322903275,0.0014801215156286362,0.0007764983842601832,0.00012413922389143545,0.0011137348993660642,0.0003814642547918974,0.0009478808755435005,0.00034728827412542837,0.000877518562406655,0.0006217012953591249,0.0008810366780634977,0.0006026029532219812,0.002273707890222054,0.0014268471928250252,0.0016746230526569154,0.000782026851720935,0.0003794539029879883,0.00034527792232151924,0.00025179656343971013,0.0004060910643897929,0.0007533793385152213,0.0012378741232574979,0.0015142974962951035,0.0001467556816854218,0.0006086340086337121,0.001224304248581106,0.0013258270146785552,0.0014474532988151007,0.0003930237776643801,0.0008373115263284568,0.0004885154883500983,0.0005759657918201766,0.0006749756181627375,0.001224304248581106,0.0015640537034418735,0.00185203659935196,0.0013559822917372025,0.001590690864843678,0.0011730402775814042,0.0007267421771134167,0.0005206811172126548,0.00021259470326346827,0.000877518562406655,0.00045031880407581104,0.0004176505872622756,0.0010679993958271142,0.002418453220103565,0.0024320230947799566,0.001542945009500819,0.001226314600385017,0.0006151676519964185,0.0004538369197326503,0.0009076738394653023,0.0007599129818779277,0.0001698747274303837,0.0007322706445741685,0.0008297727070637959,0.00022867751769474823,0.001390660860354647,0.0005438001629576167,0.0006428099893001776,0.0005091215943401721,0.0006121521242905548,0.00031864076091971463,0.0005814942592809284,0.0005206811172126548,0.00041413247160543287,0.0007714725047504103,0.00041413247160543287,0.0005493286304183685,0.0025446027957989076,0.0031014702454819406,0.0022928062323591975,0.0026531617932100404,--,--,--
23,0.0008584202202695113,0.00033371839944903656,0.0008332908227206386,0.0006925661964469476,0.0016057685033730035,0.002672260135347184,0.0017223689079997745,0.0005262095846734066,0.0008523891648577822,0.00044227739686017106,0.0003678943801155056,0.0005548570978791238,0.0004432825727621256,0.0003528167415861802,0.0005493286304183685,0.0012418948268653179,0.0002633560863121928,0.0007860475553287567,0.0017263896116075945,0.0003890030740565584,0.0010031655501510223,0.000861938335926354,0.0006372815218394258,0.000749358634907403,0.0007021153675155212,0.0008468606973970304,0.0001814342503028664,0.0006217012953591249,0.0006332608182316075,0.000980549092357036,0.0024355412104367976,0.0021917860542127274,0.0011157452511699733,0.0007478508710544694,0.0004312204619386674,0.0005814942592809284,0.00017238766718527185,0.00037191508372332385,0.0004196609390661847,0.0005186707654087457,0.000823741651652065,0.0006789963217705558,0.0027426224484840295,0.0018178606186854927,0.0007267421771134167,0.0004789663172815248,0.0008182131841913132,0.0006217012953591249,0.0002477758598318919,0.0014841422192364562,0.0006483384567609295,0.0018847048161654955,0.0009267721816024459,0.0018274097897540646,0.0020636261267134737,0.003944310239271149,0.0006407996374962685,0.001129315125846365,0.002264158719153482,0.0004473032763699439,0.00041413247160543287,0.00013368839496000554,0.00046539644260513297,0.0006428099893001776,0.0013504538242764506,0.0009096841912692132,0.001493691390305028,0.0019495386618415891,0.0009614507502198923,0.0008393218781323694,0.0007669492131916131,0.0006086340086337121,0.0003126097055079838,8.946065527399086e-05,0.0003950341294682892,0.0006694471507019857,0.0007684569770445467,0.0020942839917230983,0.0009076738394653023,0.0012951691496689288,0.0007513689867113121,0.0005704373243594248,0.0010755382150917769,0.0002975320669786584,0.0005628985050947603,0.00021762058277324456,0.0005493286304183685,0.0015489760649125498,0.0014037281470800616,0.0003397494548607674,0.0013484434724725398,0.0026948765931411704,0.0023973445261625103,0.0009287825334063568,0.0003126097055079838,0.0004980646594186684,0.0005397794593497984,0.0002115895273615137,0.0005724476761633339,0.0010509114054938814,0.0014514740024229207,0.0014610231734914925,0.00174699571759767,0.0005588778014869421,0.0010187457766313232,0.0016117995587847326,0.0010720200994349342,0.00039654189332121934,0.0004729352618697939,0.0012625009328553934,0.0007267421771134167,0.0006885454928391294,0.0009765283887492159,0.0028954091855811787,0.0008031355456619912,0.0014037281470800616,0.0006448203411040902,0.0009498912273474096,0.0009157152466809423,0.0007096541867801821,0.0004985672473696474,0.00014876603348933093,0.0001764083707930901,0.0002367189249103882,0.0011041857282974923,0.0013921686242075806,0.0016917110429901499,0.0011061960801014015,0.001960595596763093,0.0010795589186995969,0.0009061660756123704,0.000382469430693852,9.800465044060638e-05,5.628985050947638e-05,0.0007036231313684513,0.0011484134679835088,0.0007001050157116086,0.0005035931268794203,0.0008141924805834949,0.0018656064740283518,0.001647985891255109,0.0011539419354442606,0.0014399144795504398,0.0011901282679146388,0.00042719975833084567,0.0003498012138803165,0.0006523591603687512,0.0003050708862433228,0.0008126847167305613,0.0015962193323044317,0.0016786437562647354,0.0037116120179685828,0.0009478808755435005,0.0018731452932930145,0.000499572423271602,0.000616172827898373,0.0009916060272785396,0.0005216862931146093,0.0006217012953591249,0.0002347085731064756,0.0009840672080138786,0.0004824844329383675,0.0009076738394653023,0.0012338534196496779,0.001335376185747127,0.0012378741232574979,0.0003211537006745993,0.000699099839809654,0.00032215887657655734,0.0011770609811892242,0.00022616457793986008,0.0006598979796334122,0.0006292401146237858,0.001384629804942918,0.0017701147633426336,0.001539426893843978,0.0009554196948081631,0.001134843593307117,0.0006865351410352168,0.0004694171462129547,0.00033170804764512743,0.00012866251545023272,0.0003116045296060292,0.0002879828959100883,0.0003759357873311456,0.002819015817032604,0.0019776835870963273,0.0015298777227754062,0.0011006676126406496,0.0008277623552598867,0.00025732503090046197,0.0004407696330072375,0.00018897306956752735,0.00018897306956752735,0.0002975320669786584,0.00012765733954827815,0.0001447453298815092,0.0005302302882812249,0.0005759657918201766,0.0018847048161654955,0.0014876603348932989,0.0013293451303353961,0.0014534843542268298,0.0008051458974659004,0.0009725076851413959,0.0011579626390520806,0.0011423824125717796,0.0006312504664276984,0.0005739554400162675,0.0008885754973281586,0.0019455179582337691,0.0019073212739594819,0.0016726127008530062,0.0012358637714535887,0.0012303353039928352,0.0011102167837092215,0.0006619083314373213,0.0003050708862433228,0.0003774435511840757,0.0008850573816713177,0.0009001350202006413,0.0008543995166616913,0.0026094366414750013,0.0021324806759973874,0.0017776535826072963,0.0014705723445600644,0.0007860475553287567,0.0005644062689476939,0.0006523591603687512,0.00040056259692904106,0.0009916060272785396,0.000823741651652065,0.0010298027115528269,0.0010564398729546332,0.002624514280004325,0.001995274165380539,0.00040056259692904106,0.000877518562406655,0.0006026029532219812,0.0005538519219771658,0.0004060910643897929,0.0010911184415720778,0.0005035931268794203,0.0006387892856923594,0.0013826194531390088,0.0027084464678175622,0.00045031880407581104,0.0019244092642927164,0.0013579926435411116,0.0006257219989669466,0.0010891080897681687,0.0006769859699666467,0.0015555097082752562,0.00017188507923429283,0.0003633710885567083,0.0005438001629576167,0.0010393518826213987,6.885454928391363e-05,0.00354776834594993,0.0018766634089498573,0.00199879228103738,0.0009880879116216969,0.0016077788551769126,9.549171068571824e-05,0.000657887627829503,0.0005417898111537076,0.0001985222406361009,0.000873497858798835,0.0025290225693186067,0.001396189327815399,0.0006387892856923594,0.0008830470298674068,0.0011137348993660642,0.0007287525289173258,0.002105843514595581,0.0015298777227754062,0.00022716975384181465,0.0004292101101347548,0.000249786211635801,0.0006789963217705558,0.00020204035629294015,0.0009519015791513204,0.0020676468303212937,0.002004823336449111,0.0008011251938580821,0.00032215887657655734,0.00043473857759550663,0.0005302302882812249,0.00021762058277324456,0.0003774435511840757,0.0002764233730376056,0.0007036231313684513,0.0009916060272785396,0.00041212211980152375,0.0009594403984159814,0.0018213787343423354,0.004035781246349049,0.0013941789760114898,0.0008202235359952258,0.0013770909856782552,0.00021359987916542283,0.0008639486877302632,0.001127304774042456,0.0009634611020238014,0.0004749456136737065,0.0015409346576969098,0.0015695821709026253,0.0010624709283663623,0.0007362913481819867,0.0010107043694156832,0.0016097892069808217,0.0007764983842601832,0.0008141924805834949,0.001216765429316445,0.0005282199364773157,0.0015866701612358598,0.0017872027536758681,0.0006940739602998812,0.0025998874704064295,0.0016670842333922527,0.0012951691496689288,0.0008810366780634977,0.0011614807547089233,0.00041413247160543287,0.00035683744519400193,0.0001829420141557965,0.0001829420141557965,0.001542945009500819,0.0012971795014728397,0.0021455479627228,0.0013484434724725398,0.0018349486090187273,0.0010870977379642578,0.000373925435527233,0.0004327282257915975,0.0008106743649266522,0.0011157452511699733,7.438301674466546e-05,0.0006101417724866422,0.0009267721816024459,0.0005342509918890466,0.0014685619927561552,0.0016459755394512,0.0019817042907041473,0.00179273122113662,0.0010187457766313232,0.0015067586770304425,0.0005166604136048365,0.00035482709339008933,0.0005438001629576167,0.0007171930060448431,0.0007684569770445467,0.0010529217572977905,0.0004060910643897929,0.0005930537821534111,0.0027582026749643305,0.002412924752642813,0.0021917860542127274,0.0021932938180656593,0.0007212137096526648,0.0001115745251169982,0.00012413922389143545,0.0003910134258604675,0.000764938861387704,0.0003050708862433228,0.0013162778436099833,0.0010468907018860614,0.0005377691075458893,0.001327334778531487,0.0011102167837092215,0.0003261795801843756,0.0002668742019690355,0.0008564098684656022,0.0005111319461440812,0.00021912834662617467,0.00045031880407581104,0.0005282199364773157,0.0018575650668127136,0.0017414672501369181,0.0018656064740283518,0.000980549092357036,0.0005548570978791238,0.0009976370826902687,0.0013142674918060725,0.0002879828959100883,0.0006800014976725104,0.0005694321484574702,0.00023269822130256648,0.0009061660756123704,0.00022716975384181465,0.0011484134679835088,0.0009634611020238014,0.0007116645385840913,0.0009348135888180859,0.0008523891648577822,0.0003678943801155056,0.00031864076091971463,0.0009041557238084613,0.0005910434303494985,0.0014791163397266816,0.001224304248581106,0.0011579626390520806,0.0015866701612358598,0.0023877953550939385,0.0026797989546118468,0.0014228264892172052,0.001396189327815399,0.00017942389849895726,0.0002613457345082837,0.000208071411704671,0.00025380691524361926,0.0008428399937892104,0.0012358637714535887,0.0002879828959100883,0.0011177556029738842,0.0014534843542268298,0.0020942839917230983,0.0011655014583167433,0.001592701216647589,0.0004960543076147593,0.00028044407664542734,0.0001563048527539919,0.0002633560863121928,0.0010031655501510223,0.000869979743141994,0.0011443927643756888,0.0004980646594186684,0.002315422690153184,0.0015736028745104453,0.000877518562406655,0.0001628384961166983,0.0012494336461299788,0.000408101416193702,0.0009317980611122222,0.0003910134258604675,0.0009096841912692132,0.0006810066735744649,0.0007991148420541695,0.0005704373243594248,0.0022907958805552884,0.0013006976171296807,0.0018309279054109073,0.0008393218781323694,0.00034527792232151924,0.00033170804764512743,0.0002708949055768538,0.000408101416193702,0.0007307628807212349,0.0011082064319053123,0.0013981996796193098,0.00011609781667579547,0.0005739554400162675,0.0011157452511699733,0.0013368839496000588,0.001546965713108639,0.00041011176799761115,0.0008755082106027458,0.0005282199364773157,0.0005759657918201766,0.0006558772760255939,0.001138864296914937,0.0011634911065128324,0.0018193683825384263,0.001388650508550738,0.0016555247105197717,0.001184599800453887,0.0007875553191816903,0.0005548570978791238,0.00021259470326346827,0.0009126997189750786,0.00043473857759550663,0.0003890030740565584,0.0009976370826902687,0.0021455479627228,0.0023747280683685257,0.0015238466673636753,0.0012474232943260697,0.0006523591603687512,0.00044227739686017106,0.000978538740553125,0.0008267571793579322,0.0001945015370282792,0.0007764983842601832,0.000816202832387404,0.00017942389849895726,0.0012016877907871197,0.00046539644260513297,0.0005628985050947603,0.0006694471507019857,0.0006121521242905548,0.0003528167415861802,0.0005990848375651385,0.0005206811172126548,0.00041212211980152375,0.0007714725047504103,0.0004327282257915975,0.000524701820820473,0.0021324806759973874,0.0030135173540608833,0.0021209211531249047,0.002720005990690043,--,--,--
24,0.0009574300466120723,0.0003357287512529457,0.0008795289142105658,0.0006980946639076994,0.0015545045323733016,0.0025174630464461258,0.0015258570191675862,0.000507111242536263,0.0009212437141416941,0.00044227739686017106,0.000408101416193702,0.0005377691075458893,0.0004397644571052829,0.00040056259692904106,0.0005453079268105503,0.0012971795014728397,0.0002477758598318919,0.0004980646594186684,0.0015851623973829262,0.00035683744519400193,0.0010931287933759887,0.0008755082106027458,0.0006694471507019857,0.0007307628807212349,0.0008182131841913132,0.0009709999212884641,0.00020003000448903102,0.0006674367988980731,0.0005814942592809284,0.0007287525289173258,0.0025385717403871785,0.001955067129302341,0.0011614807547089233,0.0007991148420541695,0.0005091215943401721,0.0006407996374962685,0.00018394719005775106,0.0004045833005368593,0.0004196609390661847,0.0005302302882812249,0.0006905558446430385,0.0005799864954279949,0.002571239957200714,0.0017414672501369181,0.000782026851720935,0.0004749456136737065,0.0008297727070637959,0.0006905558446430385,0.00028396219230227004,0.0015012302095696907,0.0007287525289173258,0.002099812459183852,0.0008413322299362785,0.0017736328789994763,0.001895761751087001,0.003990045742810099,0.0006980946639076994,0.0012454129425221606,0.0024546395525739412,0.0004940439558108502,0.00043674892939941923,0.00015429450095008276,0.0005056034786833294,0.0006905558446430385,0.0014821318674325453,0.0007860475553287567,0.001342915005011788,0.0020827244688506174,0.0009669792176806441,0.0008830470298674068,0.0007840372035248476,0.0006523591603687512,0.000341257218713701,8.946065527399086e-05,0.0004462981004679893,0.0006674367988980731,0.0006387892856923594,0.0019701447678316646,0.0007383016999858959,0.0013524641760803598,0.000764938861387704,0.0005548570978791238,0.0011730402775814042,0.0003126097055079838,0.0006257219989669466,0.00021561023096933196,0.0005644062689476939,0.0016499962430590199,0.0012187757811203542,0.00028597254410617917,0.0013655314628057743,0.002777301017101474,0.0026380841546807168,0.0009976370826902687,0.00025581726704753185,0.0005473182786144594,0.0006086340086337121,0.00028245442844933646,0.0005835046110848376,0.0011102167837092215,0.0014685619927561552,0.0016288875491179654,0.0014228264892172052,0.0005493286304183685,0.0009458705237395913,0.0018138399150776727,0.001138864296914937,0.000373925435527233,0.00047695596547761565,0.0013142674918060725,0.0007955967263973268,0.0007840372035248476,0.001022263892288166,0.002521483750053944,0.0007438301674466477,0.0015107793806382625,0.0006121521242905548,0.001070009747631025,0.0009745180369453068,0.0007267421771134167,0.0005302302882812249,0.00015932038045985558,0.00017238766718527185,0.00020204035629294015,0.0009709999212884641,0.0011328332415032078,0.0016841722237254872,0.0011594704029050142,0.002216412863810623,0.0011675118101206524,0.0009157152466809423,0.0004397644571052829,8.493736371519359e-05,6.081314206827365e-05,0.0007955967263973268,0.001239884475061407,0.000665426447094164,0.00038699272225264925,0.0006960843121037903,0.0018826944643615864,0.0018656064740283518,0.001169019573973586,0.0014685619927561552,0.0012614957569534388,0.00041413247160543287,0.0003729202596252784,0.0007116645385840913,0.0003397494548607674,0.0008222338877991349,0.0012891380942571997,0.001342915005011788,0.0038699272225264855,0.0008413322299362785,0.00189777210289091,0.0005417898111537076,0.0006533643362707058,0.0010850873861603487,0.0005644062689476939,0.0007036231313684513,0.000208071411704671,0.0009001350202006413,0.0004558472715365629,0.0009916060272785396,0.0012434025907182497,0.0014077488506878816,0.0013941789760114898,0.0003890030740565584,0.0007468456951525149,0.00035683744519400193,0.0012494336461299788,0.0002528017393416647,0.0007342809963780776,0.0006448203411040902,0.0011102167837092215,0.0014876603348932989,0.0015715925227065344,0.0009001350202006413,0.0010604605765624532,0.0007247318253095041,0.0005015827750755111,0.00036236591265475376,0.00015278673709714918,0.0003060760621452774,0.00026536643811610194,0.0003643762644586629,0.0024491110851131894,0.001840477076479479,0.0014399144795504398,0.0011464031161795996,0.0008488710492009395,0.0002593353827043711,0.0004538369197326503,0.00020606105990076187,0.0002146050550673774,0.0003030605344394137,0.00012966769135218728,0.00012966769135218728,0.0005056034786833294,0.00042719975833084567,0.0017796639344112054,0.001682161871921578,0.0013006976171296807,0.0014590128216875834,0.0007574000421230395,0.0009860775598177877,0.0012569724653946415,0.0012132473136596024,0.0006830170253783775,0.0005704373243594248,0.0007684569770445467,0.0016881929273333072,0.0017168404405390227,0.0016248668455101471,0.001335376185747127,0.0013921686242075806,0.001182589448649976,0.0006960843121037903,0.0003377391030568583,0.000415640235458363,0.0008353011745245477,0.0007362913481819867,0.0007860475553287567,0.002460670607985672,0.0020942839917230983,0.0018882229318223382,0.0014951991541579598,0.0008905858491320695,0.0005910434303494985,0.0006789963217705558,0.00042719975833084567,0.0011403720607678688,0.0007955967263973268,0.0009614507502198923,0.0007629285095837914,0.0022199309794674656,0.0017851924018719573,0.000366386616262572,0.0009539119309552296,0.0006026029532219812,0.0004960543076147593,0.0004292101101347548,0.0011443927643756888,0.0005910434303494985,0.0006121521242905548,0.0014876603348932989,0.0025787787764653767,0.00036236591265475376,0.001840477076479479,0.0014097592024917907,0.0006598979796334122,0.0012303353039928352,0.000715182654240934,0.0016670842333922527,0.00018997824546948192,0.0003950341294682892,0.000515152649751903,0.0009634611020238014,6.885454928391363e-05,0.0034025204281174417,0.0017816742862151163,0.0021917860542127274,0.0010489010536899705,0.001854046951155871,0.0001050408817542918,0.0006905558446430385,0.0005322406400851375,0.00018897306956752735,0.0008714875069949259,0.0026627109642786122,0.0013293451303353961,0.0004176505872622756,0.0008031355456619912,0.001232345655796746,0.0008277623552598867,0.002172687712075584,0.0016555247105197717,0.0002477758598318919,0.0004940439558108502,0.00025179656343971013,0.0006332608182316075,0.00020405070809685275,0.0007398094638388295,0.0018922436354301582,0.0020143725075176828,0.0008543995166616913,0.0003111019416550502,0.00042719975833084567,0.0006026029532219812,0.0002367189249103882,0.00041212211980152375,0.0002744130212336965,0.0007533793385152213,0.0009574300466120723,0.0003377391030568583,0.0008488710492009395,0.001697742098401879,0.004165448937701235,0.0015012302095696907,0.0009116945430731223,0.0014725826963639735,0.0001733928430872264,0.000861938335926354,0.0012474232943260697,0.0010986572608367405,0.00045182656792874115,0.0015851623973829262,0.001437904127746529,0.0010529217572977905,0.0006639186832412339,0.0011177556029738842,0.0016786437562647354,0.0007991148420541695,0.0008428399937892104,0.0012891380942571997,0.0005342509918890466,0.00160024003591225,0.001960595596763093,0.0005282199364773157,0.0027903683038268887,0.0014650438770993125,0.0014665516409522444,0.0009423524080827486,0.001232345655796746,0.00047695596547761565,0.00037191508372332385,0.00017942389849895726,0.00016384367201865285,0.001640447071990448,0.0013258270146785552,0.002164646304859944,0.0013770909856782552,0.0017585552404701527,0.0010679993958271142,0.0004694171462129547,0.00045182656792874115,0.0007724776806523649,0.0010966469090328296,7.538819264662003e-05,0.0006372815218394258,0.0009307928852102659,0.00042518940652693654,0.0013941789760114898,0.0015142974962951035,0.0019455179582337691,0.002010351803909863,0.0010624709283663623,0.001592701216647589,0.0005025879509774657,0.00037191508372332385,0.0005342509918890466,0.0007171930060448431,0.0007955967263973268,0.001138864296914937,0.00037191508372332385,0.0005724476761633339,0.0026988972967489904,0.0025461105596518412,0.0022832570612906257,0.002525504453661764,0.0007800164999170259,9.247618297985455e-05,0.00012413922389143545,0.00041413247160543287,0.0007171930060448431,0.0003030605344394137,0.0010986572608367405,0.0008966169045437986,0.00048047408113445836,0.0013559822917372025,0.0011614807547089233,0.0003126097055079838,0.00024224739237114004,0.0008428399937892104,0.000556867449683033,0.00024425774417504917,0.0004749456136737065,0.0005397794593497984,0.0012609931690024615,0.0013238166628746443,0.0017912234572836881,0.0008870677334752268,0.0005302302882812249,0.0009725076851413959,0.0015047483252265317,0.0003090915898511411,0.0006186857676532612,0.0005950641339573202,0.00021561023096933196,0.000774488032456274,0.00024224739237114004,0.0010850873861603487,0.0009328032370141768,0.0007131723024370248,0.000923254065945605,0.0008604305720734222,0.0004176505872622756,0.00035482709339008933,0.0009478808755435005,0.0006257219989669466,0.0015962193323044317,0.0010891080897681687,0.0010167354248274123,0.0015087690288343517,0.001951046425694521,0.0028436426266304996,0.0015333958384322471,0.0014208161374132961,0.0001698747274303837,0.0002744130212336965,0.00024224739237114004,0.00026888455377294465,0.0008413322299362785,0.0012187757811203542,0.00019249118522437006,0.0010031655501510223,0.0015504838287654817,0.0021897757024088183,0.0011770609811892242,0.0017530267730094008,0.00045986797514438113,0.00033170804764512743,0.00014876603348933093,0.0002708949055768538,0.001028294947699895,0.0008332908227206386,0.0009916060272785396,0.000415640235458363,0.0022887855287513775,0.0016630635297844344,0.000978538740553125,0.00020103518039098559,0.0013811116892860752,0.00043674892939941923,0.0009116945430731223,0.0004327282257915975,0.0009403420562788378,0.0007398094638388295,0.0007131723024370248,0.0005342509918890466,0.002309894222692432,0.0011730402775814042,0.0019837146425080564,0.0008905858491320695,0.0003090915898511411,0.00031663040911580204,0.0002879828959100883,0.00041011176799761115,0.0007036231313684513,0.0009709999212884641,0.0012760708075317852,8.594253961714815e-05,0.0005377691075458893,0.0010031655501510223,0.0013464331206686306,0.0016424574237943572,0.00042719975833084567,0.0009137048948770331,0.0005674217966535576,0.0005769709677221312,0.0006352711700355167,0.0010468907018860614,0.0007513689867113121,0.0017831820500680481,0.0014152876699525425,0.0017203585561958654,0.001186610152257796,0.0008468606973970304,0.0005855149628887467,0.00021359987916542283,0.0009468756996415459,0.0004196609390661847,0.00036035556085084464,0.000923254065945605,0.0018635961222244427,0.002309894222692432,0.0015067586770304425,0.0012625009328553934,0.0006875403169371748,0.0004312204619386674,0.0010489010536899705,0.0008946065527398895,0.00021762058277324456,0.0008182131841913132,0.0007991148420541695,0.00012765733954827815,0.0010107043694156832,0.0003794539029879883,0.00047695596547761565,0.0008222338877991349,0.0006086340086337121,0.00038347460659580654,0.0006141624760944639,0.0005186707654087457,0.00041212211980152375,0.0007694621529465012,0.00044830845227189844,0.0004960543076147593,0.0017087990333233827,0.0029145075277183224,0.0019414972546259492,0.0027828294845622277,--,--,--
25,0.0010835796223074168,0.0003528167415861802,0.0009574300466120723,0.0007398094638388295,0.0015736028745104453,0.0024430800297014603,0.0014419248313543489,0.0005417898111537076,0.0010071862537588405,0.00044830845227189844,0.0004608731510463357,0.0005357587557419802,0.00043574375349746466,0.0004538369197326503,0.0005588778014869421,0.0013791013374821661,0.0002477758598318919,0.00033371839944903656,0.001493691390305028,0.00036236591265475376,0.0011956567353753906,0.0008966169045437986,0.0007458405192505603,0.0007247318253095041,0.0009328032370141768,0.0011137348993660642,0.00022716975384181465,0.0007362913481819867,0.0005855149628887467,0.0005814942592809284,0.002674270487151095,0.0018233890861462446,0.0012207861329242634,0.0008946065527398895,0.0006005926014180721,0.0007478508710544694,0.00020606105990076187,0.00043574375349746466,0.00043875928120332836,0.0005644062689476939,0.0006277323507708557,0.0005226914690165639,0.002559680434328233,0.0017339284308722572,0.0008714875069949259,0.0004844947847422766,0.000861938335926354,0.0007704673288484558,0.0003281899319882847,0.001546965713108639,0.0008126847167305613,0.0023747280683685257,0.0008106743649266522,0.0017872027536758681,0.0018178606186854927,0.004100615092025141,0.0007780061481131167,0.001386640156746827,0.002664721316082523,0.0005463131027125048,0.00045986797514438113,0.00017741354669504467,0.0005493286304183685,0.0007478508710544694,0.001636426368382628,0.0006905558446430385,0.0012705423400710333,0.0023229615094178466,0.0010071862537588405,0.0009137048948770331,0.0007955967263973268,0.0007001050157116086,0.0003814642547918974,8.946065527399086e-05,0.0005131422979479938,0.0006820118494764195,0.0005588778014869421,0.0019284299679005364,0.0006543695121726603,0.0014172980217564534,0.0007991148420541695,0.0005588778014869421,0.0013122571400021633,0.000332713223547082,0.0006960843121037903,0.00021762058277324456,0.0005910434303494985,0.0017701147633426336,0.0010911184415720778,0.0002764233730376056,0.0014343860120896862,0.0028954091855811787,0.0029527042119926097,0.0010604605765624532,0.0002115895273615137,0.0006026029532219812,0.0006885454928391294,0.00035482709339008933,0.0006086340086337121,0.0011976670871793015,0.0015489760649125498,0.0018349486090187273,0.0012016877907871197,0.000556867449683033,0.0009157152466809423,0.0019932638135766283,0.001228324952188926,0.00037191508372332385,0.0004885154883500983,0.0013715625182175034,0.0008755082106027458,0.0009041557238084613,0.0010870977379642578,0.0022314905023399466,0.0007247318253095041,0.0015982296841083408,0.0005950641339573202,0.0012092266100517824,0.0010393518826213987,0.0007589078059759731,0.0005538519219771658,0.00017439801898918098,0.0001764083707930901,0.0001849523659597091,0.0009157152466809423,0.0009916060272785396,0.0017243792598036854,0.0012434025907182497,0.002477758598318905,0.0012529517617868215,0.0009539119309552296,0.0004980646594186684,7.639336854857459e-05,6.583902157804994e-05,0.0008885754973281586,0.0013579926435411116,0.0007001050157116086,0.0002975320669786584,0.0006407996374962685,0.0019284299679005364,0.0021229315049288155,0.0012052059064439624,0.0015489760649125498,0.0013464331206686306,0.0004176505872622756,0.00040357812463490475,0.0007669492131916131,0.00038548495839971567,0.0008413322299362785,0.0010966469090328296,0.001129315125846365,0.004068449463162583,0.0007955967263973268,0.0020028129846452,0.0006066236568298029,0.0007141774783389794,0.0012072162582478733,0.0006015977773200266,0.0007860475553287567,0.00019651188883218831,0.0008373115263284568,0.0004694171462129547,0.0011368539451110278,0.0012609931690024615,0.0014951991541579598,0.0015776235781182653,0.00046338609080122384,0.0007895656709855994,0.00039855224512513193,0.001342915005011788,0.0002814492525473819,0.0008353011745245477,0.000657887627829503,0.0009116945430731223,0.0013238166628746443,0.0016499962430590199,0.0009287825334063568,0.0010624709283663623,0.0007764983842601832,0.0005438001629576167,0.0003975470692231739,0.00017439801898918098,0.0003060760621452774,0.00025581726704753185,0.0003759357873311456,0.002216412863810623,0.001804290744009101,0.0014761008120208162,0.0012052059064439624,0.0009001350202006413,0.0002744130212336965,0.0004694171462129547,0.00022515940203790552,0.00024878103573384644,0.00031361488140993835,0.00013368839496000554,0.00012966769135218728,0.0005186707654087457,0.0003281899319882847,0.0017530267730094008,0.0019399894907730173,0.0013006976171296807,0.0015163078480990144,0.0007227214735055949,0.0010167354248274123,0.0013635211110018652,0.0013177856074629152,0.0007684569770445467,0.0006066236568298029,0.0007192033578487522,0.0016153176744415753,0.0015756132263143544,0.00160024003591225,0.0014399144795504398,0.0015962193323044317,0.0012705423400710333,0.0007513689867113121,0.0003678943801155056,0.0004442877486640802,0.0008141924805834949,0.0006639186832412339,0.000782026851720935,0.0024320230947799566,0.002101822810987761,0.002060108011056631,0.0015620433516379626,0.0010091966055627514,0.0006257219989669466,0.0007362913481819867,0.00046539644260513297,0.0012971795014728397,0.0007971044902502604,0.0009689895694845532,0.0005724476761633339,0.0019264196160966255,0.0016786437562647354,0.00035834520904693204,0.0010564398729546332,0.0006005926014180721,0.0004473032763699439,0.00045685244743851744,0.0012358637714535887,0.0007036231313684513,0.0006101417724866422,0.0016439651876472908,0.0025290225693186067,0.0003050708862433228,0.0018786737607537664,0.0014650438770993125,0.0007192033578487522,0.0013635211110018652,0.0007860475553287567,0.00179675192474444,0.0002115895273615137,0.0004407696330072375,0.0005302302882812249,0.0009157152466809423,7.639336854857459e-05,0.0033799039703234553,0.0017701147633426336,0.002403375581574241,0.0011177556029738842,0.002117403037468062,0.00011609781667579547,0.0007322706445741685,0.0005438001629576167,0.00018897306956752735,0.0008755082106027458,0.002864751320571554,0.0013333658339432161,0.0002668742019690355,0.0007704673288484558,0.0014037281470800616,0.0009423524080827486,0.0022983346998199494,0.0018213787343423354,0.00028044407664542734,0.0005588778014869421,0.0002708949055768538,0.0006181831797022821,0.00021912834662617467,0.0006428099893001776,0.0018289175536069981,0.002056087307448811,0.0009614507502198923,0.00031663040911580204,0.00043473857759550663,0.0006925661964469476,0.0002668742019690355,0.0004407696330072375,0.00028597254410617917,0.0008031355456619912,0.000964968865876735,0.000299542418782571,0.0008141924805834949,0.0016786437562647354,0.004432825727621246,0.0016766334044608245,0.0010107043694156832,0.0016213487298533044,0.00014876603348933093,0.0008850573816713177,0.0013770909856782552,0.0012454129425221606,0.00044830845227189844,0.0016992498622548109,0.0014097592024917907,0.0011122271355131323,0.0006407996374962685,0.0012720501039239652,0.0017545345368623327,0.0008363063504265023,0.0008885754973281586,0.0014193083735603625,0.0005950641339573202,0.0016424574237943572,0.002218423215614534,0.0004442877486640802,0.002926067050590805,0.0013197959592668243,0.0016706023490490954,0.001012714721219594,0.001338894301403968,0.0005538519219771658,0.0004025729487329502,0.0001814342503028664,0.00015831520455790102,0.0017851924018719573,0.0013655314628057743,0.0022470707288202493,0.0014685619927561552,0.0017545345368623327,0.0011137348993660642,0.0005684269725555122,0.0004920336040069376,0.000749358634907403,0.0011082064319053123,8.393218781323555e-05,0.0006810066735744649,0.0009519015791513204,0.0003678943801155056,0.0013635211110018652,0.0014554947060307407,0.0019817042907041473,0.0022772260058788966,0.0011061960801014015,0.0017203585561958654,0.0004985672473696474,0.0003930237776643801,0.0005342509918890466,0.000749358634907403,0.0008448503455931195,0.0012338534196496779,0.00037191508372332385,0.0005739554400162675,0.002713974935278314,0.002677788602807936,0.0024395619140446176,0.0029049583566497506,0.0008468606973970304,8.493736371519359e-05,0.00013268321905805097,0.0004442877486640802,0.0006830170253783775,0.00031663040911580204,0.000980549092357036,0.0007971044902502604,0.00043875928120332836,0.0014193083735603625,0.001232345655796746,0.0003126097055079838,0.0002367189249103882,0.0008584202202695113,0.0006332608182316075,0.0002708949055768538,0.0005357587557419802,0.0005930537821534111,0.0008393218781323694,0.001035833766964556,0.0017892131054797773,0.0008277623552598867,0.0005262095846734066,0.0009840672080138786,0.001739456898333009,0.0003432675705176101,0.0005779761436240857,0.0006292401146237858,0.000208071411704671,0.0006925661964469476,0.0002593353827043711,0.0010468907018860614,0.0009252644177495141,0.0007287525289173258,0.0009519015791513204,0.0008870677334752268,0.0004900232522030284,0.00038548495839971567,0.0010107043694156832,0.0006925661964469476,0.0017605655922740618,0.0009996474344941796,0.0009307928852102659,0.0015087690288343517,0.0016499962430590199,0.0030974495418741206,0.0017108093851272935,0.001493691390305028,0.0001764083707930901,0.00028396219230227004,0.00028597254410617917,0.0003015527705864801,0.0008714875069949259,0.0012645112846593042,0.00015429450095008276,0.0009116945430731223,0.0016766334044608245,0.002353619374427471,0.0012418948268653179,0.001955067129302341,0.0004292101101347548,0.0003890030740565584,0.00015077638529324006,0.00029552171517474926,0.001070009747631025,0.0008393218781323694,0.0009252644177495141,0.00034879603797836195,0.002311904574496341,0.001794741572940529,0.0010755382150917769,0.00024425774417504917,0.001531385486628338,0.00047695596547761565,0.0009242592418475595,0.0004789663172815248,0.0010091966055627514,0.0008222338877991349,0.000673467854309804,0.0005302302882812249,0.002406893697231082,0.0011157452511699733,0.00214956866633062,0.0009634611020238014,0.00028597254410617917,0.00030708123804723195,0.00031864076091971463,0.00042518940652693654,0.0007171930060448431,0.000919233362337785,0.0012092266100517824,6.885454928391363e-05,0.0005186707654087457,0.0009614507502198923,0.0013675418146096834,0.00175101642120549,0.0004462981004679893,0.0009594403984159814,0.0006292401146237858,0.000582499435182883,0.0006483384567609295,0.0009880879116216969,0.0004538369197326503,0.0017796639344112054,0.0015238466673636753,0.0018193683825384263,0.0012625009328553934,0.0009172230105338741,0.0006407996374962685,0.0002211386984300838,0.0009830620321119223,0.00041011176799761115,0.00035834520904693204,0.0008830470298674068,0.001697742098401879,0.0023023554034277693,0.0015122871444911944,0.0013027079689335915,0.000740814639740784,0.0004292101101347548,0.0011464031161795996,0.0009539119309552296,0.0002367189249103882,0.0008543995166616913,0.0007971044902502604,0.00010102017814647007,0.0008810366780634977,0.00033020028379219385,0.0004327282257915975,0.0009725076851413959,0.0006181831797022821,0.00043875928120332836,0.0006428099893001776,0.0005357587557419802,0.00041212211980152375,0.0008001200179561241,0.0004920336040069376,0.0004960543076147593,0.0014419248313543489,0.002929585166247646,0.0018233890861462446,0.002824544284493356,--,--,--
26,0.0012589828171985507,0.0004060910643897929,0.0011006676126406496,0.0008564098684656022,0.0017339284308722572,0.0025290225693186067,0.0015851623973829262,0.0006830170253783775,0.0011252944222385451,0.0004674067944090421,0.0005397794593497984,0.0005588778014869421,0.0004312204619386674,0.0005131422979479938,0.0006046133050258903,0.0015183181999029235,0.00028245442844933646,0.0004176505872622756,0.0014992198577657798,0.00044830845227189844,0.0013258270146785552,0.0009267721816024459,0.0009157152466809423,0.000749358634907403,0.0010413622344253096,0.0012971795014728397,0.0002613457345082837,0.0008543995166616913,0.0006925661964469476,0.0006448203411040902,0.002874300491640126,0.00189777210289091,0.0013102467881982525,0.0010755382150917769,0.0007192033578487522,0.0009498912273474096,0.000249786211635801,0.0004613757389973147,0.0004940439558108502,0.0006468306929079994,0.0007036231313684513,0.0005608881532908512,0.002868772024179374,0.0018671142378812854,0.0010262845958959842,0.0005226914690165639,0.0009348135888180859,0.000869979743141994,0.0003794539029879883,0.001647985891255109,0.0009061660756123704,0.002765741494228993,0.0008850573816713177,0.0019379791389691082,0.0019148600932241445,0.00434889353980801,0.0009076738394653023,0.0015811416937751063,0.0029069687084536614,0.0006121521242905548,0.00048047408113445836,0.0001985222406361009,0.0006005926014180721,0.0008222338877991349,0.0018424874282833882,0.0006543695121726603,0.0013559822917372025,0.0027883579520229795,0.0011177556029738842,0.0009116945430731223,0.0008011251938580821,0.0007574000421230395,0.0004462981004679893,8.946065527399086e-05,0.0006086340086337121,0.0007307628807212349,0.0005739554400162675,0.002052066603840993,0.0007438301674466477,0.0014916810385011189,0.0008714875069949259,0.0005950641339573202,0.001535406190236158,0.00035834520904693204,0.0007840372035248476,0.00022867751769474823,0.0006387892856923594,0.0019319480835573773,0.001074030451238845,0.0003508063897822711,0.00160426073952007,0.003082371903344797,0.003408551483529171,0.0011122271355131323,0.00020003000448903102,0.000665426447094164,0.0007915760227895086,0.0004312204619386674,0.0006598979796334122,0.001342915005011788,0.0017565448886662418,0.0021093616302524237,0.0011901282679146388,0.0005930537821534111,0.0009689895694845532,0.0021209211531249047,0.0013620133471489316,0.00041212211980152375,0.0005131422979479938,0.001437904127746529,0.0009725076851413959,0.0010720200994349342,0.0011956567353753906,0.0021133823338602437,0.0007860475553287567,0.001652006594862929,0.0006101417724866422,0.001386640156746827,0.0011157452511699733,0.000816202832387404,0.000566416620751603,0.00019751706473414288,0.00019751706473414288,0.00020204035629294015,0.0010147250730235032,0.0010755382150917769,0.00185605730295978,0.001384629804942918,0.0027582026749643305,0.001331355482139307,0.0010509114054938814,0.0005608881532908512,7.890630830346274e-05,6.885454928391363e-05,0.0009916060272785396,0.0015258570191675862,0.0008714875069949259,0.0002593353827043711,0.000715182654240934,0.0020314604978509156,0.002460670607985672,0.001285619978600357,0.0017278973754605263,0.0014564998819326953,0.00045182656792874115,0.000449313628173853,0.0008106743649266522,0.0004538369197326503,0.000877518562406655,0.001127304774042456,0.0011594704029050142,0.004341354720543348,0.000873497858798835,0.0022716975384181447,0.0007212137096526648,0.0008232390637010895,0.0013811116892860752,0.0006302452905257439,0.0008714875069949259,0.00021359987916542283,0.0008141924805834949,0.0005628985050947603,0.0013921686242075806,0.0012931587978650197,0.0016138099105886417,0.0018118295632737636,0.0005538519219771658,0.0008267571793579322,0.0004613757389973147,0.0014801215156286362,0.00031562523321384747,0.0009820568562099678,0.000673467854309804,0.000861938335926354,0.0013981996796193098,0.0018233890861462446,0.001123284070434636,0.001224304248581106,0.0008523891648577822,0.0006005926014180721,0.0004442877486640802,0.00019249118522437006,0.0003146200573118929,0.00027843372484151474,0.0004327282257915975,0.002266169070957393,0.0019681344160277555,0.0017545345368623327,0.001285619978600357,0.0010107043694156832,0.00031864076091971463,0.0004920336040069376,0.00025581726704753185,0.000299542418782571,0.00033170804764512743,0.0001447453298815092,0.00016786437562647458,0.0006086340086337121,0.00031663040911580204,0.0018847048161654955,0.0023229615094178466,0.0013600029953450225,0.0016690945851961635,0.0007171930060448431,0.0010850873861603487,0.001489670686697208,0.0014916810385011189,0.0009212437141416941,0.0007212137096526648,0.0008086640131227431,0.0019148600932241445,0.0015374165420400671,0.0016193383780493936,0.0015600329998340535,0.0018847048161654955,0.001388650508550738,0.0008468606973970304,0.00039654189332121934,0.0004538369197326503,0.0008523891648577822,0.000774488032456274,0.0009041557238084613,0.0026491410896022204,0.0021973145216734793,0.0023480909069667193,0.0017108093851272935,0.0011559522872481715,0.0006749756181627375,0.0008508814010048486,0.0005226914690165639,0.0014725826963639735,0.0008604305720734222,0.0011252944222385451,0.0005950641339573202,0.0018465081318912082,0.0017736328789994763,0.0004045833005368593,0.0012052059064439624,0.0005950641339573202,0.00041664541136031755,0.0004950491317128047,0.0014002100314232189,0.0008604305720734222,0.0006558772760255939,0.0018997824546948192,0.0026436126221414686,0.00031663040911580204,0.002163138541007012,0.0015333958384322471,0.000823741651652065,0.0014821318674325453,0.0009157152466809423,0.001961600772665049,0.00023822668876331832,0.0005166604136048365,0.0006312504664276984,0.000923254065945605,0.0001181081684797046,0.003601042668753541,0.0019188807968319645,0.0026531617932100404,0.0012092266100517824,0.002410914400838902,0.00013720651061684824,0.0007915760227895086,0.0005990848375651385,0.00020204035629294015,0.0008925962009359786,0.00320450077543232,0.0014761008120208162,0.00025581726704753185,0.0008297727070637959,0.0016746230526569154,0.0010891080897681687,0.0025425924439949985,0.002069657182125203,0.0003377391030568583,0.0006292401146237858,0.0003281899319882847,0.0006674367988980731,0.0002593353827043711,0.000782026851720935,0.001995274165380539,0.002164646304859944,0.0011675118101206524,0.00034879603797836195,0.0004729352618697939,0.0008182131841913132,0.00032416922838046647,0.00045182656792874115,0.00032065111272362376,0.0008508814010048486,0.0010529217572977905,0.00033371839944903656,0.0009348135888180859,0.0018671142378812854,0.004970594835167135,0.0019857249943119673,0.0011212737186307251,0.0018766634089498573,0.0001563048527539919,0.0009519015791513204,0.0015238466673636753,0.0014172980217564534,0.0004824844329383675,0.001955067129302341,0.0015851623973829262,0.0013027079689335915,0.0007247318253095041,0.0015163078480990144,0.0018424874282833882,0.0009041557238084613,0.000964968865876735,0.0016610531779805236,0.0007589078059759731,0.001735436194725189,0.0026380841546807168,0.0005262095846734066,0.0029486835083847914,0.0012891380942571997,0.0019414972546259492,0.0011082064319053123,0.0015218363155597662,0.0006639186832412339,0.0004613757389973147,0.00020003000448903102,0.0001829420141557965,0.0020219113267823437,0.0014268471928250252,0.0024511214369171003,0.0016861825755293963,0.001895761751087001,0.0012931587978650197,0.0006749756181627375,0.0005739554400162675,0.0007589078059759731,0.0011881179161107296,0.00010755382150917647,0.0007609181577798822,0.0010107043694156832,0.0004176505872622756,0.0014152876699525425,0.001535406190236158,0.002164646304859944,0.0026456229739453795,0.0011539419354442606,0.0019359687871651973,0.0005141474738499484,0.00042719975833084567,0.0005513389822222811,0.0008413322299362785,0.000941347232180794,0.0013504538242764506,0.0004407696330072375,0.000623711647163034,0.002876310843444035,0.0028059485303071896,0.002720005990690043,0.003377893618519546,0.0009348135888180859,0.00010001500224451551,0.00015831520455790102,0.0004920336040069376,0.0006789963217705558,0.000366386616262572,0.0010564398729546332,0.0008011251938580821,0.000415640235458363,0.0015524941805693908,0.0013409046532078788,0.0003357287512529457,0.0002668742019690355,0.0009287825334063568,0.0007669492131916131,0.0003015527705864801,0.0006694471507019857,0.0007342809963780776,0.0007684569770445467,0.0010031655501510223,0.0019284299679005364,0.0008393218781323694,0.0005628985050947603,0.001070009747631025,0.002060108011056631,0.00039855224512513193,0.0005759657918201766,0.0006800014976725104,0.00021912834662617467,0.0007056334831723604,0.00028245442844933646,0.0010509114054938814,0.0009669792176806441,0.0007669492131916131,0.0010624709283663623,0.0009478808755435005,0.0006046133050258903,0.00041011176799761115,0.0011061960801014015,0.0008182131841913132,0.0020178906231745238,0.0009976370826902687,0.0009554196948081631,0.0016690945851961635,0.0016117995587847326,0.0035266596520088754,0.0020178906231745238,0.0016610531779805236,0.0002146050550673774,0.00028396219230227004,0.00034527792232151924,0.0003678943801155056,0.0009669792176806441,0.0014343860120896862,0.00022716975384181465,0.000865959039534174,0.0018595754186166227,0.0026571824968178604,0.0014112669663447243,0.0022375215577516774,0.0004045833005368593,0.0004538369197326503,0.00016786437562647458,0.00034728827412542837,0.0011484134679835088,0.000923254065945605,0.0010318130633567377,0.00031663040911580204,0.0024259920393682258,0.002010351803909863,0.001169019573973586,0.00029351136337084013,0.0017168404405390227,0.0005417898111537076,0.0009996474344941796,0.0005262095846734066,0.0011539419354442606,0.0009478808755435005,0.0007247318253095041,0.0005910434303494985,0.0026531617932100404,0.0012016877907871197,0.0023345210322903275,0.001077548566895686,0.00029200359951790655,0.00030708123804723195,0.0003759357873311456,0.00046338609080122384,0.0008106743649266522,0.001035833766964556,0.0012529517617868215,7.840372035248372e-05,0.0005342509918890466,0.0010604605765624532,0.0014132773181486334,0.0018882229318223382,0.0004709249100658848,0.001020253540484255,0.0007362913481819867,0.0005990848375651385,0.0007267421771134167,0.0009860775598177877,0.0003774435511840757,0.0018349486090187273,0.0018022803922051918,0.001995274165380539,0.0014916810385011189,0.0010107043694156832,0.0007418198156427386,0.00024425774417504917,0.0010212587163862096,0.00041413247160543287,0.0004060910643897929,0.0009137048948770331,0.0017605655922740618,0.002408904049034993,0.0015695821709026253,0.0013921686242075806,0.0008327882347696595,0.00044227739686017106,0.0013027079689335915,0.000994621554984405,0.000249786211635801,0.000873497858798835,0.0008182131841913132,0.0001181081684797046,0.0008810366780634977,0.00034527792232151924,0.0004709249100658848,0.0011177556029738842,0.0006483384567609295,0.0005397794593497984,0.0006960843121037903,0.0005875253146926593,0.0004176505872622756,0.0008956117286418441,0.0005895356664965684,0.0005473182786144594,0.0014841422192364562,0.003173842910422695,0.0018309279054109073,0.002824544284493356,--,--,--
27,0.001436396363893597,0.00045986797514438113,0.0012434025907182497,0.0009725076851413959,0.00189375139928309,0.002616975460739664,0.0017278973754605263,0.000823741651652065,0.0012418948268653179,0.0004885154883500983,0.0006186857676532612,0.0005835046110848376,0.00042518940652693654,0.0005739554400162675,0.0006503488085648421,0.0016555247105197717,0.00032065111272362376,0.0005015827750755111,0.0015047483252265317,0.0005342509918890466,0.0014554947060307407,0.0009594403984159814,0.0010850873861603487,0.0007724776806523649,0.0011499212318364423,0.0014821318674325453,0.00029552171517474926,0.0009725076851413959,0.0007991148420541695,0.000707643834976273,0.003078351199736977,0.0019701447678316646,0.0013981996796193098,0.0012569724653946415,0.0008353011745245477,0.0011499212318364423,0.0002930087754198611,0.0004875103124481403,0.0005493286304183685,0.0007267421771134167,0.000782026851720935,0.0005950641339573202,0.003177863614030515,0.00199879228103738,0.001182589448649976,0.0005588778014869421,0.0010051759019549314,0.0009709999212884641,0.0004327282257915975,0.00175101642120549,0.0009976370826902687,0.0031567549200894607,0.0009614507502198923,0.0020887555242623465,0.0020143725075176828,0.0045926486960320805,0.0010338234151606469,0.0017756432308033854,0.0031492161008247997,0.0006779911458686012,0.0005015827750755111,0.00021912834662617467,0.0006523591603687512,0.0008966169045437986,0.0020465381363802392,0.0006196909435552157,0.0014419248313543489,0.00325023627897127,0.001228324952188926,0.0009096841912692132,0.0008051458974659004,0.0008141924805834949,0.0005091215943401721,8.946065527399086e-05,0.0007021153675155212,0.0007790113240150713,0.0005910434303494985,0.0021782161795363356,0.0008353011745245477,0.0015680744070496935,0.0009458705237395913,0.0006312504664276984,0.0017585552404701527,0.00038548495839971567,0.000873497858798835,0.00023822668876331832,0.0006865351410352168,0.0020942839917230983,0.0010584502247585423,0.00042518940652693654,0.0017721251151465445,0.0032673242693045043,0.003866409106869643,0.0011655014583167433,0.00018696271776361822,0.0007307628807212349,0.0008925962009359786,0.0005056034786833294,0.0007131723024370248,0.0014876603348932989,0.001964616300370913,0.0023877953550939385,0.0011785687450421578,0.0006312504664276984,0.001022263892288166,0.0022505888444770902,0.0014951991541579598,0.00045182656792874115,0.0005397794593497984,0.0015047483252265317,0.0010720200994349342,0.0012378741232574979,0.0013047183207375006,0.001991253461772719,0.0008448503455931195,0.0017032705658626308,0.0006277323507708557,0.0015640537034418735,0.0011921386197185479,0.0008755082106027458,0.0005789813195260403,0.0002211386984300838,0.00021862575867519912,0.0002211386984300838,0.0011157452511699733,0.0011634911065128324,0.001987232758164899,0.0015258570191675862,0.003036636399805847,0.0014112669663447243,0.0011484134679835088,0.0006227064712610794,8.091666010737186e-05,7.136748903880177e-05,0.0010946365572289205,0.0016957317465979699,0.0010433725862292187,0.0002211386984300838,0.0007895656709855994,0.0021344910278012965,0.0027963993592386178,0.0013635211110018652,0.0019093316257633927,0.0015670692311477372,0.0004885154883500983,0.0004950491317128047,0.0008564098684656022,0.0005226914690165639,0.0009157152466809423,0.0011594704029050142,0.0011941489715224587,0.004613757389973133,0.0009498912273474096,0.0025385717403871785,0.0008353011745245477,0.0009307928852102659,0.0015545045323733016,0.0006588928037314576,0.0009554196948081631,0.00023269822130256648,0.0007915760227895086,0.000657887627829503,0.0016439651876472908,0.0013238166628746443,0.0017319180790683463,0.00204854848818415,0.0006438151652021322,0.0008629435118283086,0.0005226914690165639,0.0016173280262454844,0.0003498012138803165,0.001130822889699297,0.0006885454928391294,0.0008141924805834949,0.0014725826963639735,0.001995274165380539,0.0013197959592668243,0.001386640156746827,0.0009267721816024459,0.000657887627829503,0.0004900232522030284,0.0002115895273615137,0.00032416922838046647,0.000299542418782571,0.0004920336040069376,0.002311904574496341,0.0021324806759973874,0.0020349786135077583,0.0013675418146096834,0.0011212737186307251,0.00036035556085084464,0.0005166604136048365,0.00028396219230227004,0.0003498012138803165,0.0003508063897822711,0.00015429450095008276,0.00020606105990076187,0.0006960843121037903,0.0003050708862433228,0.0020143725075176828,0.0027064361160136514,0.0014193083735603625,0.0018213787343423354,0.0007116645385840913,0.0011539419354442606,0.0016153176744415753,0.0016630635297844344,0.0010755382150917769,0.0008353011745245477,0.0009001350202006413,0.002216412863810623,0.0014972095059618707,0.001640447071990448,0.0016786437562647354,0.0021741954759285156,0.0015067586770304425,0.0009443627598866577,0.00042719975833084567,0.00046539644260513297,0.0008925962009359786,0.0008885754973281586,0.001024274244092075,0.0028667616723754633,0.0022928062323591975,0.0026380841546807168,0.0018615857704205319,0.0013027079689335915,0.0007247318253095041,0.000964968865876735,0.0005799864954279949,0.0016459755394512,0.000923254065945605,0.001285619978600357,0.0006181831797022821,0.0017701147633426336,0.0018731452932930145,0.00045031880407581104,0.0013504538242764506,0.0005875253146926593,0.0003859875463506947,0.000533245815987092,0.0015620433516379626,0.0010187457766313232,0.0007021153675155212,0.002155097133791372,0.0027582026749643305,0.0003281899319882847,0.0024450903815053694,0.0016022503877161608,0.0009307928852102659,0.0015982296841083408,0.0010453829380331278,0.0021264496205856565,0.00026586902606708096,0.0005920486062514531,0.0007342809963780776,0.0009328032370141768,0.0001563048527539919,0.0038221813671836264,0.0020676468303212937,0.0029009376530419306,0.0012971795014728397,0.0027064361160136514,0.0001563048527539919,0.0008508814010048486,0.0006543695121726603,0.00021762058277324456,0.0009096841912692132,0.003545757994146019,0.0016213487298533044,0.00024425774417504917,0.0008905858491320695,0.0019455179582337691,0.0012338534196496779,0.0027883579520229795,0.002319443393761004,0.0003950341294682892,0.0007021153675155212,0.00038548495839971567,0.000715182654240934,0.0002975320669786584,0.000919233362337785,0.002161128189203103,0.002273707890222054,0.0013770909856782552,0.0003814642547918974,0.0005111319461440812,0.0009443627598866577,0.0003814642547918974,0.00046539644260513297,0.00035482709339008933,0.0008981246683967305,0.0011403720607678688,0.0003678943801155056,0.0010529217572977905,0.002056087307448811,0.005512384646320843,0.0022963243480160402,0.0012303353039928352,0.0021344910278012965,0.0001628384961166983,0.0010187457766313232,0.0016706023490490954,0.001588680513039769,0.0005166604136048365,0.002210381808398894,0.0017625759440779726,0.0014951991541579598,0.0008051458974659004,0.0017605655922740618,0.0019304403197044455,0.0009709999212884641,0.0010413622344253096,0.0019053109221555727,0.000923254065945605,0.0018309279054109073,0.0030592528575998333,0.0006101417724866422,0.0029718025541297533,0.0012589828171985507,0.002214402512006714,0.0012052059064439624,0.0017052809176665417,0.0007734828565543195,0.0005206811172126548,0.00021912834662617467,0.00020606105990076187,0.002258127663741753,0.001485649983089388,0.0026551721450139513,0.0019033005703516619,0.0020349786135077583,0.0014725826963639735,0.000782026851720935,0.0006558772760255939,0.0007669492131916131,0.0012665216364632133,0.0001316780431560964,0.0008428399937892104,0.001070009747631025,0.00046539644260513297,0.0014685619927561552,0.0016173280262454844,0.0023480909069667193,0.003015527705864794,0.0012016877907871197,0.00214956866633062,0.0005292251123792703,0.0004613757389973147,0.0005684269725555122,0.0009348135888180859,0.0010383467067194441,0.0014665516409522444,0.0005091215943401721,0.0006749756181627375,0.0030401545154626897,0.002935616221659377,0.0030019578311884024,0.003850828880389342,0.001022263892288166,0.00011459005282286189,0.00018394719005775106,0.0005377691075458893,0.0006749756181627375,0.00041413247160543287,0.001134843593307117,0.0008031355456619912,0.00039654189332121934,0.0016881929273333072,0.0014514740024229207,0.00035834520904693204,0.0002975320669786584,0.0009996474344941796,0.0009001350202006413,0.00033371839944903656,0.0008011251938580821,0.000877518562406655,0.0006960843121037903,0.0009725076851413959,0.002069657182125203,0.0008508814010048486,0.0005990848375651385,0.0011559522872481715,0.0023802565358292775,0.0004558472715365629,0.0005739554400162675,0.0007297577048192803,0.00023068786949865736,0.0007212137096526648,0.0003030605344394137,0.0010564398729546332,0.0010091966055627514,0.000806653661318834,0.0011710299257774951,0.0010091966055627514,0.0007192033578487522,0.00043674892939941923,0.0012036981425910306,0.0009458705237395913,0.0022752156540749875,0.0009956267308863596,0.000978538740553125,0.0018289175536069981,0.0015756132263143544,0.003955869762143632,0.0023249718612217557,0.0018309279054109073,0.0002528017393416647,0.00028597254410617917,0.0004025729487329502,0.00043473857759550663,0.0010624709283663623,0.00160426073952007,0.0003030605344394137,0.0008202235359952258,0.0020410096689194874,0.0029602430312572724,0.0015791313419711971,0.002521483750053944,0.0003814642547918974,0.0005186707654087457,0.0001849523659597091,0.00040056259692904106,0.001224304248581106,0.0010107043694156832,0.0011368539451110278,0.00028245442844933646,0.0025405820921910894,0.0022239516830752856,0.0012625009328553934,0.0003442727464195647,0.0019033005703516619,0.0006086340086337121,0.0010755382150917769,0.0005759657918201766,0.0013006976171296807,0.001074030451238845,0.0007764983842601832,0.0006543695121726603,0.0029009376530419306,0.0012876303304042679,0.002519473398250035,0.0011901282679146388,0.00029552171517474926,0.00030708123804723195,0.00043473857759550663,0.0005015827750755111,0.0009041557238084613,0.0011519315836403515,0.0012951691496689288,8.795289142105728e-05,0.0005513389822222811,0.0011579626390520806,0.0014590128216875834,0.0020254294424391864,0.0004940439558108502,0.001081569270503506,0.0008428399937892104,0.0006141624760944639,0.0008051458974659004,0.0009860775598177877,0.0003050708862433228,0.0018902332836262473,0.0020792063531937747,0.0021666566566638547,0.0017183482043919545,0.0011041857282974923,0.0008428399937892104,0.0002668742019690355,0.0010604605765624532,0.0004176505872622756,0.0004538369197326503,0.0009443627598866577,0.0018233890861462446,0.002515955282593192,0.0016248668455101471,0.0014801215156286362,0.000923254065945605,0.000457857623340472,0.0014570024698836725,0.001035833766964556,0.0002633560863121928,0.0008925962009359786,0.0008393218781323694,0.00013519615881293912,0.0008795289142105658,0.00036035556085084464,0.0005091215943401721,0.0012645112846593042,0.0006810066735744649,0.0006407996374962685,0.0007513689867113121,0.0006372815218394258,0.00042167129087009383,0.0009900982634256077,0.0006865351410352168,0.0006005926014180721,0.0015258570191675862,0.0034181006545977426,0.0018424874282833882,0.002824544284493356,--,--,--
28,0.0015183181999029235,0.0004789663172815248,0.0012931587978650197,0.0010604605765624532,0.0019359687871651973,0.0025787787764653767,0.0017012602140587217,0.0009096841912692132,0.0012434025907182497,0.0004885154883500983,0.0006428099893001776,0.0005835046110848376,0.000415640235458363,0.0005990848375651385,0.0006674367988980731,0.0016861825755293963,0.00036236591265475376,0.000566416620751603,0.0015218363155597662,0.0006257219989669466,0.0014841422192364562,0.0009443627598866577,0.0011675118101206524,0.0007764983842601832,0.0011423824125717796,0.0015600329998340535,0.0003030605344394137,0.001028294947699895,0.0008448503455931195,0.0007458405192505603,0.003080361551540886,0.001957077481106252,0.0014343860120896862,0.0013293451303353961,0.0008755082106027458,0.0012227964847281742,0.00031763558501776007,0.0005091215943401721,0.0005739554400162675,0.0007629285095837914,0.000816202832387404,0.0006181831797022821,0.003231137936834126,0.002004823336449111,0.0012494336461299788,0.0006005926014180721,0.0010413622344253096,0.0010147250730235032,0.00046338609080122384,0.00179273122113662,0.0010262845958959842,0.0033075313053827007,0.0009820568562099678,0.002161128189203103,0.0020349786135077583,0.004581591761110577,0.0011368539451110278,0.0018213787343423354,0.0032100292428930734,0.0007001050157116086,0.0005015827750755111,0.00024224739237114004,0.0007131723024370248,0.0009096841912692132,0.002111371982056333,0.0005895356664965684,0.0014972095059618707,0.00354776834594993,0.0012358637714535887,0.0008810366780634977,0.0007895656709855994,0.0008564098684656022,0.0005397794593497984,9.348135888180911e-05,0.0007513689867113121,0.000790570846887554,0.0006026029532219812,0.0022375215577516774,0.0008604305720734222,0.0016233590816572135,0.0009498912273474096,0.0006483384567609295,0.0018786737607537664,0.0004045833005368593,0.0009137048948770331,0.0002462680959789583,0.0007056334831723604,0.0021455479627228,0.001020253540484255,0.0004824844329383675,0.0018369589608226364,0.0033532668089216507,0.004060910643897922,0.001175050629385315,0.00019651188883218831,0.0007800164999170259,0.0009709999212884641,0.0005493286304183685,0.0007212137096526648,0.0015585252359811216,0.0020314604978509156,0.0025330432729264267,0.0011901282679146388,0.0006387892856923594,0.0010378441187684669,0.0022546095480849102,0.0015831520455790171,0.0004844947847422766,0.0005357587557419802,0.0015067586770304425,0.0011368539451110278,0.0013047183207375006,0.0013368839496000588,0.0018465081318912082,0.0008795289142105658,0.0016957317465979699,0.0006196909435552157,0.0016057685033730035,0.001239884475061407,0.0008795289142105658,0.0005759657918201766,0.00022716975384181465,0.00022716975384181465,0.00023822668876331832,0.0011655014583167433,0.0012358637714535887,0.002069657182125203,0.0015791313419711971,0.0030632735612076533,0.0014132773181486334,0.001226314600385017,0.0006674367988980731,8.393218781323555e-05,7.237266494075634e-05,0.0011102167837092215,0.0017530267730094008,0.0011368539451110278,0.00018696271776361822,0.0007875553191816903,0.0021284599723895674,0.0028707823759832832,0.0013981996796193098,0.001987232758164899,0.00160426073952007,0.0005186707654087457,0.0005262095846734066,0.0008850573816713177,0.0005588778014869421,0.0009478808755435005,0.0011785687450421578,0.0011976670871793015,0.004636876435718097,0.001024274244092075,0.0026551721450139513,0.0008850573816713177,0.0009775335646511705,0.0016288875491179654,0.0006674367988980731,0.0009765283887492159,0.00023822668876331832,0.0007724776806523649,0.0007116645385840913,0.0017278973754605263,0.0013177856074629152,0.0017625759440779726,0.002157107485595283,0.0006724626784078494,0.0008604305720734222,0.0005704373243594248,0.0017012602140587217,0.00035834520904693204,0.0011881179161107296,0.000673467854309804,0.0007860475553287567,0.0014494636506190116,0.0020616157749095646,0.0014705723445600644,0.001489670686697208,0.0009669792176806441,0.0006885454928391294,0.000515152649751903,0.00022415422613595096,0.00033371839944903656,0.0003015527705864801,0.000524701820820473,0.0022847648251435593,0.0022199309794674656,0.002138009143458139,0.0013635211110018652,0.0011484134679835088,0.0003950341294682892,0.0005226914690165639,0.000299542418782571,0.0003890030740565584,0.0003633710885567083,0.00016233590816572274,0.0002367189249103882,0.0007533793385152213,0.0003126097055079838,0.002099812459183852,0.0028552021495029823,0.0014132773181486334,0.0019264196160966255,0.0007171930060448431,0.001182589448649976,0.001647985891255109,0.0017816742862151163,0.0011594704029050142,0.000873497858798835,0.0009348135888180859,0.002359147841888223,0.0014514740024229207,0.0016268771973140563,0.0016841722237254872,0.002311904574496341,0.001546965713108639,0.0009725076851413959,0.00043674892939941923,0.00045986797514438113,0.0009172230105338741,0.0009574300466120723,0.0010870977379642578,0.002918025643375165,0.0022752156540749875,0.002722016342493954,0.0019379791389691082,0.0013579926435411116,0.0007247318253095041,0.0009916060272785396,0.0006005926014180721,0.0017278973754605263,0.0009634611020238014,0.001331355482139307,0.0006407996374962685,0.001682161871921578,0.0018766634089498573,0.0004749456136737065,0.0014112669663447243,0.0005814942592809284,0.00036236591265475376,0.0005588778014869421,0.00160426073952007,0.0010835796223074168,0.0007131723024370248,0.0022772260058788966,0.0027501612677486922,0.0003357287512529457,0.0025481209114557504,0.0015756132263143544,0.0010031655501510223,0.0016424574237943572,0.0011061960801014015,0.002182739471095133,0.00028898807181204286,0.000632255642329653,0.0008031355456619912,0.0009212437141416941,0.0001829420141557965,0.0039025954393400192,0.0020867451724584374,0.002973310317982687,0.001281599274992537,0.0027999174748954605,0.00016786437562647458,0.0009116945430731223,0.0006925661964469476,0.0002231490502339964,0.0008946065527398895,0.003650798875900309,0.0017012602140587217,0.00024425774417504917,0.0009137048948770331,0.0020636261267134737,0.0012645112846593042,0.002885860014512607,0.0024511214369171003,0.0004538369197326503,0.0007116645385840913,0.00042719975833084567,0.0007307628807212349,0.00033371839944903656,0.0010051759019549314,0.0022887855287513775,0.0022812467094867166,0.0015032405613735998,0.00039855224512513193,0.0005302302882812249,0.0010107043694156832,0.000415640235458363,0.0004749456136737065,0.0003643762644586629,0.0008850573816713177,0.0011594704029050142,0.00039654189332121934,0.0011082064319053123,0.0021209211531249047,0.005741062164015589,0.0024300127429760458,0.0012514439979338897,0.0021973145216734793,0.00016886955152842914,0.0010413622344253096,0.0017168404405390227,0.0016690945851961635,0.000515152649751903,0.0022887855287513775,0.0017776535826072963,0.0015736028745104453,0.0008126847167305613,0.0018751556450969237,0.00190179280649873,0.0009795439164550813,0.0011157452511699733,0.001955067129302341,0.0010298027115528269,0.0018253994379501554,0.0032120395946969825,0.0006749756181627375,0.0028913884819733587,0.0012434025907182497,0.0022963243480160402,0.001239884475061407,0.0017565448886662418,0.000843845169691165,0.0005357587557419802,0.00024425774417504917,0.00022867751769474823,0.0023385417358981475,0.001478111163824727,0.0027561923231604214,0.0019244092642927164,0.002065636478517383,0.0015374165420400671,0.0008222338877991349,0.0006769859699666467,0.0007724776806523649,0.0012931587978650197,0.00015831520455790102,0.000865959039534174,0.0011082064319053123,0.0004940439558108502,0.001478111163824727,0.0016248668455101471,0.0023973445261625103,0.003130117758687656,0.0011976670871793015,0.0022259620348791948,0.0005226914690165639,0.0004885154883500983,0.000556867449683033,0.0009880879116216969,0.001081569270503506,0.0014951991541579598,0.0005302302882812249,0.0007036231313684513,0.003032615696198027,0.0029145075277183224,0.0031034805972858497,0.004026232075280477,0.0010318130633567377,0.00013368839496000554,0.0001985222406361009,0.0005473182786144594,0.0007021153675155212,0.000457857623340472,0.0011770609811892242,0.0007362913481819867,0.0003699047319194147,0.001743477601940829,0.0014534843542268298,0.0003759357873311456,0.00033170804764512743,0.001020253540484255,0.0009634611020238014,0.00033371839944903656,0.0008714875069949259,0.0009348135888180859,0.0006865351410352168,0.0009021453720045505,0.0021304703241934765,0.0008353011745245477,0.0006141624760944639,0.0011675118101206524,0.002519473398250035,0.0004844947847422766,0.0005980796616631839,0.0007438301674466477,0.00025380691524361926,0.0006960843121037903,0.00034527792232151924,0.0010489010536899705,0.0010644812801702715,0.0007971044902502604,0.001184599800453887,0.0010453829380331278,0.000774488032456274,0.0004442877486640802,0.0012494336461299788,0.001022263892288166,0.002367189249103863,0.0010031655501510223,0.0009745180369453068,0.0019414972546259492,0.0014725826963639735,0.004037791598152958,0.002460670607985672,0.0019128497414202337,0.00029351136337084013,0.0002879828959100883,0.00045182656792874115,0.0004729352618697939,0.0010911184415720778,0.0016766334044608245,0.0003357287512529457,0.0007895656709855994,0.0020636261267134737,0.003027087228737275,0.0016535143587158626,0.002628534983612145,0.000366386616262572,0.000556867449683033,0.00020204035629294015,0.00044830845227189844,0.0012494336461299788,0.001028294947699895,0.001232345655796746,0.00027843372484151474,0.002525504453661764,0.0023480909069667193,0.0012418948268653179,0.0003578426210959565,0.0019379791389691082,0.0006428099893001776,0.001095641733130875,0.0005759657918201766,0.0013238166628746443,0.0011368539451110278,0.0007533793385152213,0.0006749756181627375,0.0029868801926590787,0.0013695521664135943,0.0025310329211225176,0.0012454129425221606,0.0003050708862433228,0.0003126097055079838,0.0004789663172815248,0.0005226914690165639,0.0009443627598866577,0.0012227964847281742,0.0013177856074629152,0.00010705123355820093,0.0005835046110848376,0.0011976670871793015,0.0014972095059618707,0.0020827244688506174,0.0004980646594186684,0.0011197659547777933,0.0009076738394653023,0.0006131573001925093,0.000865959039534174,0.000978538740553125,0.00025581726704753185,0.0019319480835573773,0.0022430500252124293,0.002212392160202803,0.0018671142378812854,0.0011579626390520806,0.0009061660756123704,0.0002744130212336965,0.0010825744464054605,0.000415640235458363,0.0004824844329383675,0.0009539119309552296,0.0018349486090187273,0.0025918460631907895,0.001636426368382628,0.0015122871444911944,0.0009584352225140268,0.0004729352618697939,0.0015183181999029235,0.0010328182392586923,0.0002668742019690355,0.0008810366780634977,0.0008277623552598867,0.0001432375660285791,0.0008810366780634977,0.0003794539029879883,0.000515152649751903,0.0013368839496000588,0.0006885454928391294,0.0007021153675155212,0.0007589078059759731,0.0006639186832412339,0.00042368164267400296,0.0010348285910626014,0.0007513689867113121,0.0006046133050258903,0.0015680744070496935,0.0034638361581366926,0.0017660940597348136,0.002715985287082223,--,--,--
29,0.0015565148841772108,0.00047695596547761565,0.0012986872653257715,0.001134843593307117,0.0019264196160966255,0.0024852974175835676,0.0016022503877161608,0.0009765283887492159,0.0011921386197185479,0.00048047408113445836,0.0006377841097904048,0.0005724476761633339,0.0004025729487329502,0.0006101417724866422,0.000673467854309804,0.0016670842333922527,0.00041212211980152375,0.000623711647163034,0.001546965713108639,0.0007227214735055949,0.0014725826963639735,0.0009076738394653023,0.0012072162582478733,0.0007724776806523649,0.001081569270503506,0.001588680513039769,0.0002975320669786584,0.0010564398729546332,0.0008639486877302632,0.0007780061481131167,0.0030099992384040406,0.0019053109221555727,0.0014474532988151007,0.0013559822917372025,0.0008810366780634977,0.001232345655796746,0.000332713223547082,0.0005302302882812249,0.0005835046110848376,0.0007780061481131167,0.0008332908227206386,0.0006332608182316075,0.003181381729687358,0.0019495386618415891,0.0012760708075317852,0.0006448203411040902,0.0010624709283663623,0.0010298027115528269,0.0004844947847422766,0.001804290744009101,0.001024274244092075,0.0033492461053138307,0.0009765283887492159,0.002202842989134231,0.0020199009749784346,0.0044479033661505695,0.001228324952188926,0.001798762276548349,0.003179371377883447,0.000699099839809654,0.0004885154883500983,0.0002633560863121928,0.0007764983842601832,0.0008905858491320695,0.00210785386639949,0.0005644062689476939,0.0015374165420400671,0.0037729277479878337,0.0011996774389832106,0.0008428399937892104,0.0007684569770445467,0.0008925962009359786,0.0005533493340261902,9.750206248962737e-05,0.0007800164999170259,0.0007860475553287567,0.0006086340086337121,0.0022716975384181447,0.0008584202202695113,0.0016670842333922527,0.000923254065945605,0.0006543695121726603,0.0019580826570082064,0.0004196609390661847,0.0009328032370141768,0.00025581726704753185,0.0007131723024370248,0.00214956866633062,0.0009765283887492159,0.0005322406400851375,0.001854046951155871,0.0033949816088527807,0.004146350595564091,0.0011655014583167433,0.00021359987916542283,0.0008222338877991349,0.0010338234151606469,0.0005759657918201766,0.0007116645385840913,0.001588680513039769,0.0020334708496548264,0.002628534983612145,0.0012092266100517824,0.0006387892856923594,0.0010393518826213987,0.002206863692742051,0.0016575350623236808,0.0005111319461440812,0.0005186707654087457,0.0014761008120208162,0.001184599800453887,0.0013238166628746443,0.0013368839496000588,0.001697742098401879,0.0009021453720045505,0.0016575350623236808,0.0006046133050258903,0.0015866701612358598,0.0012760708075317852,0.0008584202202695113,0.0005644062689476939,0.00022515940203790552,0.00023068786949865736,0.00025380691524361926,0.0011941489715224587,0.0013047183207375006,0.0021344910278012965,0.0015982296841083408,0.002977331021590507,0.0013826194531390088,0.0012951691496689288,0.0007066386590743184,8.694771551910271e-05,7.33778408427109e-05,0.001081569270503506,0.0017545345368623327,0.0011921386197185479,0.00015831520455790102,0.0007513689867113121,0.0020751856495859547,0.002826554636297267,0.0014132773181486334,0.0020219113267823437,0.0016057685033730035,0.0005453079268105503,0.0005538519219771658,0.0009041557238084613,0.0005799864954279949,0.000980549092357036,0.0011976670871793015,0.001186610152257796,0.004545405428640199,0.0010966469090328296,0.0026948765931411704,0.0009076738394653023,0.0009926112031804941,0.0016595454141275917,0.0006674367988980731,0.000964968865876735,0.00023822668876331832,0.0007553896903191304,0.0007458405192505603,0.001735436194725189,0.0012951691496689288,0.00174699571759767,0.002206863692742051,0.000673467854309804,0.0008393218781323694,0.0006066236568298029,0.0017585552404701527,0.00035583226929204737,0.0012072162582478733,0.0006448203411040902,0.0007704673288484558,0.001386640156746827,0.0020807141170467083,0.00160426073952007,0.0015640537034418735,0.0009936163790824504,0.0007036231313684513,0.0005292251123792703,0.0002347085731064756,0.0003442727464195647,0.00029552171517474926,0.0005473182786144594,0.0022279723866831056,0.002269687186614234,0.002157107485595283,0.0013258270146785552,0.001138864296914937,0.0004292101101347548,0.0005186707654087457,0.0003090915898511411,0.0004226764667720484,0.000373925435527233,0.0001698747274303837,0.0002668742019690355,0.0007955967263973268,0.0003281899319882847,0.0021706773602716747,0.0028989273012380214,0.0013750806338743461,0.002006331100302043,0.0007287525289173258,0.0011921386197185479,0.001634416016578719,0.0018691245896851946,0.0012132473136596024,0.000877518562406655,0.0009423524080827486,0.0024471007333092803,0.0013941789760114898,0.0016022503877161608,0.0016384367201865372,0.0023782461840253667,0.0015449553613047298,0.0009709999212884641,0.0004327282257915975,0.0004462981004679893,0.0009383317044749286,0.0010071862537588405,0.0011212737186307251,0.0028954091855811787,0.002212392160202803,0.002713974935278314,0.0019796939389002365,0.001373070282070437,0.0006980946639076994,0.0009689895694845532,0.0006026029532219812,0.0017660940597348136,0.0009936163790824504,0.0013238166628746443,0.0006674367988980731,0.001590690864843678,0.0018424874282833882,0.0004900232522030284,0.0014343860120896862,0.0005739554400162675,0.0003397494548607674,0.0005799864954279949,0.0015791313419711971,0.0011082064319053123,0.0007096541867801821,0.0023365313840942384,0.002681809306415756,0.0003357287512529457,0.002565208901788985,0.0015122871444911944,0.001065989044023205,0.0016535143587158626,0.001134843593307117,0.002182739471095133,0.00031009676575309564,0.0006553746880746149,0.0008604305720734222,0.0009001350202006413,0.00020204035629294015,0.003917673077869345,0.002052066603840993,0.0029602430312572724,0.0012207861329242634,0.0027999174748954605,0.00017741354669504467,0.0009725076851413959,0.0007227214735055949,0.00022716975384181465,0.000865959039534174,0.00365280922770422,0.0017530267730094008,0.00025179656343971013,0.0009212437141416941,0.0021133823338602437,0.0012454129425221606,0.0029145075277183224,0.0025330432729264267,0.000515152649751903,0.0006940739602998812,0.000457857623340472,0.0007287525289173258,0.0003678943801155056,0.001065989044023205,0.002403375581574241,0.0022355112059477666,0.0015982296841083408,0.0004060910643897929,0.0005453079268105503,0.0010489010536899705,0.00043875928120332836,0.0004824844329383675,0.0003643762644586629,0.0008393218781323694,0.0011443927643756888,0.00042719975833084567,0.0011328332415032078,0.0021324806759973874,0.0058249943518288265,0.0024852974175835676,0.001232345655796746,0.002168667008467764,0.0001733928430872264,0.0010413622344253096,0.0017108093851272935,0.0017108093851272935,0.0004980646594186684,0.0022812467094867166,0.0017243792598036854,0.0016057685033730035,0.0007860475553287567,0.0019359687871651973,0.0018233890861462446,0.0009614507502198923,0.0011921386197185479,0.0019188807968319645,0.0011082064319053123,0.0017721251151465445,0.00324621557536345,0.0007322706445741685,0.002759710438817264,0.001232345655796746,0.002294313996212131,0.0012454129425221606,0.001743477601940829,0.0008956117286418441,0.0005302302882812249,0.0002708949055768538,0.000249786211635801,0.0023501012587706285,0.001437904127746529,0.002811476997767943,0.001854046951155871,0.0020465381363802392,0.0015524941805693908,0.0008353011745245477,0.0006694471507019857,0.000774488032456274,0.0012911484460611088,0.00018696271776361822,0.0008604305720734222,0.001134843593307117,0.0005131422979479938,0.0014705723445600644,0.001590690864843678,0.0023938264105056693,0.003133635874344497,0.0011710299257774951,0.0022355112059477666,0.000506608654585284,0.000507111242536263,0.0005342509918890466,0.001022263892288166,0.0011041857282974923,0.0014841422192364562,0.0005302302882812249,0.0007247318253095041,0.002943155040924038,0.002832585691708996,0.0031225789394229934,0.004068449463162583,0.0010031655501510223,0.00015379191299910375,0.000208071411704671,0.0005397794593497984,0.0007418198156427386,0.0004980646594186684,0.0012132473136596024,0.0006352711700355167,0.0003432675705176101,0.0017721251151465445,0.0014037281470800616,0.0003890030740565584,0.0003678943801155056,0.0010147250730235032,0.0009880879116216969,0.00032065111272362376,0.0009137048948770331,0.0009519015791513204,0.0007056334831723604,0.000806653661318834,0.002161128189203103,0.000816202832387404,0.0006181831797022821,0.001138864296914937,0.0025787787764653767,0.0004980646594186684,0.0006352711700355167,0.0007428249915446931,0.00028245442844933646,0.0006523591603687512,0.0003930237776643801,0.0010393518826213987,0.0011328332415032078,0.0007669492131916131,0.0011539419354442606,0.001065989044023205,0.0008031355456619912,0.0004462981004679893,0.0012705423400710333,0.001074030451238845,0.002381261711731232,0.001020253540484255,0.0009574300466120723,0.0020349786135077583,0.0013449253568156988,0.003965418933212204,0.002513944930789283,0.001959087832910161,0.0003357287512529457,0.00028597254410617917,0.0004940439558108502,0.0004940439558108502,0.0010870977379642578,0.0017052809176665417,0.0003528167415861802,0.000774488032456274,0.0020158802713706146,0.0029984397155315597,0.0016786437562647354,0.0026456229739453795,0.0003528167415861802,0.0005835046110848376,0.00021912834662617467,0.0004940439558108502,0.0012474232943260697,0.0010187457766313232,0.0013218063110707352,0.0002879828959100883,0.002452629200770032,0.0024395619140446176,0.0011730402775814042,0.00035181156568422564,0.0019033005703516619,0.0006639186832412339,0.0010870977379642578,0.0005548570978791238,0.0012876303304042679,0.0011710299257774951,0.0007021153675155212,0.0006789963217705558,0.0030039681829923115,0.0014534843542268298,0.002460670607985672,0.0012720501039239652,0.00031663040911580204,0.00032065111272362376,0.0005166604136048365,0.0005342509918890466,0.0009614507502198923,0.001274060455727876,0.0013293451303353961,0.00012966769135218728,0.0006277323507708557,0.0012092266100517824,0.001531385486628338,0.002101822810987761,0.0004920336040069376,0.0011499212318364423,0.000952906755053275,0.0006015977773200266,0.0009212437141416941,0.0009709999212884641,0.00021762058277324456,0.0019701447678316646,0.002363168545496043,0.002200832637330322,0.0019776835870963273,0.0011921386197185479,0.0009519015791513204,0.00027541819713565105,0.0011006676126406496,0.000408101416193702,0.0005035931268794203,0.0009574300466120723,0.0018274097897540646,0.002660700612474703,0.0016329082527257854,0.0015238466673636753,0.0009709999212884641,0.0004900232522030284,0.0015333958384322471,0.0010091966055627514,0.00026888455377294465,0.0008523891648577822,0.0007971044902502604,0.0001467556816854218,0.0008885754973281586,0.00039855224512513193,0.000515152649751903,0.001384629804942918,0.0006845247892313076,0.0007458405192505603,0.0007458405192505603,0.0006810066735744649,0.00042368164267400296,0.001053926933199745,0.0008011251938580821,0.0005875253146926593,0.0016097892069808217,0.003433178293127068,0.0016595454141275917,0.002565208901788985,--,--,--
30,0.001594711568451498,0.00047695596547761565,0.0013047183207375006,0.0012092266100517824,0.0019168704450280537,0.0023918160587017585,0.0015012302095696907,0.0010433725862292187,0.0011403720607678688,0.0004709249100658848,0.0006332608182316075,0.0005588778014869421,0.0003890030740565584,0.0006196909435552157,0.0006769859699666467,0.0016459755394512,0.0004613757389973147,0.0006810066735744649,0.0015715925227065344,0.0008182131841913132,0.0014610231734914925,0.000869979743141994,0.0012474232943260697,0.0007669492131916131,0.001020253540484255,0.0016173280262454844,0.00029200359951790655,0.0010835796223074168,0.0008830470298674068,0.0008126847167305613,0.0029371239855123087,0.00185605730295978,0.0014610231734914925,0.001384629804942918,0.0008870677334752268,0.001239884475061407,0.00034879603797836195,0.0005503338063203266,0.0005930537821534111,0.0007955967263973268,0.0008508814010048486,0.0006483384567609295,0.003131625522540588,0.00189375139928309,0.0013047183207375006,0.0006905558446430385,0.001081569270503506,0.0010468907018860614,0.000507111242536263,0.0018158502668815836,0.001020253540484255,0.003389453141392027,0.0009709999212884641,0.0022450603770163384,0.002006331100302043,0.004314214971190564,0.0013197959592668243,0.0017756432308033854,0.0031492161008247997,0.0006980946639076994,0.00047695596547761565,0.00028597254410617917,0.0008413322299362785,0.0008714875069949259,0.00210383316279167,0.0005377691075458893,0.0015776235781182653,0.003994066446417919,0.0011614807547089233,0.0008051458974659004,0.0007458405192505603,0.0009287825334063568,0.0005644062689476939,0.00010102017814647007,0.0008086640131227431,0.000782026851720935,0.0006141624760944639,0.002305873519084612,0.0008584202202695113,0.0017108093851272935,0.0008946065527398895,0.0006598979796334122,0.002035983789409713,0.00043473857759550663,0.0009498912273474096,0.0002633560863121928,0.0007212137096526648,0.00215358936993844,0.0009328032370141768,0.0005835046110848376,0.0018711349414891037,0.0034371989967348863,0.0042322931351812376,0.0011579626390520806,0.00023269822130256648,0.000865959039534174,0.0010986572608367405,0.0006005926014180721,0.0007021153675155212,0.0016213487298533044,0.0020334708496548264,0.002723524106346886,0.001228324952188926,0.0006372815218394258,0.0010413622344253096,0.002157107485595283,0.0017319180790683463,0.0005377691075458893,0.0005015827750755111,0.001443935183158258,0.001232345655796746,0.001342915005011788,0.0013368839496000588,0.0015489760649125498,0.0009252644177495141,0.0016213487298533044,0.0005895356664965684,0.0015680744070496935,0.0013122571400021633,0.0008373115263284568,0.0005533493340261902,0.0002231490502339964,0.0002347085731064756,0.0002708949055768538,0.0012227964847281742,0.001373070282070437,0.00219932487347739,0.0016138099105886417,0.0028913884819733587,0.0013504538242764506,0.0013655314628057743,0.0007448353433486057,8.946065527399086e-05,7.438301674466546e-05,0.0010529217572977905,0.0017565448886662418,0.0012494336461299788,0.00012966769135218728,0.0007171930060448431,0.0020239216785862546,0.0027828294845622277,0.0014268471928250252,0.002056087307448811,0.0016077788551769126,0.0005724476761633339,0.0005809916713299494,0.000923254065945605,0.0006026029532219812,0.0010147250730235032,0.0012187757811203542,0.001175050629385315,0.004455442185415232,0.001169019573973586,0.0027370939810232777,0.0009307928852102659,0.0010081914296607968,0.001689700691186239,0.0006664316229961186,0.0009519015791513204,0.00023822668876331832,0.0007362913481819867,0.0007780061481131167,0.001739456898333009,0.0012720501039239652,0.0017319180790683463,0.0022546095480849102,0.0006744730302117585,0.0008172080082893586,0.0006448203411040902,0.0018158502668815836,0.00035181156568422564,0.001226314600385017,0.0006141624760944639,0.0007553896903191304,0.0013218063110707352,0.002099812459183852,0.0017374465465290981,0.0016384367201865372,0.001020253540484255,0.0007212137096526648,0.0005438001629576167,0.00024425774417504917,0.00035382191748813477,0.0002899932477139974,0.0005684269725555122,0.0021706773602716747,0.002321453745564913,0.0021782161795363356,0.001285619978600357,0.001127304774042456,0.0004613757389973147,0.000515152649751903,0.00032065111272362376,0.0004548420956346083,0.00038548495839971567,0.00017741354669504467,0.0002975320669786584,0.0008393218781323694,0.0003432675705176101,0.0022390293216046093,0.0029411446891201287,0.0013368839496000588,0.0020867451724584374,0.0007383016999858959,0.0011996774389832106,0.0016213487298533044,0.001955067129302341,0.0012645112846593042,0.0008830470298674068,0.0009519015791513204,0.002535053624730336,0.0013368839496000588,0.0015756132263143544,0.001590690864843678,0.0024471007333092803,0.0015409346576969098,0.0009669792176806441,0.0004312204619386674,0.0004327282257915975,0.0009574300466120723,0.0010529217572977905,0.0011559522872481715,0.0028707823759832832,0.002147558314526711,0.0027064361160136514,0.0020219113267823437,0.001388650508550738,0.0006749756181627375,0.0009498912273474096,0.0006066236568298029,0.001804290744009101,0.001024274244092075,0.0013162778436099833,0.0006940739602998812,0.0014951991541579598,0.001804290744009101,0.0005056034786833294,0.0014570024698836725,0.0005684269725555122,0.00031663040911580204,0.0006005926014180721,0.0015565148841772108,0.0011328332415032078,0.0007036231313684513,0.0023938264105056693,0.002616975460739664,0.0003397494548607674,0.002582799480073195,0.0014474532988151007,0.001127304774042456,0.0016650738815883435,0.0011634911065128324,0.002182739471095133,0.00033170804764512743,0.0006779911458686012,0.0009172230105338741,0.0008810366780634977,0.00022515940203790552,0.003932750716398668,0.0020143725075176828,0.0029466731565808806,0.0011634911065128324,0.0027999174748954605,0.0001849523659597091,0.0010338234151606469,0.0007533793385152213,0.00023068786949865736,0.0008353011745245477,0.00365280922770422,0.001804290744009101,0.0002593353827043711,0.0009307928852102659,0.002163138541007012,0.001224304248581106,0.002943155040924038,0.002614965108935753,0.0005779761436240857,0.0006789963217705558,0.0004900232522030284,0.0007267421771134167,0.0004045833005368593,0.001129315125846365,0.0025174630464461258,0.0021917860542127274,0.001693721394794059,0.00041212211980152375,0.000556867449683033,0.0010891080897681687,0.0004613757389973147,0.0004920336040069376,0.00036236591265475376,0.0007935863745934177,0.0011328332415032078,0.000457857623340472,0.0011579626390520806,0.0021440401988698683,0.005908926539642062,0.0025405820921910894,0.0012132473136596024,0.0021400194952620483,0.00017741354669504467,0.0010413622344253096,0.0017052809176665417,0.0017530267730094008,0.0004789663172815248,0.002273707890222054,0.0016726127008530062,0.001636426368382628,0.0007629285095837914,0.001995274165380539,0.0017449853657937608,0.0009433575839847032,0.0012665216364632133,0.0018826944643615864,0.0011881179161107296,0.0017168404405390227,0.003280391556029917,0.0007915760227895086,0.002628534983612145,0.001224304248581106,0.0022907958805552884,0.0012514439979338897,0.0017319180790683463,0.0009468756996415459,0.0005262095846734066,0.000299542418782571,0.0002708949055768538,0.002361158193692134,0.001396189327815399,0.002868772024179374,0.0017831820500680481,0.0020274397942430956,0.0015680744070496935,0.0008468606973970304,0.0006598979796334122,0.0007780061481131167,0.0012911484460611088,0.00021561023096933196,0.0008523891648577822,0.0011614807547089233,0.0005342509918890466,0.0014610231734914925,0.0015585252359811216,0.0023918160587017585,0.003137656577952317,0.0011443927643756888,0.0022450603770163384,0.0004900232522030284,0.0005282199364773157,0.0005111319461440812,0.0010564398729546332,0.001127304774042456,0.0014745930481678843,0.0005302302882812249,0.0007478508710544694,0.0028552021495029823,0.0027486535038957587,0.0031411746936091597,0.004110164263093713,0.0009765283887492159,0.00017439801898918098,0.00021762058277324456,0.0005322406400851375,0.0007840372035248476,0.0005377691075458893,0.0012494336461299788,0.0005342509918890466,0.00031663040911580204,0.00180077262835226,0.0013559822917372025,0.0004045833005368593,0.0004045833005368593,0.0010091966055627514,0.001012714721219594,0.0003050708862433228,0.0009554196948081631,0.0009689895694845532,0.0007267421771134167,0.0007116645385840913,0.0021917860542127274,0.0007971044902502604,0.0006196909435552157,0.0011102167837092215,0.0026380841546807168,0.0005131422979479938,0.0006724626784078494,0.000740814639740784,0.0003111019416550502,0.0006066236568298029,0.00044227739686017106,0.001028294947699895,0.0012016877907871197,0.0007342809963780776,0.001123284070434636,0.0010891080897681687,0.0008332908227206386,0.0004462981004679893,0.0012891380942571997,0.001127304774042456,0.0023958367623095785,0.0010378441187684669,0.0009383317044749286,0.0021284599723895674,0.0012187757811203542,0.0038910359164675383,0.002569229605396805,0.0020028129846452,0.0003774435511840757,0.00028597254410617917,0.0005377691075458893,0.0005166604136048365,0.001081569270503506,0.0017339284308722572,0.0003699047319194147,0.0007589078059759731,0.0019701447678316646,0.002967781850521935,0.0017052809176665417,0.002664721316082523,0.000341257218713701,0.0006101417724866422,0.0002367189249103882,0.0005397794593497984,0.0012454129425221606,0.0010091966055627514,0.0014097592024917907,0.0002975320669786584,0.0023802565358292775,0.0025290225693186067,0.0011041857282974923,0.0003462830982234738,0.0018691245896851946,0.0006845247892313076,0.001077548566895686,0.0005342509918890466,0.0012514439979338897,0.0012036981425910306,0.0006483384567609295,0.0006810066735744649,0.003021056173325546,0.001535406190236158,0.0023898057068978493,0.0012986872653257715,0.0003281899319882847,0.0003261795801843756,0.0005548570978791238,0.0005453079268105503,0.000978538740553125,0.0013258270146785552,0.0013409046532078788,0.00015278673709714918,0.000673467854309804,0.0012207861329242634,0.0015640537034418735,0.0021209211531249047,0.0004885154883500983,0.0011785687450421578,0.0009966319067883141,0.0005910434303494985,0.000978538740553125,0.0009614507502198923,0.00017942389849895726,0.002008341452105952,0.0024832870657796567,0.0021897757024088183,0.0020887555242623465,0.001226314600385017,0.0009976370826902687,0.0002764233730376056,0.0011187607788758387,0.00039855224512513193,0.000524701820820473,0.0009614507502198923,0.0018213787343423354,0.002731565513562526,0.0016288875491179654,0.0015333958384322471,0.0009830620321119223,0.000507111242536263,0.0015504838287654817,0.0009860775598177877,0.00026888455377294465,0.000823741651652065,0.0007684569770445467,0.00015077638529324006,0.0008966169045437986,0.0004196609390661847,0.000515152649751903,0.001430365308481868,0.0006830170253783775,0.0007915760227895086,0.0007307628807212349,0.0006960843121037903,0.00042518940652693654,0.0010730252753368887,0.0008508814010048486,0.0005704373243594248,0.001652006594862929,0.0034025204281174417,0.0015524941805693908,0.002412924752642813,--,--,--
31,0.0015736028745104453,0.0004613757389973147,0.0012891380942571997,0.001216765429316445,0.0019073212739594819,0.002365178897299954,0.0014514740024229207,0.0010413622344253096,0.0011102167837092215,0.00045986797514438113,0.0006292401146237858,0.0005473182786144594,0.0004091065920956566,0.0006257219989669466,0.0006905558446430385,0.0015962193323044317,0.0005226914690165639,0.0006865351410352168,0.0015982296841083408,0.0008222338877991349,0.001432375660285777,0.0008564098684656022,0.0012529517617868215,0.000774488032456274,0.000978538740553125,0.0015982296841083408,0.0003015527705864801,0.0011061960801014015,0.0008755082106027458,0.0008393218781323694,0.0028456529784344105,0.0018063010958130118,0.001489670686697208,0.0013655314628057743,0.0008850573816713177,0.001216765429316445,0.0003613607367527992,0.0005724476761633339,0.000616172827898373,0.0007991148420541695,0.0008468606973970304,0.0006598979796334122,0.0030441752190705097,0.0018118295632737636,0.0012951691496689288,0.0007131723024370248,0.0010891080897681687,0.0010584502247585423,0.0005377691075458893,0.001804290744009101,0.0010051759019549314,0.00334723575350992,0.0009765283887492159,0.0021897757024088183,0.0020349786135077583,0.004211184441240185,0.0013695521664135943,0.0017072912694704508,0.0030476933347273506,0.0006865351410352168,0.0004729352618697939,0.0003146200573118929,0.0008966169045437986,0.0008679693913380832,0.002092273639919189,0.0005131422979479938,0.0015660640552457826,0.0040398019499568675,0.0011484134679835088,0.0007935863745934177,0.0007574000421230395,0.0009519015791513204,0.0005608881532908512,0.0001085589974111345,0.0008277623552598867,0.0007800164999170259,0.0006217012953591249,0.0022832570612906257,0.0008413322299362785,0.0017414672501369181,0.0008714875069949259,0.0006468306929079994,0.0020686520062232483,0.00044177480890919205,0.000978538740553125,0.0002708949055768538,0.0007056334831723604,0.002138009143458139,0.0009267721816024459,0.0006181831797022821,0.0018847048161654955,0.0034638361581366926,0.004215205144848003,0.0011675118101206524,0.00025581726704753185,0.000919233362337785,0.0011157452511699733,0.0006121521242905548,0.000715182654240934,0.0016022503877161608,0.0020239216785862546,0.0027501612677486922,0.0012207861329242634,0.0006543695121726603,0.0010489010536899705,0.002155097133791372,0.0017278973754605263,0.0005548570978791238,0.00048650513654618574,0.001388650508550738,0.001226314600385017,0.0013218063110707352,0.001327334778531487,0.0015183181999029235,0.0009363213526710178,0.0016288875491179654,0.0005855149628887467,0.001493691390305028,0.0013368839496000588,0.0008257520034559776,0.0005533493340261902,0.0002211386984300838,0.0002296826935967028,0.00027843372484151474,0.001232345655796746,0.001437904127746529,0.002218423215614534,0.0015791313419711971,0.0028094666459640323,0.0013027079689335915,0.0014172980217564534,0.0007925811986914631,0.00010202535404842464,8.845547937203282e-05,0.0010051759019549314,0.0016746230526569154,0.001281599274992537,0.00011609781667579547,0.0006026029532219812,0.0019837146425080564,0.002731565513562526,0.0014208161374132961,0.0020731752977820456,0.0015896856889417235,0.0006046133050258903,0.0005875253146926593,0.0009383317044749286,0.0006086340086337121,0.0010891080897681687,0.001224304248581106,0.0011785687450421578,0.004316225322994475,0.001216765429316445,0.002717995638886134,0.0009172230105338741,0.0010378441187684669,0.0016841722237254872,0.0006800014976725104,0.0009594403984159814,0.00023822668876331832,0.0007478508710544694,0.000823741651652065,0.001739456898333009,0.001224304248581106,0.0017128197369312027,0.0022752156540749875,0.0006558772760255939,0.000798109666152215,0.0006523591603687512,0.0018465081318912082,0.00034879603797836195,0.0012434025907182497,0.0005930537821534111,0.0007589078059759731,0.001228324952188926,0.002172687712075584,0.00179675192474444,0.001697742098401879,0.001028294947699895,0.0007227214735055949,0.0005513389822222811,0.0002633560863121928,0.00036035556085084464,0.00027843372484151474,0.0005835046110848376,0.002155097133791372,0.0022772260058788966,0.0021973145216734793,0.001281599274992537,0.0010986572608367405,0.000499572423271602,0.0005206811172126548,0.0003281899319882847,0.0004844947847422766,0.0004091065920956566,0.00017942389849895726,0.0002975320669786584,0.0008393218781323694,0.0003432675705176101,0.0022716975384181447,0.0028838496627086978,0.0013333658339432161,0.002105843514595581,0.0007418198156427386,0.0011996774389832106,0.001594711568451498,0.002000802632841291,0.001278081159335696,0.0008755082106027458,0.0009458705237395913,0.0024968569404560485,0.001342915005011788,0.0015620433516379626,0.0015791313419711971,0.002468209427250333,0.0015278673709714953,0.000964968865876735,0.00043473857759550663,0.00043473857759550663,0.000980549092357036,0.0010835796223074168,0.0011443927643756888,0.0027999174748954605,0.00214956866633062,0.0026627109642786122,0.0020616157749095646,0.0013620133471489316,0.0006483384567609295,0.0009076738394653023,0.0005814942592809284,0.0017796639344112054,0.0010468907018860614,0.0013047183207375006,0.0006830170253783775,0.001437904127746529,0.0017278973754605263,0.000499572423271602,0.001396189327815399,0.000566416620751603,0.0003090915898511411,0.0006005926014180721,0.001535406190236158,0.0011082064319053123,0.0006980946639076994,0.002361158193692134,0.0026094366414750013,0.0003090915898511411,0.0026320530992689876,0.0014268471928250252,0.0011594704029050142,0.0016595454141275917,0.0011594704029050142,0.0021485634904286656,0.00035834520904693204,0.0006865351410352168,0.0010107043694156832,0.0009212437141416941,0.00023269822130256648,0.003925211897134006,0.002117403037468062,0.0028974195373850896,0.0011061960801014015,0.002723524106346886,0.00018897306956752735,0.001123284070434636,0.0007704673288484558,0.00024224739237114004,0.0008182131841913132,0.0035648563362831627,0.00180077262835226,0.0002744130212336965,0.0009383317044749286,0.0021897757024088183,0.0012112369618556915,0.002922046346982985,0.0026797989546118468,0.0006428099893001776,0.000657887627829503,0.0005186707654087457,0.0007267421771134167,0.00043473857759550663,0.0011041857282974923,0.002507913875377554,0.0021264496205856565,0.0017203585561958654,0.0004407696330072375,0.0005799864954279949,0.0011177556029738842,0.0004844947847422766,0.0005035931268794203,0.00035834520904693204,0.000806653661318834,0.0011403720607678688,0.00048650513654618574,0.001138864296914937,0.0021359987916542283,0.0057943364868192,0.0025747580728575567,0.0012132473136596024,0.0020751856495859547,0.0001849523659597091,0.0010051759019549314,0.0017108093851272935,0.0017605655922740618,0.0004558472715365629,0.002159117837399192,0.0016706023490490954,0.0016193383780493936,0.0007438301674466477,0.001955067129302341,0.0017012602140587217,0.0009277773575044022,0.001281599274992537,0.0017756432308033854,0.0012358637714535887,0.0016861825755293963,0.0032060085392852534,0.0008393218781323694,0.002580789128269286,0.0012207861329242634,0.0022375215577516774,0.0012474232943260697,0.00175101642120549,0.0009916060272785396,0.000524701820820473,0.00034879603797836195,0.00028396219230227004,0.00230034505162386,0.0013539719399332916,0.0028592228531108023,0.0017449853657937608,0.001987232758164899,0.0015333958384322471,0.000831783058867705,0.0006448203411040902,0.0007684569770445467,0.0013162778436099833,0.00022616457793986008,0.0008428399937892104,0.0012052059064439624,0.0005186707654087457,0.0014419248313543489,0.001542945009500819,0.002420463571907474,0.0031130297683544216,0.001130822889699297,0.002248578492673181,0.0004970594835167139,0.0005548570978791238,0.0005091215943401721,0.001035833766964556,0.0011147400752680187,0.0014630335252954017,0.0005166604136048365,0.0007398094638388295,0.0026913584774843277,0.0026586902606707923,0.0030517140383351706,0.004035781246349049,0.0009936163790824504,0.00020204035629294015,0.00023370339720452105,0.0005226914690165639,0.0008011251938580821,0.0005779761436240857,0.0012795889231886279,0.0005056034786833294,0.0003050708862433228,0.001798762276548349,0.0013006976171296807,0.00042167129087009383,0.00042719975833084567,0.0010011551983471114,0.0009403420562788378,0.00032215887657655734,0.000964968865876735,0.0009689895694845532,0.0007991148420541695,0.0006639186832412339,0.002168667008467764,0.0008086640131227431,0.0006086340086337121,0.0011082064319053123,0.0026340634510728968,0.0005091215943401721,0.0006980946639076994,0.0007372965240839413,0.00034527792232151924,0.0005724476761633339,0.00044830845227189844,0.0010413622344253096,0.0012891380942571997,0.000764938861387704,0.0010911184415720778,0.0010891080897681687,0.0008428399937892104,0.00045031880407581104,0.0012760708075317852,0.0011710299257774951,0.002341054675653034,0.0010298027115528269,0.0008850573816713177,0.0022335008541438574,0.0011710299257774951,0.0037668966925761046,0.002557670082524322,0.0019817042907041473,0.00038548495839971567,0.000299542418782571,0.0005814942592809284,0.0005226914690165639,0.001081569270503506,0.001743477601940829,0.00038548495839971567,0.0007860475553287567,0.001955067129302341,0.0029451653927279487,0.0016746230526569154,0.0025903382993378576,0.00034879603797836195,0.0005910434303494985,0.00025179656343971013,0.0005704373243594248,0.001216765429316445,0.0010031655501510223,0.0014132773181486334,0.0003015527705864801,0.002315422690153184,0.002565208901788985,0.0010489010536899705,0.00033020028379219385,0.0018289175536069981,0.0006905558446430385,0.0010624709283663623,0.0005206811172126548,0.0012227964847281742,0.001216765429316445,0.0006332608182316075,0.0006598979796334122,0.002927574814443737,0.0016153176744415753,0.002309894222692432,0.0012836096267964479,0.0003432675705176101,0.0003377391030568583,0.0005835046110848376,0.0005357587557419802,0.0009634611020238014,0.0013600029953450225,0.001428354956677957,0.0001814342503028664,0.0006960843121037903,0.0012207861329242634,0.0016670842333922527,0.002111371982056333,0.0005035931268794203,0.0012092266100517824,0.0009926112031804941,0.0006046133050258903,0.0010489010536899705,0.0009725076851413959,0.00017942389849895726,0.0020983046953309183,0.0025043957597207112,0.002155097133791372,0.0021133823338602437,0.0012609931690024615,0.0010413622344253096,0.00028245442844933646,0.0011433875884737342,0.0003930237776643801,0.0005397794593497984,0.0009574300466120723,0.0017872027536758681,0.0027426224484840295,0.001634416016578719,0.0015715925227065344,0.0009966319067883141,0.0005282199364773157,0.0015107793806382625,0.0009890930875236532,0.0002708949055768538,0.0008051458974659004,0.0007574000421230395,0.0001563048527539919,0.0009137048948770331,0.0004292101101347548,0.0005035931268794203,0.001478111163824727,0.0006810066735744649,0.0008297727070637959,0.0007307628807212349,0.0007036231313684513,0.00042719975833084567,0.001055937285003656,0.000877518562406655,0.0005759657918201766,0.0016706023490490954,0.003330147763176687,0.0014494636506190116,0.0023501012587706285,--,--,--
32,0.0015524941805693908,0.0004462981004679893,0.0012760708075317852,0.001226314600385017,0.001895761751087001,0.0023385417358981475,0.0014037281470800616,0.0010378441187684669,0.0010795589186995969,0.0004462981004679893,0.0006257219989669466,0.0005377691075458893,0.0004292101101347548,0.0006332608182316075,0.0007021153675155212,0.001546965713108639,0.0005875253146926593,0.0006940739602998812,0.0016248668455101471,0.0008257520034559776,0.0014037281470800616,0.0008413322299362785,0.0012569724653946415,0.0007800164999170259,0.0009363213526710178,0.0015811416937751063,0.0003111019416550502,0.001129315125846365,0.0008679693913380832,0.0008679693913380832,0.0027541819713565122,0.0017585552404701527,0.0015183181999029235,0.0013484434724725398,0.0008810366780634977,0.0011921386197185479,0.0003729202596252784,0.0005930537821534111,0.0006387892856923594,0.0008031355456619912,0.0008413322299362785,0.0006714575025058948,0.0029527042119926097,0.0017299077272644372,0.0012876303304042679,0.0007362913481819867,0.0010946365572289205,0.0010679993958271142,0.0005704373243594248,0.0017912234572836881,0.0009900982634256077,0.0033055209535787916,0.0009820568562099678,0.0021324806759973874,0.0020636261267134737,0.004104635795632961,0.0014228264892172052,0.001640447071990448,0.0029486835083847914,0.0006749756181627375,0.0004674067944090421,0.0003432675705176101,0.0009539119309552296,0.0008639486877302632,0.0020807141170467083,0.00048650513654618574,0.0015545045323733016,0.0040855374534958175,0.0011328332415032078,0.000782026851720935,0.0007669492131916131,0.0009765283887492159,0.0005548570978791238,0.00011609781667579547,0.0008448503455931195,0.0007790113240150713,0.0006292401146237858,0.002260138015545662,0.0008257520034559776,0.0017721251151465445,0.0008488710492009395,0.0006332608182316075,0.0021008176350858065,0.000449313628173853,0.0010071862537588405,0.0002764233730376056,0.0006925661964469476,0.0021229315049288155,0.000923254065945605,0.0006543695121726603,0.00189777210289091,0.003490473319538499,0.004196106802710859,0.0011770609811892242,0.00027843372484151474,0.0009725076851413959,0.0011328332415032078,0.000623711647163034,0.0007307628807212349,0.0015831520455790171,0.002012362155713772,0.002780819132758317,0.0012132473136596024,0.0006714575025058948,0.0010549321091016996,0.002155097133791372,0.0017223689079997745,0.0005704373243594248,0.0004709249100658848,0.0013333658339432161,0.0012187757811203542,0.0012986872653257715,0.0013177856074629152,0.0014876603348932989,0.0009478808755435005,0.001634416016578719,0.0005799864954279949,0.0014193083735603625,0.0013620133471489316,0.0008126847167305613,0.0005533493340261902,0.00022013352252812923,0.00022616457793986008,0.00028396219230227004,0.0012418948268653179,0.0015032405613735998,0.0022355112059477666,0.0015409346576969098,0.002729555161758615,0.0012549621135907324,0.0014705723445600644,0.0008393218781323694,0.00011459005282286189,0.0001030305299503792,0.0009594403984159814,0.001592701216647589,0.0013142674918060725,0.0001030305299503792,0.0004885154883500983,0.0019455179582337691,0.0026797989546118468,0.0014132773181486334,0.0020887555242623465,0.0015705873468045799,0.0006387892856923594,0.0005940589580553657,0.0009519015791513204,0.0006141624760944639,0.0011655014583167433,0.0012303353039928352,0.001186610152257796,0.004179018812377627,0.0012645112846593042,0.0026968869449450796,0.0009041557238084613,0.0010669942199251596,0.0016786437562647354,0.0006935713723489022,0.0009634611020238014,0.0002367189249103882,0.0007609181577798822,0.0008679693913380832,0.0017319180790683463,0.0011785687450421578,0.001689700691186239,0.0022983346998199494,0.0006387892856923594,0.0007790113240150713,0.0006598979796334122,0.0018786737607537664,0.0003462830982234738,0.0012609931690024615,0.0005724476761633339,0.0007629285095837914,0.001134843593307117,0.0022470707288202493,0.001854046951155871,0.0017545345368623327,0.0010378441187684669,0.0007227214735055949,0.0005588778014869421,0.00028345960435129103,0.0003673917921645266,0.0002668742019690355,0.0006005926014180721,0.0021359987916542283,0.0022355112059477666,0.002218423215614534,0.001278081159335696,0.001070009747631025,0.0005377691075458893,0.0005282199364773157,0.0003357287512529457,0.0005141474738499484,0.00043373340169355207,0.0001829420141557965,0.0002975320669786584,0.0008413322299362785,0.0003432675705176101,0.0023023554034277693,0.002826554636297267,0.001327334778531487,0.0021249418567327247,0.0007438301674466477,0.0011996774389832106,0.0015680744070496935,0.00204452778457633,0.0012911484460611088,0.000869979743141994,0.0009403420562788378,0.002456649904377852,0.0013484434724725398,0.0015504838287654817,0.0015680744070496935,0.0024893181211913876,0.0015142974962951035,0.0009614507502198923,0.0004407696330072375,0.00043674892939941923,0.0010031655501510223,0.0011137348993660642,0.0011328332415032078,0.002729555161758615,0.00214956866633062,0.002618985812543573,0.002101822810987761,0.0013368839496000588,0.0006217012953591249,0.000865959039534174,0.000556867449683033,0.0017530267730094008,0.001070009747631025,0.0012931587978650197,0.0006714575025058948,0.0013770909856782552,0.0016555247105197717,0.0004920336040069376,0.001338894301403968,0.0005628985050947603,0.00030054759468452555,0.0006005926014180721,0.0015122871444911944,0.0010835796223074168,0.0006925661964469476,0.0023289925648295757,0.0026013952342593613,0.00028245442844933646,0.0026838196582196668,0.0014037281470800616,0.0011921386197185479,0.0016535143587158626,0.0011539419354442606,0.0021143875097621983,0.0003859875463506947,0.0006940739602998812,0.0011061960801014015,0.0009614507502198923,0.00024023704056722744,0.003917673077869345,0.0022199309794674656,0.0028476633302383196,0.0010489010536899705,0.0026476333257492886,0.00019249118522437006,0.0012112369618556915,0.0007875553191816903,0.00025179656343971013,0.0008011251938580821,0.0034753956810091736,0.001798762276548349,0.0002899932477139974,0.0009478808755435005,0.002212392160202803,0.0011976670871793015,0.0029029480048458414,0.0027426224484840295,0.000707643834976273,0.0006387892856923594,0.0005473182786144594,0.0007247318253095041,0.00046539644260513297,0.0010795589186995969,0.0024988672922599594,0.002060108011056631,0.001743477601940829,0.0004694171462129547,0.0005990848375651385,0.0011464031161795996,0.000507111242536263,0.0005166604136048365,0.00035683744519400193,0.0008202235359952258,0.0011484134679835088,0.000515152649751903,0.0011197659547777933,0.0021264496205856565,0.0056802490219473156,0.002610944405327933,0.0012112369618556915,0.002012362155713772,0.00019349636112632462,0.0009689895694845532,0.0017168404405390227,0.0017701147633426336,0.0004327282257915975,0.0020430200207233983,0.0016690945851961635,0.00160024003591225,0.0007247318253095041,0.0019148600932241445,0.0016575350623236808,0.0009116945430731223,0.0012971795014728397,0.0016690945851961635,0.0012836096267964479,0.0016575350623236808,0.003131625522540588,0.0008870677334752268,0.0025310329211225176,0.001216765429316445,0.0021837446469970875,0.0012454129425221606,0.0017721251151465445,0.0010368389428665123,0.000524701820820473,0.00039855224512513193,0.000299542418782571,0.0022390293216046093,0.0013122571400021633,0.0028516840338461396,0.0017072912694704508,0.0019455179582337691,0.0014992198577657798,0.000816202832387404,0.0006277323507708557,0.0007609181577798822,0.0013409046532078788,0.00023571374900843017,0.0008332908227206386,0.0012494336461299788,0.0005056034786833294,0.0014248368410211144,0.0015278673709714953,0.0024491110851131894,0.003085890019001638,0.0011177556029738842,0.0022546095480849102,0.0005045983027813748,0.0005814942592809284,0.0005056034786833294,0.001012714721219594,0.0011016727885426042,0.0014514740024229207,0.0005056034786833294,0.0007322706445741685,0.002525504453661764,0.002569229605396805,0.0029602430312572724,0.003961398229604384,0.0010107043694156832,0.00022867751769474823,0.000249786211635801,0.0005131422979479938,0.0008182131841913132,0.0006196909435552157,0.0013102467881982525,0.00047695596547761565,0.0002975320669786584,0.00179675192474444,0.0012474232943260697,0.00043875928120332836,0.00045031880407581104,0.0009916060272785396,0.000869979743141994,0.0003377391030568583,0.0009725076851413959,0.0009709999212884641,0.000873497858798835,0.000616172827898373,0.0021455479627228,0.0008182131841913132,0.0005970744857612294,0.0011041857282974923,0.0026300427474650768,0.0005056034786833294,0.0007237266494075495,0.0007342809963780776,0.0003814642547918974,0.0005357587557419802,0.0004538369197326503,0.0010549321091016996,0.0013770909856782552,0.0007955967263973268,0.0010584502247585423,0.0010911184415720778,0.0008543995166616913,0.0004538369197326503,0.0012625009328553934,0.0012132473136596024,0.0022867751769474684,0.001020253540484255,0.000831783058867705,0.0023385417358981475,0.001123284070434636,0.0036412497048317373,0.0025481209114557504,0.001959087832910161,0.00039402895356633466,0.0003146200573118929,0.0006257219989669466,0.0005302302882812249,0.0010795589186995969,0.0017545345368623327,0.00040056259692904106,0.0008086640131227431,0.0019414972546259492,0.002922046346982985,0.0016439651876472908,0.0025174630464461258,0.00035834520904693204,0.0005704373243594248,0.00026888455377294465,0.0006005926014180721,0.0011881179161107296,0.0009956267308863596,0.0014152876699525425,0.00030708123804723195,0.0022505888444770902,0.0025998874704064295,0.0009936163790824504,0.00031361488140993835,0.0017912234572836881,0.0006960843121037903,0.0010468907018860614,0.000507111242536263,0.0011921386197185479,0.0012303353039928352,0.000616172827898373,0.0006387892856923594,0.002832585691708996,0.0016957317465979699,0.0022294801505360375,0.0012685319882671225,0.00035834520904693204,0.00034879603797836195,0.0006121521242905548,0.000524701820820473,0.0009478808755435005,0.0013941789760114898,0.0015142974962951035,0.0002115895273615137,0.0007192033578487522,0.0012187757811203542,0.0017701147633426336,0.00210383316279167,0.0005186707654087457,0.0012378741232574979,0.0009890930875236532,0.0006171780038003276,0.0011177556029738842,0.0009840672080138786,0.00017942389849895726,0.0021857549988009983,0.002525504453661764,0.0021209211531249047,0.002138009143458139,0.0012951691496689288,0.0010835796223074168,0.00028898807181204286,0.0011680143980716297,0.00038699272225264925,0.0005548570978791238,0.0009539119309552296,0.0017530267730094008,0.0027561923231604214,0.001640447071990448,0.0016077788551769126,0.0010096991935137287,0.0005473182786144594,0.0014725826963639735,0.0009926112031804941,0.0002708949055768538,0.0007840372035248476,0.0007478508710544694,0.00016233590816572274,0.0009307928852102659,0.00043875928120332836,0.0004920336040069376,0.0015258570191675862,0.0006789963217705558,0.000869979743141994,0.0007307628807212349,0.0007096541867801821,0.0004292101101347548,0.0010378441187684669,0.0009041557238084613,0.0005799864954279949,0.001689700691186239,0.0032537543946281125,0.001342915005011788,0.0022867751769474684,--,--,--
33,0.001539426893843978,0.0004312204619386674,0.0012685319882671225,0.001239884475061407,0.0018902332836262473,0.0022983346998199494,0.0013600029953450225,0.0010338234151606469,0.0010509114054938814,0.00043875928120332836,0.0006267271748689011,0.0005282199364773157,0.00045986797514438113,0.0006387892856923594,0.000715182654240934,0.0015122871444911944,0.0006523591603687512,0.000715182654240934,0.0016690945851961635,0.0008257520034559776,0.0013770909856782552,0.0008297727070637959,0.0012665216364632133,0.0007895656709855994,0.0009061660756123704,0.0015565148841772108,0.00032416922838046647,0.0011519315836403515,0.000865959039534174,0.0009021453720045505,0.0026838196582196668,0.0017148300887351135,0.0015524941805693908,0.001335376185747127,0.0008830470298674068,0.001180579096846067,0.0003859875463506947,0.0006046133050258903,0.0006749756181627375,0.0008202235359952258,0.0008373115263284568,0.0006789963217705558,0.002872290139836215,0.0016499962430590199,0.001278081159335696,0.0007669492131916131,0.0011041857282974923,0.001081569270503506,0.0006046133050258903,0.0017872027536758681,0.0009840672080138786,0.003272852736765256,0.0010011551983471114,0.0021133823338602437,0.002101822810987761,0.004016682904211906,0.0014916810385011189,0.001588680513039769,0.0028627409687676433,0.0006664316229961186,0.0004709249100658848,0.00037191508372332385,0.0010051759019549314,0.000861938335926354,0.0020771960013898656,0.0004674067944090421,0.0015409346576969098,0.004119713434162285,0.0011423824125717796,0.0007724776806523649,0.0007860475553287567,0.0009996474344941796,0.0005513389822222811,0.00012413922389143545,0.000861938335926354,0.0007810216758189804,0.0006352711700355167,0.002248578492673181,0.0008086640131227431,0.0017912234572836881,0.000831783058867705,0.000623711647163034,0.0021304703241934765,0.0004538369197326503,0.0010298027115528269,0.00028396219230227004,0.0006789963217705558,0.002115392685664153,0.0009252644177495141,0.0006925661964469476,0.0019113419775673018,0.0035130897773324836,0.004157910118436572,0.001180579096846067,0.000299542418782571,0.001020253540484255,0.0011594704029050142,0.0006352711700355167,0.0007513689867113121,0.0015680744070496935,0.0020254294424391864,0.0027923786556307995,0.0012207861329242634,0.0006905558446430385,0.0010584502247585423,0.0021440401988698683,0.0017449853657937608,0.0006066236568298029,0.0004613757389973147,0.0012836096267964479,0.0012303353039928352,0.0012720501039239652,0.0013197959592668243,0.0014841422192364562,0.000964968865876735,0.0016499962430590199,0.0005779761436240857,0.0013559822917372025,0.0013791013374821661,0.000806653661318834,0.0005548570978791238,0.0002211386984300838,0.0002231490502339964,0.0002899932477139974,0.0012569724653946415,0.0015565148841772108,0.0022752156540749875,0.0015107793806382625,0.002664721316082523,0.0012132473136596024,0.0015183181999029235,0.0008704823310929713,0.00012665216364632012,0.00011609781667579547,0.0009212437141416941,0.0015163078480990144,0.0013504538242764506,9.900982634256095e-05,0.0004025729487329502,0.0019264196160966255,0.0026456229739453795,0.0014132773181486334,0.002099812459183852,0.0015565148841772108,0.000665426447094164,0.0006015977773200266,0.0009634611020238014,0.000616172827898373,0.0012227964847281742,0.0012434025907182497,0.001186610152257796,0.0040438226535646875,0.0013218063110707352,0.0027104568196214714,0.0008966169045437986,0.001099662436738695,0.0016801515201176672,0.0007036231313684513,0.000978538740553125,0.00024425774417504917,0.0007800164999170259,0.000923254065945605,0.0017319180790683463,0.0011484134679835088,0.001682161871921578,0.0023289925648295757,0.0006227064712610794,0.0007639336854857494,0.0006694471507019857,0.0019168704450280537,0.0003498012138803165,0.0012720501039239652,0.0005548570978791238,0.0007533793385152213,0.0010489010536899705,0.0023023554034277693,0.0018806841125576755,0.0018103217994208318,0.0010468907018860614,0.0007247318253095041,0.0005674217966535576,0.00030406571034136826,0.0003774435511840757,0.0002593353827043711,0.0006217012953591249,0.0021284599723895674,0.00219530416986957,0.0022390293216046093,0.0012836096267964479,0.0010489010536899705,0.0005739554400162675,0.0005357587557419802,0.0003432675705176101,0.0005493286304183685,0.0004613757389973147,0.00018696271776361822,0.00029351136337084013,0.0008428399937892104,0.0003508063897822711,0.002311904574496341,0.002759710438817264,0.0013197959592668243,0.0021249418567327247,0.000749358634907403,0.0012036981425910306,0.0015545045323733016,0.002092273639919189,0.0013067286725414115,0.000865959039534174,0.0009458705237395913,0.0024013652297703303,0.001373070282070437,0.0015585252359811216,0.001539426893843978,0.0025023854079168004,0.0015107793806382625,0.0009669792176806441,0.00044227739686017106,0.00044227739686017106,0.0010453829380331278,0.0011443927643756888,0.001130822889699297,0.002677788602807936,0.002159117837399192,0.002582799480073195,0.0021344910278012965,0.0013102467881982525,0.0006026029532219812,0.000831783058867705,0.0005417898111537076,0.001735436194725189,0.0010931287933759887,0.001281599274992537,0.0006865351410352168,0.001335376185747127,0.001594711568451498,0.0004900232522030284,0.001281599274992537,0.0005608881532908512,0.0002965268910767038,0.0006005926014180721,0.0015238466673636753,0.0010624709283663623,0.0006980946639076994,0.00230034505162386,0.0026013952342593613,0.0002668742019690355,0.0027084464678175622,0.001384629804942918,0.001224304248581106,0.001652006594862929,0.0011484134679835088,0.002089258112213324,0.000415640235458363,0.0007001050157116086,0.0011881179161107296,0.0010107043694156832,0.0002477758598318919,0.003910134258604682,0.0022847648251435593,0.002819015817032604,0.0009996474344941796,0.002580789128269286,0.00019651188883218831,0.0012971795014728397,0.000806653661318834,0.0002633560863121928,0.0007935863745934177,0.003399002312460599,0.001798762276548349,0.0003090915898511411,0.0009669792176806441,0.0022430500252124293,0.001182589448649976,0.002878321195247946,0.0027979071230915514,0.0007684569770445467,0.0006257219989669466,0.0005759657918201766,0.0007192033578487522,0.0004824844329383675,0.0010755382150917769,0.0024873077693874767,0.002010351803909863,0.0018118295632737636,0.000499572423271602,0.0006181831797022821,0.001182589448649976,0.0005302302882812249,0.0005397794593497984,0.00036236591265475376,0.0008373115263284568,0.0011634911065128324,0.0005322406400851375,0.0011006676126406496,0.0021304703241934765,0.005565658969124454,0.0026456229739453795,0.0012207861329242634,0.001959087832910161,0.0002050558839988073,0.0009383317044749286,0.0017414672501369181,0.0017796639344112054,0.0004196609390661847,0.0019264196160966255,0.0016801515201176672,0.001592701216647589,0.0007096541867801821,0.0018691245896851946,0.0016308979009218762,0.0009157152466809423,0.0013122571400021633,0.0015866701612358598,0.0013504538242764506,0.0016384367201865372,0.0030557347419429906,0.0009307928852102659,0.002509924227181463,0.001224304248581106,0.0021359987916542283,0.0012378741232574979,0.0018063010958130118,0.0010835796223074168,0.0005302302882812249,0.00045986797514438113,0.0003146200573118929,0.0021877653506049075,0.0012795889231886279,0.0028516840338461396,0.0016841722237254872,0.0019093316257633927,0.0014650438770993125,0.0008106743649266522,0.0006181831797022821,0.0007589078059759731,0.0013791013374821661,0.00024425774417504917,0.0008297727070637959,0.001274060455727876,0.0004920336040069376,0.0014172980217564534,0.001531385486628338,0.0024717275429071758,0.003072822732276225,0.0011102167837092215,0.0022546095480849102,0.0005176655895067911,0.0006046133050258903,0.0005091215943401721,0.0009976370826902687,0.0010901132656701232,0.0014419248313543489,0.0004980646594186684,0.0007307628807212349,0.0023862875912410066,0.0024908258850443194,0.002889880718120427,0.0038910359164675383,0.0010338234151606469,0.00025732503090046197,0.0002678793778709901,0.0005091215943401721,0.0008393218781323694,0.0006523591603687512,0.001331355482139307,0.00046539644260513297,0.00028597254410617917,0.001808311447616921,0.0011996774389832106,0.00045986797514438113,0.00047695596547761565,0.0009956267308863596,0.0008086640131227431,0.00036236591265475376,0.0009840672080138786,0.0009820568562099678,0.0009443627598866577,0.0005779761436240857,0.0021304703241934765,0.0008393218781323694,0.0005875253146926593,0.0011157452511699733,0.0026380841546807168,0.0005035931268794203,0.0007398094638388295,0.000733275820476123,0.00042368164267400296,0.0005015827750755111,0.0004538369197326503,0.0010624709283663623,0.0014570024698836725,0.0008277623552598867,0.0010318130633567377,0.0011006676126406496,0.000861938335926354,0.0004613757389973147,0.0012494336461299788,0.0012529517617868215,0.0022375215577516774,0.001020253540484255,0.000774488032456274,0.0024320230947799566,0.0010931287933759887,0.003538219174881358,0.0025481209114557504,0.0019414972546259492,0.0004045833005368593,0.00033371839944903656,0.000665426447094164,0.0005302302882812249,0.0010835796223074168,0.0017756432308033854,0.0004196609390661847,0.0008353011745245477,0.0019223989124888055,0.002881839310904787,0.0016288875491179654,0.0024586602561817612,0.0003678943801155056,0.0005644062689476939,0.0002879828959100883,0.000623711647163034,0.001169019573973586,0.0009976370826902687,0.0014057384988839707,0.0003146200573118929,0.002200832637330322,0.0026340634510728968,0.0009458705237395913,0.00031009676575309564,0.0017625759440779726,0.0007036231313684513,0.001035833766964556,0.0004960543076147593,0.0011655014583167433,0.0012434025907182497,0.0006181831797022821,0.000623711647163034,0.0027446328002879404,0.0017565448886662418,0.002163138541007012,0.0012589828171985507,0.0003759357873311456,0.00035834520904693204,0.0006352711700355167,0.000515152649751903,0.0009363213526710178,0.001432375660285777,0.0016233590816572135,0.0002347085731064756,0.0007398094638388295,0.0012147550775125342,0.0018847048161654955,0.0020867451724584374,0.0005342509918890466,0.0012609931690024615,0.0009916060272785396,0.0006342659941335621,0.001182589448649976,0.0009996474344941796,0.0001829420141557965,0.0022410396734085184,0.0025385717403871785,0.00209026328811528,0.002159117837399192,0.0013218063110707352,0.0011252944222385451,0.00029552171517474926,0.0011931437956205042,0.00038699272225264925,0.0005759657918201766,0.0009458705237395913,0.0017148300887351135,0.002761720790621173,0.0016439651876472908,0.0016499962430590199,0.0010232690681901205,0.000566416620751603,0.001436396363893597,0.0009956267308863596,0.0002744130212336965,0.0007704673288484558,0.0007458405192505603,0.0001698747274303837,0.0009383317044749286,0.0004538369197326503,0.0004749456136737065,0.0015715925227065344,0.0006789963217705558,0.0009041557238084613,0.0007287525289173258,0.0007116645385840913,0.00043875928120332836,0.001022263892288166,0.0009157152466809423,0.0005990848375651385,0.0017243792598036854,0.003177863614030515,0.0012589828171985507,0.0022355112059477666,--,--,--
34,0.0015258570191675862,0.0004196609390661847,0.0012625009328553934,0.0012529517617868215,0.0018826944643615864,0.0022294801505360375,0.0013238166628746443,0.001020253540484255,0.001012714721219594,0.00043674892939941923,0.0006332608182316075,0.0005186707654087457,0.0005101267702421267,0.0006448203411040902,0.0007267421771134167,0.0014951991541579598,0.0007131723024370248,0.0007629285095837914,0.001743477601940829,0.0008141924805834949,0.0013464331206686306,0.000823741651652065,0.001278081159335696,0.0008031355456619912,0.0008946065527398895,0.0015122871444911944,0.00034527792232151924,0.001169019573973586,0.000865959039534174,0.0009443627598866577,0.0026436126221414686,0.0016726127008530062,0.001588680513039769,0.0013197959592668243,0.0008830470298674068,0.001180579096846067,0.00039855224512513193,0.0005940589580553657,0.0007322706445741685,0.0008604305720734222,0.0008257520034559776,0.0006639186832412339,0.0027923786556307995,0.0015680744070496935,0.0012609931690024615,0.0008011251938580821,0.0011102167837092215,0.0010870977379642578,0.0006448203411040902,0.00179273122113662,0.0009900982634256077,0.003238676756098789,0.0010413622344253096,0.002164646304859944,0.002147558314526711,0.003936771420006488,0.0015831520455790171,0.0015600329998340535,0.0027999174748954605,0.0006609031555353667,0.0004885154883500983,0.00040056259692904106,0.0010453829380331278,0.0008604305720734222,0.0020731752977820456,0.000457857623340472,0.0015238466673636753,0.004112174614897624,0.0011976670871793015,0.0007669492131916131,0.000816202832387404,0.0010167354248274123,0.0005453079268105503,0.00013921686242075737,0.000873497858798835,0.0007850423794268022,0.0006332608182316075,0.0022505888444770902,0.0007875553191816903,0.0017756432308033854,0.000816202832387404,0.0006277323507708557,0.0021400194952620483,0.0004548420956346083,0.0010433725862292187,0.00029351136337084013,0.000665426447094164,0.00210383316279167,0.0009383317044749286,0.0007322706445741685,0.00190179280649873,0.0035055509580678226,0.004060910643897922,0.0011675118101206524,0.0003126097055079838,0.0010624709283663623,0.0011996774389832106,0.0006448203411040902,0.0007800164999170259,0.0015449553613047298,0.0020807141170467083,0.0027541819713565122,0.0012625009328553934,0.0007131723024370248,0.0010489010536899705,0.002105843514595581,0.0018063010958130118,0.0006769859699666467,0.00045986797514438113,0.0012378741232574979,0.0012685319882671225,0.001232345655796746,0.001338894301403968,0.0015218363155597662,0.0009900982634256077,0.0016690945851961635,0.0005814942592809284,0.0013102467881982525,0.0013750806338743461,0.0008106743649266522,0.0005618933291928058,0.00022415422613595096,0.00022515940203790552,0.00029200359951790655,0.0012795889231886279,0.001590690864843678,0.0023405520877020566,0.0014841422192364562,0.002618985812543573,0.001175050629385315,0.0015585252359811216,0.0008649538636322177,0.0001432375660285791,0.00012966769135218728,0.0008946065527398895,0.001443935183158258,0.001388650508550738,0.00011459005282286189,0.00037191508372332385,0.0019223989124888055,0.0026395919185336486,0.0014152876699525425,0.002099812459183852,0.0015439501854027753,0.0006830170253783775,0.0006121521242905548,0.0009669792176806441,0.0006101417724866422,0.0012378741232574979,0.0012705423400710333,0.0011519315836403515,0.00389656438392829,0.001384629804942918,0.0027788087809544077,0.0008905858491320695,0.0011358487692090732,0.0016841722237254872,0.0007086490108782276,0.0010051759019549314,0.00026536643811610194,0.0008086640131227431,0.0010011551983471114,0.0017203585561958654,0.001138864296914937,0.001693721394794059,0.002365178897299954,0.0006086340086337121,0.0007553896903191304,0.0006830170253783775,0.001959087832910161,0.000366386616262572,0.0012625009328553934,0.0005438001629576167,0.0007131723024370248,0.0009689895694845532,0.002307883870888521,0.0018349486090187273,0.0018465081318912082,0.0010604605765624532,0.0007192033578487522,0.000574960615918222,0.00033020028379219385,0.0003950341294682892,0.00025732503090046197,0.0006483384567609295,0.0021359987916542283,0.002151579018134531,0.002248578492673181,0.0013006976171296807,0.001035833766964556,0.0006086340086337121,0.0005473182786144594,0.00034728827412542837,0.0005970744857612294,0.0004930387799088956,0.0001945015370282792,0.00027843372484151474,0.0008413322299362785,0.0003699047319194147,0.0022772260058788966,0.0026511514414061313,0.0013047183207375006,0.0020807141170467083,0.0007589078059759731,0.0012112369618556915,0.0015640537034418735,0.0021324806759973874,0.0013142674918060725,0.000861938335926354,0.0009689895694845532,0.0022928062323591975,0.001436396363893597,0.0016057685033730035,0.0014590128216875834,0.0024988672922599594,0.0015203285517068343,0.0009860775598177877,0.00043875928120332836,0.000457857623340472,0.0011082064319053123,0.0011675118101206524,0.0011368539451110278,0.0026491410896022204,0.002164646304859944,0.0025481209114557504,0.0021400194952620483,0.001281599274992537,0.0005910434303494985,0.0008202235359952258,0.0005377691075458893,0.0017168404405390227,0.0011102167837092215,0.001274060455727876,0.0007398094638388295,0.0013047183207375006,0.0015449553613047298,0.0004900232522030284,0.001224304248581106,0.0005588778014869421,0.000299542418782571,0.0006000900134670931,0.001592701216647589,0.0010378441187684669,0.0007227214735055949,0.0022716975384181447,0.002616975460739664,0.0002708949055768538,0.002674270487151095,0.0013579926435411116,0.0012549621135907324,0.0016499962430590199,0.0011328332415032078,0.0020731752977820456,0.00045182656792874115,0.0006980946639076994,0.0012418948268653179,0.0010795589186995969,0.00025179656343971013,0.0038834970972028756,0.0022546095480849102,0.002830575339905087,0.0009725076851413959,0.002519473398250035,0.00020003000448903102,0.0013695521664135943,0.0008182131841913132,0.0002744130212336965,0.0008011251938580821,0.0033266296475198444,0.0018022803922051918,0.00033170804764512743,0.0010051759019549314,0.0022772260058788966,0.0011614807547089233,0.002830575339905087,0.0028154977013757614,0.0008182131841913132,0.000623711647163034,0.0006005926014180721,0.0006960843121037903,0.0004694171462129547,0.0011102167837092215,0.002468209427250333,0.0019817042907041473,0.0019530567774984318,0.0005282199364773157,0.0006217012953591249,0.0012303353039928352,0.000556867449683033,0.0005799864954279949,0.0003814642547918974,0.0008584202202695113,0.0011901282679146388,0.0005302302882812249,0.0010644812801702715,0.002151579018134531,0.005428452458507605,0.002672260135347184,0.0012418948268653179,0.0019128497414202337,0.0002231490502339964,0.0009157152466809423,0.00180077262835226,0.0017796639344112054,0.00042167129087009383,0.0018022803922051918,0.0017032705658626308,0.001594711568451498,0.0006980946639076994,0.00180077262835226,0.0016308979009218762,0.000952906755053275,0.0013177856074629152,0.0015409346576969098,0.0014494636506190116,0.0016308979009218762,0.0029547145637965205,0.0009725076851413959,0.002523494101857855,0.0012474232943260697,0.0020867451724584374,0.0012207861329242634,0.0018575650668127136,0.001127304774042456,0.0005438001629576167,0.0005473182786144594,0.0003281899319882847,0.0021440401988698683,0.0012589828171985507,0.0028531917976990714,0.0016801515201176672,0.0018847048161654955,0.001430365308481868,0.0008202235359952258,0.0006181831797022821,0.0007669492131916131,0.0014399144795504398,0.00024878103573384644,0.000831783058867705,0.0012569724653946415,0.00048047408113445836,0.001430365308481868,0.0015776235781182653,0.002468209427250333,0.0030708123804723143,0.0011102167837092215,0.0022335008541438574,0.0005443027509085957,0.0006217012953591249,0.0005226914690165639,0.0009916060272785396,0.0010730252753368887,0.0014268471928250252,0.000499572423271602,0.0007307628807212349,0.0022752156540749875,0.0024259920393682258,0.002832585691708996,0.003809114080458212,0.0010584502247585423,0.00028597254410617917,0.00028597254410617917,0.0005091215943401721,0.0008604305720734222,0.0006714575025058948,0.001335376185747127,0.0004885154883500983,0.0002744130212336965,0.001844497780087299,0.0011579626390520806,0.0004900232522030284,0.0005056034786833294,0.0010147250730235032,0.0007553896903191304,0.000408101416193702,0.0009936163790824504,0.0010031655501510223,0.0010051759019549314,0.0005533493340261902,0.0021189108013209956,0.000873497858798835,0.0005835046110848376,0.0011423824125717796,0.0026476333257492886,0.0005035931268794203,0.0007372965240839413,0.0007312654686722139,0.00047695596547761565,0.0004674067944090421,0.0004462981004679893,0.0010584502247585423,0.0015278673709714953,0.000865959039534174,0.0010071862537588405,0.0011197659547777933,0.0008584202202695113,0.0004709249100658848,0.0012358637714535887,0.001278081159335696,0.0021837446469970875,0.0010298027115528269,0.0007036231313684513,0.0025003750561128912,0.0010911184415720778,0.0034713749774013553,0.0025501312632596612,0.0019264196160966255,0.00042066611496813927,0.00036035556085084464,0.0006980946639076994,0.000515152649751903,0.0010911184415720778,0.0018022803922051918,0.0004462981004679893,0.000861938335926354,0.0018806841125576755,0.0027923786556307995,0.0016288875491179654,0.002410914400838902,0.00038347460659580654,0.0005814942592809284,0.00031864076091971463,0.0006277323507708557,0.0011579626390520806,0.0010051759019549314,0.0013675418146096834,0.00033371839944903656,0.0021706773602716747,0.0026586902606707923,0.0009061660756123704,0.00033371839944903656,0.00174699571759767,0.0007171930060448431,0.0010272897717979405,0.0004844947847422766,0.0011423824125717796,0.0012549621135907324,0.0006543695121726603,0.000616172827898373,0.0026476333257492886,0.0017736328789994763,0.002117403037468062,0.0012609931690024615,0.00039855224512513193,0.0003678943801155056,0.0006503488085648421,0.0005015827750755111,0.0009252644177495141,0.0014685619927561552,0.0017736328789994763,0.00024425774417504917,0.000764938861387704,0.0012112369618556915,0.0020239216785862546,0.0020465381363802392,0.0005473182786144594,0.0012685319882671225,0.0010081914296607968,0.0006588928037314576,0.0012303353039928352,0.001012714721219594,0.0001945015370282792,0.002214402512006714,0.002511934578985372,0.0020711649459781364,0.0021666566566638547,0.0013258270146785552,0.0011614807547089233,0.0003025579464884347,0.001214252489561557,0.0003950341294682892,0.0006086340086337121,0.000923254065945605,0.0016555247105197717,0.0027426224484840295,0.001640447071990448,0.001697742098401879,0.0010318130633567377,0.0005779761436240857,0.0014002100314232189,0.0009966319067883141,0.00028597254410617917,0.0007704673288484558,0.0007574000421230395,0.0001814342503028664,0.0009267721816024459,0.00048047408113445836,0.0004462981004679893,0.00160426073952007,0.0006789963217705558,0.0009267721816024459,0.0007131723024370248,0.0006960843121037903,0.00046539644260513297,0.0010041707260529768,0.0008905858491320695,0.0006468306929079994,0.0017851924018719573,0.0030667916768644943,0.0012092266100517824,0.0021932938180656593,--,--,--
35,0.0014972095059618707,0.0006352711700355167,0.0019128497414202337,0.001281599274992537,0.001636426368382628,0.0018213787343423354,0.0020410096689194874,0.0014630335252954017,0.0007991148420541695,0.00032065111272362376,0.0006101417724866422,0.0010720200994349342,0.0007001050157116086,0.00045182656792874115,0.0007322706445741685,0.0016248668455101471,0.000823741651652065,0.0027828294845622277,0.0027979071230915514,0.0008885754973281586,0.0009574300466120723,0.0009860775598177877,0.0018063010958130118,0.0008332908227206386,0.001338894301403968,0.0011464031161795996,0.0002367189249103882,0.0010318130633567377,0.0008106743649266522,0.0009116945430731223,0.0024908258850443194,0.0030290975805411843,0.0010413622344253096,0.001840477076479479,0.00042368164267400296,0.0016459755394512,0.000873497858798835,0.0002603405586063291,0.0006196909435552157,0.0008810366780634977,0.0012187757811203542,0.0015565148841772108,0.003284412259637737,0.001535406190236158,0.0009307928852102659,0.000566416620751603,0.0012474232943260697,0.0007131723024370248,0.00021762058277324456,0.00419409645090695,0.0006845247892313076,0.0018158502668815836,0.000919233362337785,0.00160426073952007,0.0026013952342593613,0.0027999174748954605,0.0010870977379642578,0.001224304248581106,0.002988890544462988,0.0006895506687410839,0.0005166604136048365,7.840372035248372e-05,0.0006086340086337121,0.0006694471507019857,0.0012589828171985507,0.0013333658339432161,0.0021229315049288155,0.0034638361581366926,0.0010378441187684669,0.0003699047319194147,0.0006086340086337121,0.0009478808755435005,0.0006428099893001776,9.549171068571824e-05,0.0006468306929079994,0.0006905558446430385,0.0008126847167305613,0.00329597178251022,0.0024013652297703303,0.0015203285517068343,0.0011579626390520806,0.0009820568562099678,0.0013715625182175034,0.0005835046110848376,0.0011252944222385451,0.00041212211980152375,0.0007574000421230395,0.0014705723445600644,0.0014419248313543489,0.0013006976171296807,0.001542945009500819,0.002824544284493356,0.003126097055079836,0.0007574000421230395,0.00029552171517474926,0.0009840672080138786,0.0011061960801014015,0.00025380691524361926,0.0006925661964469476,0.0018022803922051918,0.0015218363155597662,0.0020294501460470064,0.0026933688292882386,0.0012187757811203542,0.0013635211110018652,0.001647985891255109,0.002115392685664153,0.0004900232522030284,0.000673467854309804,0.00204452778457633,0.0006980946639076994,0.0014017177952761525,0.0009880879116216969,0.0024375515622407085,0.002727544809954706,0.0018691245896851946,0.0007955967263973268,0.001338894301403968,0.0014343860120896862,0.0006769859699666467,0.000332713223547082,0.00023571374900843017,0.0002603405586063291,0.00028245442844933646,0.0015012302095696907,0.0027999174748954605,0.002004823336449111,0.001640447071990448,0.0013655314628057743,0.0009765283887492159,0.0015866701612358598,0.0004312204619386674,0.0001030305299503792,5.0761383048724545e-05,0.0009252644177495141,0.0012931587978650197,0.001634416016578719,0.0008393218781323694,0.0014097592024917907,0.0018806841125576755,0.0013449253568156988,0.0011252944222385451,0.002004823336449111,0.0019701447678316646,0.0005779761436240857,0.0005654114448496485,0.0011710299257774951,0.0005473182786144594,0.0008679693913380832,0.0028381141591697478,0.0026054159378671813,0.003809114080458212,0.0016117995587847326,0.002722016342493954,0.0008353011745245477,0.0011871127402087733,0.0016439651876472908,0.0005262095846734066,0.0006026029532219812,0.0002613457345082837,0.0009498912273474096,0.0007513689867113121,0.0016057685033730035,0.0017851924018719573,0.0015831520455790171,0.001216765429316445,0.00036035556085084464,0.0004824844329383675,0.0006960843121037903,0.0017299077272644372,0.00012313404798948088,0.0007860475553287567,0.0006598979796334122,0.0024757482465149958,0.0018274097897540646,0.002771269961689745,0.0014590128216875834,0.0024948465886521394,0.0006196909435552157,0.0006387892856923594,0.0004875103124481403,6.382866977413734e-05,0.00035834520904693204,0.0004196609390661847,0.0013067286725414115,0.002509924227181463,0.003559327868822411,0.0026913584774843277,0.000749358634907403,0.0008870677334752268,0.0003643762644586629,0.000366386616262572,0.00015077638529324006,8.493736371519359e-05,0.00027541819713565105,0.0004920336040069376,0.0005835046110848376,0.002115392685664153,0.0021249418567327247,0.0030537243901390815,0.00210383316279167,0.0016992498622548109,0.002821026168836515,0.001224304248581106,0.002943155040924038,0.0015504838287654817,0.0030195484094726124,0.0010679993958271142,0.000657887627829503,0.001274060455727876,0.0033075313053827007,0.0021822368831441556,0.00210785386639949,0.0014725826963639735,0.0024948465886521394,0.002723524106346886,0.0018480158957441418,0.0002744130212336965,0.00021359987916542283,0.001342915005011788,0.0012052059064439624,0.0016650738815883435,0.0030919210744133688,0.0021304703241934765,0.0020887555242623465,0.00175101642120549,0.0012986872653257715,0.0007362913481819867,0.0013655314628057743,0.0007704673288484558,0.0011212737186307251,0.000919233362337785,0.0017319180790683463,0.001652006594862929,0.003089910722609458,0.001995274165380539,0.0008966169045437986,0.0012092266100517824,0.00022867751769474823,0.0005960693098592748,0.0004397644571052829,0.002826554636297267,0.0007267421771134167,0.0004462981004679893,0.0016801515201176672,0.0024832870657796567,0.0011976670871793015,0.0037307103601057264,0.001175050629385315,0.0005186707654087457,0.0009539119309552296,0.0009916060272785396,0.003423629122058496,0.00019751706473414288,0.0006076288327317575,0.0016766334044608245,0.0006845247892313076,0.0005493286304183685,0.00379956490938964,0.002155097133791372,0.0024948465886521394,0.000774488032456274,0.0019399894907730173,0.00024425774417504917,0.0015565148841772108,0.0007212137096526648,0.00017942389849895726,0.0006639186832412339,0.0020636261267134737,0.001951046425694521,0.0019188807968319645,0.0015791313419711971,0.0014992198577657798,0.0007478508710544694,0.0036698972180374528,0.0014841422192364562,0.00043473857759550663,0.0004749456136737065,0.0008277623552598867,0.0005282199364773157,0.00039855224512513193,0.002521483750053944,0.002628534983612145,0.0017243792598036854,0.0011675118101206524,0.00025581726704753185,0.000507111242536263,0.0006101417724866422,0.0006523591603687512,0.0001814342503028664,0.00038699272225264925,0.0004920336040069376,0.0010795589186995969,0.001996781929233471,0.0024471007333092803,0.0038930462682714474,0.00524902856000865,0.0018711349414891037,0.0010720200994349342,0.0021837446469970875,0.0002879828959100883,0.0023134123383492747,0.0015012302095696907,0.0006121521242905548,0.0006980946639076994,0.0019414972546259492,0.003486452615930679,0.001844497780087299,0.001228324952188926,0.0013197959592668243,0.00219530416986957,0.0010654864560722278,0.0020199009749784346,0.003336178818588416,0.0020178906231745238,0.0014610231734914925,0.0025541519668674795,0.0014132773181486334,0.0025521416150635703,0.002307883870888521,0.0014705723445600644,0.0014037281470800616,0.002212392160202803,0.0007523741626132667,0.00043875928120332836,0.000341257218713701,0.0004292101101347548,0.0020827244688506174,0.001175050629385315,0.0019796939389002365,0.0015620433516379626,0.0022375215577516774,0.001697742098401879,0.0005111319461440812,0.0004060910643897929,0.0008810366780634977,0.0024430800297014603,8.694771551910271e-05,0.0012303353039928352,0.0011082064319053123,0.0006865351410352168,0.0021877653506049075,0.0029582326794533632,0.001804290744009101,0.0021189108013209956,0.0009096841912692132,0.0030059785347962224,0.00036236591265475376,0.000408101416193702,0.0006121521242905548,0.0011443927643756888,0.0009755232128472614,0.000764938861387704,0.0009212437141416941,0.0009976370826902687,0.002367189249103863,0.0021802265313402465,0.004284059694131917,0.0030537243901390815,0.0011177556029738842,0.0003030605344394137,0.0001698747274303837,0.00045031880407581104,0.0008353011745245477,0.0004025729487329502,0.0018349486090187273,0.0016268771973140563,0.0008543995166616913,0.002163138541007012,0.0015012302095696907,0.000341257218713701,0.0011082064319053123,0.0019093316257633927,0.0005895356664965684,0.00035683744519400193,0.0006005926014180721,0.0012876303304042679,0.0036201410108906845,0.0031165478840112643,0.0024430800297014603,0.0007991148420541695,0.0007513689867113121,0.0022410396734085184,0.0016268771973140563,0.0011594704029050142,0.0008704823310929713,0.0006503488085648421,0.00013720651061684824,0.001020253540484255,0.0011976670871793015,0.0033170804764512726,0.0019495386618415891,0.0015489760649125498,0.0009137048948770331,0.001216765429316445,0.0006196909435552157,0.00038347460659580654,0.001951046425694521,0.0007780061481131167,0.0018339434331167727,0.0019701447678316646,0.0023249718612217557,0.002607426289671092,0.0032120395946969825,0.002717995638886134,0.0014554947060307407,0.0019359687871651973,0.0004196609390661847,0.00035834520904693204,0.000806653661318834,0.00024425774417504917,0.0005724476761633339,0.0017299077272644372,0.0012609931690024615,0.0016555247105197717,0.0011675118101206524,0.002266169070957393,0.001546965713108639,0.002603405586063272,0.00038548495839971567,0.0004709249100658848,9.348135888180911e-05,0.0002708949055768538,0.0009287825334063568,0.0005628985050947603,0.0018465081318912082,0.00037191508372332385,0.001652006594862929,0.00160024003591225,0.0007860475553287567,0.00023923186466527288,0.002359147841888223,0.0005322406400851375,0.0014791163397266816,0.00029200359951790655,0.0014951991541579598,0.0008543995166616913,0.0007764983842601832,0.0009403420562788378,0.002168667008467764,0.0017701147633426336,0.0019857249943119673,0.0007267421771134167,0.0004960543076147593,0.00019651188883218831,0.0007438301674466477,0.000515152649751903,0.0021133823338602437,0.002523494101857855,0.0028592228531108023,0.0013770909856782552,0.0008981246683967305,0.0009478808755435005,0.001430365308481868,0.001539426893843978,0.000524701820820473,0.0011730402775814042,0.0007448353433486057,0.0009890930875236532,0.0009383317044749286,0.0009423524080827486,0.0013811116892860752,0.002008341452105952,0.0020178906231745238,0.0020636261267134737,0.002468209427250333,0.0013122571400021633,0.0012705423400710333,0.00018042907440091183,0.0006015977773200266,0.00045986797514438113,0.0006940739602998812,0.0010031655501510223,0.0022867751769474684,0.002525504453661764,0.0017183482043919545,0.0021133823338602437,0.0010051759019549314,0.0004709249100658848,0.0017032705658626308,0.0011856049763558415,0.0001698747274303837,0.0005262095846734066,0.0014077488506878816,0.0005930537821534111,0.002607426289671092,0.0009348135888180859,0.001127304774042456,0.0007860475553287567,0.0011026779644445605,0.0007342809963780776,0.0006980946639076994,0.0005684269725555122,0.0002899932477139974,0.0019349636112632428,0.0007895656709855994,0.0011614807547089233,0.003997584562074762,0.0024300127429760458,0.0025978771186025203,0.0017816742862151163,--,--,--
36,0.0013695521664135943,0.0005759657918201766,0.0017640837079309045,0.001232345655796746,0.001693721394794059,0.0018274097897540646,0.0019530567774984318,0.001331355482139307,0.000782026851720935,0.00033170804764512743,0.0005628985050947603,0.0010393518826213987,0.0006674367988980731,0.00043473857759550663,0.0007192033578487522,0.0016233590816572135,0.0007780061481131167,0.002927574814443737,0.0028531917976990714,0.0008966169045437986,0.0009061660756123704,0.0009840672080138786,0.0016153176744415753,0.0008508814010048486,0.0012474232943260697,0.0010549321091016996,0.0002367189249103882,0.0009765283887492159,0.0007553896903191304,0.0008905858491320695,0.002507913875377554,0.003068802028668405,0.0009880879116216969,0.0016610531779805236,0.00038548495839971567,0.001443935183158258,0.0007679543890935676,0.0002814492525473819,0.0006217012953591249,0.0008297727070637959,0.0012132473136596024,0.0017585552404701527,0.003387442789588118,0.0016499962430590199,0.0008714875069949259,0.0005166604136048365,0.0012147550775125342,0.0006543695121726603,0.0002115895273615137,0.003919683429673254,0.000657887627829503,0.0017414672501369181,0.0008925962009359786,0.0016630635297844344,0.0025405820921910894,0.003082371903344797,0.0010147250730235032,0.0011499212318364423,0.002880331547051855,0.0006302452905257439,0.0005226914690165639,7.99114842054173e-05,0.0005644062689476939,0.0006714575025058948,0.0013449253568156988,0.0013600029953450225,0.0023420598515549902,0.0032120395946969825,0.0010584502247585423,0.00038699272225264925,0.0006217012953591249,0.0008966169045437986,0.0006066236568298029,9.549171068571824e-05,0.0006005926014180721,0.0006609031555353667,0.0008946065527398895,0.0032748630885691653,0.0024300127429760458,0.0015504838287654817,0.0011996774389832106,0.0009574300466120723,0.0013027079689335915,0.000574960615918222,0.001035833766964556,0.0004312204619386674,0.0006905558446430385,0.0013941789760114898,0.0015695821709026253,0.0011901282679146388,0.001542945009500819,0.0027124671714253822,0.0028421348627775678,0.0007383016999858959,0.000299542418782571,0.0009041557238084613,0.0010167354248274123,0.0002462680959789583,0.000657887627829503,0.001689700691186239,0.0016077788551769126,0.0018465081318912082,0.0027124671714253822,0.001175050629385315,0.0013504538242764506,0.0015278673709714953,0.0019701447678316646,0.00045182656792874115,0.0006789963217705558,0.002000802632841291,0.0006674367988980731,0.0012836096267964479,0.0009443627598866577,0.0026395919185336486,0.0027999174748954605,0.001804290744009101,0.0008202235359952258,0.0012434025907182497,0.0013620133471489316,0.0007192033578487522,0.00035382191748813477,0.00023169304540061192,0.0002603405586063291,0.0003015527705864801,0.0014399144795504398,0.0028381141591697478,0.0020334708496548264,0.0016329082527257854,0.0013981996796193098,0.0009745180369453068,0.0014801215156286362,0.0004091065920956566,0.00010705123355820093,5.5284674607521817e-05,0.0008543995166616913,0.0012609931690024615,0.0015278673709714953,0.000919233362337785,0.001432375660285777,0.0018158502668815836,0.0013142674918060725,0.0011082064319053123,0.0019284299679005364,0.0018967669269889555,0.0005875253146926593,0.0005503338063203266,0.0011197659547777933,0.000457857623340472,0.0009363213526710178,0.0028516840338461396,0.0026511514414061313,0.0037648863407721937,0.0015203285517068343,0.002620493576396505,0.0007418198156427386,0.0011283099499444105,0.001539426893843978,0.0005417898111537076,0.0005759657918201766,0.0002729052573807629,0.0009383317044749286,0.0007780061481131167,0.0015600329998340535,0.0017243792598036854,0.0015142974962951035,0.0011579626390520806,0.0003462830982234738,0.0004814792570364129,0.0006217012953591249,0.0016992498622548109,0.00012765733954827815,0.000806653661318834,0.0006639186832412339,0.002361158193692134,0.002052066603840993,0.0025521416150635703,0.0014037281470800616,0.0022792363576828057,0.000623711647163034,0.0005910434303494985,0.0004674067944090421,6.784937338195907e-05,0.00033371839944903656,0.000408101416193702,0.0012494336461299788,0.002555659730720413,0.003377893618519546,0.0025481209114557504,0.000816202832387404,0.0008604305720734222,0.0003357287512529457,0.00034879603797836195,0.00015429450095008276,9.147100707789999e-05,0.00028697772000813374,0.0004789663172815248,0.0006523591603687512,0.0019892431099688083,0.002117403037468062,0.0031185582358151734,0.0019113419775673018,0.001590690864843678,0.0027124671714253822,0.0011901282679146388,0.002761720790621173,0.0015032405613735998,0.002765741494228993,0.0010031655501510223,0.0006086340086337121,0.0012207861329242634,0.003391463493195938,0.002202842989134231,0.0021249418567327247,0.0013941789760114898,0.002269687186614234,0.0024968569404560485,0.0017148300887351135,0.00029200359951790655,0.00024224739237114004,0.0013579926435411116,0.0011403720607678688,0.001539426893843978,0.0031642937393541234,0.00209026328811528,0.0020158802713706146,0.0016917110429901499,0.001186610152257796,0.0007131723024370248,0.001285619978600357,0.0007171930060448431,0.0010679993958271142,0.0008925962009359786,0.0017660940597348136,0.0017128197369312027,0.003169822206814875,0.00234608055516281,0.0008966169045437986,0.0011252944222385451,0.00028044407664542734,0.0005769709677221312,0.0004261945824288911,0.0025330432729264267,0.0006277323507708557,0.00044830845227189844,0.0016329082527257854,0.0024757482465149958,0.0012052059064439624,0.0036794463891060246,0.0011901282679146388,0.0005131422979479938,0.0009172230105338741,0.0009478808755435005,0.0031994748959225452,0.00019349636112632462,0.0005769709677221312,0.0014610231734914925,0.0008126847167305613,0.0005186707654087457,0.003704073198703922,0.0021741954759285156,0.0023938264105056693,0.0007322706445741685,0.0017605655922740618,0.0002347085731064756,0.0014534843542268298,0.0006960843121037903,0.00017942389849895726,0.0006845247892313076,0.0020178906231745238,0.0019455179582337691,0.00199879228103738,0.0015183181999029235,0.0014002100314232189,0.0006960843121037903,0.0034025204281174417,0.0014343860120896862,0.0004060910643897929,0.00046338609080122384,0.0007383016999858959,0.000524701820820473,0.00039654189332121934,0.0025385717403871785,0.002616975460739664,0.0018349486090187273,0.0011026779644445605,0.0002668742019690355,0.0004844947847422766,0.0005970744857612294,0.0005724476761633339,0.00018696271776361822,0.0003814642547918974,0.0005131422979479938,0.0011026779644445605,0.00194350760642986,0.002422473923711385,0.003692513675831439,0.005096241822911501,0.00179273122113662,0.0009860775598177877,0.0019761758232433955,0.00027541819713565105,0.0021877653506049075,0.001432375660285777,0.0006066236568298029,0.0007056334831723604,0.001991253461772719,0.0033703547992548835,0.0018233890861462446,0.0012207861329242634,0.0012418948268653179,0.0021189108013209956,0.0010147250730235032,0.0018751556450969237,0.0030994598936780297,0.001804290744009101,0.0014630335252954017,0.002414935104446722,0.0014112669663447243,0.0023325106804864184,0.002331002916633485,0.0013695521664135943,0.0012836096267964479,0.0020314604978509156,0.0007121671265350703,0.0004292101101347548,0.00031663040911580204,0.0003890030740565584,0.0019761758232433955,0.0011655014583167433,0.00210785386639949,0.0016173280262454844,0.0020887555242623465,0.0015791313419711971,0.00042518940652693654,0.00038699272225264925,0.0009328032370141768,0.002262148367349573,9.247618297985455e-05,0.0011710299257774951,0.001081569270503506,0.0006674367988980731,0.0022963243480160402,0.002834093455561928,0.0018902332836262473,0.0019741654714394846,0.0009061660756123704,0.0027406120966801204,0.0003729202596252784,0.0004045833005368593,0.0006503488085648421,0.0010644812801702715,0.0008800315021615431,0.0007991148420541695,0.001077548566895686,0.0009669792176806441,0.002414935104446722,0.0020807141170467083,0.004068449463162583,0.002773280313493656,0.0010584502247585423,0.0002879828959100883,0.00016233590816572274,0.0004292101101347548,0.0008428399937892104,0.0003910134258604675,0.0019530567774984318,0.0015449553613047298,0.000869979743141994,0.0019776835870963273,0.0013750806338743461,0.0003528167415861802,0.0009956267308863596,0.0017263896116075945,0.0005588778014869421,0.000341257218713701,0.0005282199364773157,0.0011921386197185479,0.003660348046968881,0.0031165478840112643,0.0023023554034277693,0.0008508814010048486,0.0007418198156427386,0.0020983046953309183,0.001489670686697208,0.0010147250730235032,0.0008755082106027458,0.0006096391845356666,0.00013519615881293912,0.0011328332415032078,0.0012549621135907324,0.00324621557536345,0.001895761751087001,0.0014610231734914925,0.0009001350202006413,0.0011901282679146388,0.0005875253146926593,0.00036236591265475376,0.0017701147633426336,0.000782026851720935,0.0017882079295778227,0.0018193683825384263,0.0022907958805552884,0.0026476333257492886,0.003240687107902698,0.0026436126221414686,0.0014002100314232189,0.0018063010958130118,0.00039000824995851294,0.00035482709339008933,0.0006619083314373213,0.00023822668876331832,0.0006066236568298029,0.0017183482043919545,0.0012931587978650197,0.0017585552404701527,0.0011328332415032078,0.0021344910278012965,0.0014343860120896862,0.0024852974175835676,0.00041413247160543287,0.0004292101101347548,0.00010102017814647007,0.00025179656343971013,0.0009614507502198923,0.0005910434303494985,0.0018424874282833882,0.00042167129087009383,0.001808311447616921,0.0015811416937751063,0.0007398094638388295,0.0002146050550673774,0.002099812459183852,0.0005226914690165639,0.001443935183158258,0.00029351136337084013,0.001396189327815399,0.000869979743141994,0.0008448503455931195,0.0009267721816024459,0.0021782161795363356,0.0017892131054797773,0.00194350760642986,0.0007131723024370248,0.0004844947847422766,0.00020405070809685275,0.0006905558446430385,0.0005056034786833294,0.001957077481106252,0.0023782461840253667,0.0029924086601198305,0.0013921686242075806,0.000978538740553125,0.0011006676126406496,0.0013750806338743461,0.0015012302095696907,0.0005035931268794203,0.0011041857282974923,0.0007171930060448431,0.0009519015791513204,0.0009212437141416941,0.0009820568562099678,0.001636426368382628,0.0020751856495859547,0.001995274165380539,0.00204854848818415,0.0023023554034277693,0.0012338534196496779,0.0012112369618556915,0.0001849523659597091,0.0006302452905257439,0.00043473857759550663,0.0006387892856923594,0.001035833766964556,0.0024355412104367976,0.002424484275515294,0.00175101642120549,0.0020771960013898656,0.0009041557238084613,0.000457857623340472,0.0015695821709026253,0.0011283099499444105,0.00017540319489113554,0.0005513389822222811,0.0013197959592668243,0.0006181831797022821,0.0025863175957300377,0.0010147250730235032,0.0012092266100517824,0.0007669492131916131,0.0010011551983471114,0.0006714575025058948,0.0006905558446430385,0.0005533493340261902,0.0003030605344394137,0.0017937363970385745,0.0007669492131916131,0.0011006676126406496,0.004119713434162285,0.002418453220103565,0.002612954757131844,0.0019168704450280537,--,--,--
37,0.001228324952188926,0.0005131422979479938,0.0015776235781182653,0.0011941489715224587,0.0018213787343423354,0.0018635961222244427,0.0019093316257633927,0.0012132473136596024,0.0007780061481131167,0.0003699047319194147,0.0005101267702421267,0.0010031655501510223,0.0006257219989669466,0.000415640235458363,0.0006905558446430385,0.0016746230526569154,0.0007322706445741685,0.0031110194165505124,0.002931595518051557,0.0008946065527398895,0.0008523891648577822,0.0009880879116216969,0.001443935183158258,0.0008810366780634977,0.001123284070434636,0.0009458705237395913,0.0002462680959789583,0.0009001350202006413,0.0007589078059759731,0.000919233362337785,0.0025330432729264267,0.0032442052235595407,0.0009498912273474096,0.0014459455349621689,0.0003397494548607674,0.0012338534196496779,0.0006397944615943139,0.0003196459368216692,0.0006312504664276984,0.0008222338877991349,0.001274060455727876,0.002056087307448811,0.0035362088230774472,0.001798762276548349,0.0008126847167305613,0.0004900232522030284,0.0011770609811892242,0.0006196909435552157,0.00020957917555760458,0.0035688770398909827,0.0006352711700355167,0.0016881929273333072,0.0008925962009359786,0.0017816742862151163,0.002420463571907474,0.0035246493002049663,0.0009423524080827486,0.0010946365572289205,0.0027582026749643305,0.0005598829773888966,0.0005397794593497984,8.393218781323555e-05,0.0005322406400851375,0.0007021153675155212,0.0014725826963639735,0.0014097592024917907,0.002670249783543275,0.002979341373394416,0.0010755382150917769,0.00042368164267400296,0.0006372815218394258,0.0008297727070637959,0.0005417898111537076,0.0001030305299503792,0.0005684269725555122,0.0007106593626821367,0.0010107043694156832,0.003227117233226306,0.0024852974175835676,0.0015851623973829262,0.0012876303304042679,0.0009443627598866577,0.001232345655796746,0.0005644062689476939,0.0009594403984159814,0.00044227739686017106,0.0006257219989669466,0.0013826194531390088,0.0017756432308033854,0.0010564398729546332,0.001592701216647589,0.0025998874704064295,0.0025978771186025203,0.0007227214735055949,0.0003015527705864801,0.0008332908227206386,0.0009307928852102659,0.00023822668876331832,0.0006352711700355167,0.0016117995587847326,0.0017319180790683463,0.0016595454141275917,0.002777301017101474,0.0011484134679835088,0.0013770909856782552,0.001432375660285777,0.0018213787343423354,0.00041011176799761115,0.0006940739602998812,0.00194752831003768,0.0006558772760255939,0.0011559522872481715,0.0009116945430731223,0.002922046346982985,0.002931595518051557,0.001743477601940829,0.0008448503455931195,0.0011464031161795996,0.0012589828171985507,0.0007955967263973268,0.00038548495839971567,0.00023169304540061192,0.0002678793778709901,0.00034527792232151924,0.0014172980217564534,0.002967781850521935,0.0020867451724584374,0.001689700691186239,0.0014514740024229207,0.0009916060272785396,0.0013524641760803598,0.0003844797824977611,0.00010956417331308907,6.68441974800045e-05,0.0007840372035248476,0.0012418948268653179,0.0014514740024229207,0.001020253540484255,0.001485649983089388,0.0017721251151465445,0.0012971795014728397,0.0010946365572289205,0.0018615857704205319,0.0018213787343423354,0.0006101417724866422,0.0005377691075458893,0.0010624709283663623,0.0003699047319194147,0.0010529217572977905,0.0028627409687676433,0.0027582026749643305,0.0037347310637135464,0.0014474532988151007,0.0025043957597207112,0.0006483384567609295,0.0010710149235329796,0.0014228264892172052,0.0005739554400162675,0.0005377691075458893,0.0003111019416550502,0.0009820568562099678,0.0008297727070637959,0.0015142974962951035,0.0016861825755293963,0.0014841422192364562,0.0010891080897681687,0.0003347235753509911,0.0004900232522030284,0.0005438001629576167,0.0016766334044608245,0.0001497712093912855,0.0008755082106027458,0.0006865351410352168,0.0022867751769474684,0.0022907958805552884,0.00234608055516281,0.0013715625182175034,0.0020219113267823437,0.0006352711700355167,0.000556867449683033,0.00044529292456603475,7.639336854857459e-05,0.00031864076091971463,0.0004176505872622756,0.001182589448649976,0.002555659730720413,0.0032175680621577343,0.002424484275515294,0.0008981246683967305,0.0008639486877302632,0.0003015527705864801,0.00034879603797836195,0.00017188507923429283,0.0001050408817542918,0.0003025579464884347,0.0004885154883500983,0.0007935863745934177,0.00185605730295978,0.002105843514595581,0.003236666404294878,0.0016746230526569154,0.0015203285517068343,0.002612954757131844,0.0011403720607678688,0.0025446027957989076,0.001430365308481868,0.0024757482465149958,0.0009539119309552296,0.0005493286304183685,0.001216765429316445,0.0034713749774013553,0.0022983346998199494,0.0021782161795363356,0.0013409046532078788,0.002006331100302043,0.0022335008541438574,0.0015409346576969098,0.00032065111272362376,0.00028597254410617917,0.0014057384988839707,0.0010835796223074168,0.0013635211110018652,0.003231137936834126,0.0020294501460470064,0.001959087832910161,0.0016726127008530062,0.0010529217572977905,0.0007131723024370248,0.0012016877907871197,0.0006619083314373213,0.001022263892288166,0.0009287825334063568,0.001850026247548051,0.00179675192474444,0.00324621557536345,0.002769259609885836,0.0009307928852102659,0.0010644812801702715,0.00034527792232151924,0.0005739554400162675,0.00040357812463490475,0.0022239516830752856,0.0005342509918890466,0.0004613757389973147,0.001682161871921578,0.0024832870657796567,0.0012514439979338897,0.00365280922770422,0.0012092266100517824,0.0005111319461440812,0.0008679693913380832,0.0009212437141416941,0.0029270722264927596,0.00018897306956752735,0.0005473182786144594,0.0012207861329242634,0.0009936163790824504,0.0004960543076147593,0.003700052495096102,0.0021897757024088183,0.002311904574496341,0.0006980946639076994,0.0016153176744415753,0.00022716975384181465,0.0013197959592668243,0.0006558772760255939,0.00018696271776361822,0.0007287525289173258,0.0020028129846452,0.0020410096689194874,0.002050558839988059,0.0015012302095696907,0.001281599274992537,0.0006714575025058948,0.0031014702454819406,0.0014268471928250252,0.0003794539029879883,0.000457857623340472,0.0006448203411040902,0.0005377691075458893,0.0003643762644586629,0.0025446027957989076,0.0025938564149947003,0.0019701447678316646,0.0010298027115528269,0.00030708123804723195,0.000457857623340472,0.0005779761436240857,0.000507111242536263,0.00020003000448903102,0.00038699272225264925,0.000566416620751603,0.0011634911065128324,0.0019148600932241445,0.002403375581574241,0.003480924148469927,0.005020351042313903,0.0017263896116075945,0.0008714875069949259,0.0017796639344112054,0.0002633560863121928,0.0020369889653116674,0.0013559822917372025,0.0006046133050258903,0.0006960843121037903,0.0021877653506049075,0.003284412259637737,0.0018595754186166227,0.0012514439979338897,0.0011328332415032078,0.0020314604978509156,0.0009564248707101177,0.0017087990333233827,0.0028134873495718523,0.0015545045323733016,0.0015107793806382625,0.0022772260058788966,0.001373070282070437,0.0021741954759285156,0.002365178897299954,0.0012529517617868215,0.0011710299257774951,0.0018274097897540646,0.0006639186832412339,0.0004327282257915975,0.00028396219230227004,0.0003432675705176101,0.0019033005703516619,0.0011901282679146388,0.002307883870888521,0.0017012602140587217,0.00194752831003768,0.0014685619927561552,0.00033170804764512743,0.00037191508372332385,0.0010011551983471114,0.0020616157749095646,0.00011257970101895276,0.0011197659547777933,0.001081569270503506,0.0006503488085648421,0.002452629200770032,0.0026968869449450796,0.0020178906231745238,0.0017736328789994763,0.0009137048948770331,0.0024491110851131894,0.0003995574210270865,0.00041011176799761115,0.0006960843121037903,0.0009936163790824504,0.0007669492131916131,0.0008795289142105658,0.001278081159335696,0.0009840672080138786,0.002509924227181463,0.00199879228103738,0.0038146425479189637,0.002460670607985672,0.0010031655501510223,0.0002794389007434728,0.00016384367201865285,0.000415640235458363,0.0008639486877302632,0.000373925435527233,0.002164646304859944,0.0015032405613735998,0.0008885754973281586,0.001840477076479479,0.0012494336461299788,0.00037191508372332385,0.0008508814010048486,0.0015218363155597662,0.0005397794593497984,0.00032416922838046647,0.00047695596547761565,0.0011102167837092215,0.0036754256854982063,0.0032120395946969825,0.002168667008467764,0.0009403420562788378,0.0007533793385152213,0.0019264196160966255,0.0013675418146096834,0.0008564098684656022,0.0009031505479065068,0.0005845097869867921,0.00014876603348933093,0.0012971795014728397,0.001386640156746827,0.0031683144429619434,0.0019168704450280537,0.0013539719399332916,0.0009021453720045505,0.0011484134679835088,0.0005493286304183685,0.000341257218713701,0.0015811416937751063,0.0007915760227895086,0.0018178606186854927,0.0016459755394512,0.002305873519084612,0.002735083629219367,0.003282401907833828,0.0025787787764653767,0.0013449253568156988,0.0016630635297844344,0.00036035556085084464,0.00035834520904693204,0.0004960543076147593,0.00022716975384181465,0.0006925661964469476,0.0017278973754605263,0.0012625009328553934,0.00183846672467557,0.0010966469090328296,0.002050558839988059,0.0013559822917372025,0.002359147841888223,0.00045986797514438113,0.0003910134258604675,0.00012011852028361372,0.0002462680959789583,0.001035833766964556,0.0006448203411040902,0.0018751556450969237,0.000499572423271602,0.002006331100302043,0.0015680744070496935,0.0006674367988980731,0.00018394719005775106,0.001804290744009101,0.0005111319461440812,0.0013896556844526925,0.0003030605344394137,0.0012911484460611088,0.0008981246683967305,0.0009403420562788378,0.0009519015791513204,0.0021782161795363356,0.001794741572940529,0.0019093316257633927,0.0006980946639076994,0.0004709249100658848,0.0002231490502339964,0.0006352711700355167,0.0005302302882812249,0.0017756432308033854,0.0022505888444770902,0.0032175680621577343,0.0014152876699525425,0.0010870977379642578,0.0012931587978650197,0.0013047183207375006,0.001489670686697208,0.0004824844329383675,0.001020253540484255,0.0006895506687410839,0.0009212437141416941,0.0009096841912692132,0.0010679993958271142,0.0019796939389002365,0.002164646304859944,0.0019776835870963273,0.0020294501460470064,0.0021324806759973874,0.001129315125846365,0.001130822889699297,0.00019952741653805547,0.0006639186832412339,0.00042719975833084567,0.0005970744857612294,0.0010946365572289205,0.0026054159378671813,0.0023747280683685257,0.0018103217994208318,0.0020731752977820456,0.0008021303697600367,0.0004407696330072375,0.0014193083735603625,0.0010765433909937314,0.00018897306956752735,0.0005910434303494985,0.001216765429316445,0.0006387892856923594,0.0025501312632596612,0.0011484134679835088,0.0013082364363943434,0.0007438301674466477,0.0009157152466809423,0.0005895356664965684,0.0006830170253783775,0.0005548570978791238,0.0003357287512529457,0.0016499962430590199,0.0007342809963780776,0.0011061960801014015,0.004318235674798384,0.0024450903815053694,0.0026586902606707923,0.0020676468303212937,--,--,--
38,0.0011252944222385451,0.000457857623340472,0.0014208161374132961,0.0011499212318364423,0.0018806841125576755,0.001955067129302341,0.001886212580018429,0.0011041857282974923,0.0008086640131227431,0.0004025729487329502,0.00046539644260513297,0.0009519015791513204,0.0005940589580553657,0.00039654189332121934,0.0006619083314373213,0.0016841722237254872,0.0006940739602998812,0.003185402433295176,0.002990900896266897,0.0009001350202006413,0.0008353011745245477,0.0009820568562099678,0.0012931587978650197,0.0008946065527398895,0.0010262845958959842,0.000873497858798835,0.00024224739237114004,0.0008277623552598867,0.0007438301674466477,0.0009634611020238014,0.0026320530992689876,0.0032633035656966843,0.0009267721816024459,0.0012760708075317852,0.00031663040911580204,0.0010564398729546332,0.0005282199364773157,0.000341257218713701,0.0006101417724866422,0.0007800164999170259,0.0012514439979338897,0.0023918160587017585,0.003643260056635648,0.00189777210289091,0.000782026851720935,0.00046539644260513297,0.0011328332415032078,0.0005875253146926593,0.0002115895273615137,0.003240687107902698,0.0006066236568298029,0.0016308979009218762,0.0008946065527398895,0.001895761751087001,0.00234608055516281,0.0037880053865171574,0.000869979743141994,0.0010529217572977905,0.002660700612474703,0.0005045983027813748,0.0005438001629576167,8.393218781323555e-05,0.0005111319461440812,0.0007056334831723604,0.0015585252359811216,0.001396189327815399,0.0029104868241105024,0.002777301017101474,0.0010911184415720778,0.0004694171462129547,0.0006543695121726603,0.000782026851720935,0.0004900232522030284,0.0001050408817542918,0.0005357587557419802,0.0007247318253095041,0.0011137348993660642,0.0031642937393541234,0.0025405820921910894,0.0015504838287654817,0.0013333658339432161,0.0009423524080827486,0.0011856049763558415,0.0005503338063203266,0.0009001350202006413,0.00043875928120332836,0.0005779761436240857,0.0013559822917372025,0.001895761751087001,0.0009478808755435005,0.0016459755394512,0.002557670082524322,0.0023898057068978493,0.0007247318253095041,0.0003090915898511411,0.0007589078059759731,0.0008428399937892104,0.00023822668876331832,0.0006101417724866422,0.0015258570191675862,0.0017892131054797773,0.0015107793806382625,0.002826554636297267,0.0011082064319053123,0.0013770909856782552,0.0013715625182175034,0.0016841722237254872,0.00037191508372332385,0.0006845247892313076,0.00189375139928309,0.0006503488085648421,0.0010509114054938814,0.0009116945430731223,0.003093931426217278,0.002939134337316218,0.001689700691186239,0.0008428399937892104,0.001065989044023205,0.001182589448649976,0.0008393218781323694,0.0004060910643897929,0.0002231490502339964,0.00026586902606708096,0.00036035556085084464,0.0013811116892860752,0.002975320669786596,0.0021666566566638547,0.001739456898333009,0.0015218363155597662,0.0010031655501510223,0.0012705423400710333,0.0003678943801155056,0.0001115745251169982,7.136748903880177e-05,0.0007383016999858959,0.0012338534196496779,0.0013635211110018652,0.0010835796223074168,0.001539426893843978,0.0017776535826072963,0.0013067286725414115,0.0010891080897681687,0.0018233890861462446,0.0017414672501369181,0.0006257219989669466,0.0005257069967224276,0.0010051759019549314,0.0003090915898511411,0.0010911184415720778,0.0028496736820422305,0.002807456294160123,0.0036734153336942955,0.0013750806338743461,0.002399354877966421,0.0005814942592809284,0.001028294947699895,0.001331355482139307,0.0005865201387907013,0.0005166604136048365,0.00032065111272362376,0.0010051759019549314,0.0008488710492009395,0.0014534843542268298,0.0016575350623236808,0.0014725826963639735,0.0010604605765624532,0.0003281899319882847,0.0005025879509774657,0.0004789663172815248,0.0016384367201865372,0.0001628384961166983,0.0008885754973281586,0.0007116645385840913,0.0022259620348791948,0.002519473398250035,0.0021782161795363356,0.0013197959592668243,0.001840477076479479,0.0006407996374962685,0.0005357587557419802,0.0004261945824288911,8.192183600932643e-05,0.0003030605344394137,0.0004060910643897929,0.0010870977379642578,0.002582799480073195,0.0030632735612076533,0.002357640078035291,0.0009765283887492159,0.000865959039534174,0.0002764233730376056,0.0003528167415861802,0.0001829420141557965,0.00011710299257775003,0.0003080864139491865,0.0004674067944090421,0.0008468606973970304,0.0017545345368623327,0.0021093616302524237,0.0032442052235595407,0.0015067586770304425,0.001493691390305028,0.0024948465886521394,0.0011006676126406496,0.002331002916633485,0.0013770909856782552,0.0022355112059477666,0.0009076738394653023,0.0005091215943401721,0.001239884475061407,0.003541737290538199,0.0023385417358981475,0.002161128189203103,0.0013142674918060725,0.001798762276548349,0.0020294501460470064,0.0013941789760114898,0.00033371839944903656,0.0003146200573118929,0.0014002100314232189,0.0010604605765624532,0.0012358637714535887,0.0032482259271673607,0.0019701447678316646,0.0019359687871651973,0.0016555247105197717,0.0009634611020238014,0.0007131723024370248,0.0011252944222385451,0.0006141624760944639,0.0009976370826902687,0.0009328032370141768,0.0018575650668127136,0.0018691245896851946,0.003337686582441348,0.003093931426217278,0.0009172230105338741,0.0010262845958959842,0.0004025729487329502,0.0005618933291928058,0.00038548495839971567,0.001955067129302341,0.0004674067944090421,0.0004674067944090421,0.0016746230526569154,0.0025064061115246204,0.0013082364363943434,0.003593503849488878,0.0012529517617868215,0.000507111242536263,0.0008543995166616913,0.0008905858491320695,0.0027034205883077877,0.0001849523659597091,0.0005262095846734066,0.001020253540484255,0.0011102167837092215,0.0004613757389973147,0.0037880053865171574,0.0022505888444770902,0.002252599196281001,0.0007021153675155212,0.0015122871444911944,0.00021762058277324456,0.0011956567353753906,0.0006292401146237858,0.0001829420141557965,0.0007629285095837914,0.001991253461772719,0.0020942839917230983,0.0020636261267134737,0.0015183181999029235,0.0012016877907871197,0.0006407996374962685,0.0028838496627086978,0.0014017177952761525,0.00035482709339008933,0.0004462981004679893,0.0005684269725555122,0.0005453079268105503,0.000341257218713701,0.002511934578985372,0.0026968869449450796,0.0021284599723895674,0.0009765283887492159,0.00031663040911580204,0.00044227739686017106,0.0005533493340261902,0.00044227739686017106,0.00021561023096933196,0.00038347460659580654,0.0006046133050258903,0.0011976670871793015,0.0018329382572148164,0.0023822668876331866,0.0032442052235595407,0.004939936970157509,0.0016766334044608245,0.0008106743649266522,0.0016459755394512,0.00025179656343971013,0.0018731452932930145,0.0012951691496689288,0.0006121521242905548,0.0006830170253783775,0.002303863167280703,0.0031602730357463034,0.00183846672467557,0.001285619978600357,0.0010489010536899705,0.0019666266521748237,0.0009307928852102659,0.0015600329998340535,0.0025481209114557504,0.0013539719399332916,0.0015258570191675862,0.002163138541007012,0.0013791013374821661,0.0021304703241934765,0.002361158193692134,0.0012147550775125342,0.0010931287933759887,0.0016630635297844344,0.0006141624760944639,0.00042167129087009383,0.0002593353827043711,0.0003050708862433228,0.00183846672467557,0.001226314600385017,0.0024968569404560485,0.0017625759440779726,0.0018465081318912082,0.0014152876699525425,0.0002708949055768538,0.0003699047319194147,0.0010468907018860614,0.001886212580018429,0.00011911334438165916,0.001074030451238845,0.0010549321091016996,0.0006332608182316075,0.0025405820921910894,0.002612954757131844,0.002142029847065959,0.0016801515201176672,0.0009383317044749286,0.0022294801505360375,0.00042518940652693654,0.00041011176799761115,0.0007171930060448431,0.0009267721816024459,0.0006820118494764195,0.0009574300466120723,0.0014554947060307407,0.0010453829380331278,0.0026416022703375595,0.0019776835870963273,0.003605063372361361,0.0022716975384181447,0.0009539119309552296,0.00026586902606708096,0.00016384367201865285,0.0004060910643897929,0.000861938335926354,0.000366386616262572,0.002294313996212131,0.001535406190236158,0.0009267721816024459,0.0017183482043919545,0.001169019573973586,0.00038548495839971567,0.0007307628807212349,0.0013695521664135943,0.000515152649751903,0.00030708123804723195,0.0004327282257915975,0.001022263892288166,0.003545757994146019,0.0033055209535787916,0.0020616157749095646,0.0010338234151606469,0.000749358634907403,0.0017892131054797773,0.0012705423400710333,0.0007171930060448431,0.0009157152466809423,0.0005598829773888966,0.0001563048527539919,0.0013826194531390088,0.0014399144795504398,0.002990900896266897,0.0019208911486358737,0.0012569724653946415,0.0009172230105338741,0.0011157452511699733,0.0005186707654087457,0.0003281899319882847,0.0014228264892172052,0.000774488032456274,0.0017912234572836881,0.0015047483252265317,0.0022676768348103248,0.0028154977013757614,0.003284412259637737,0.0025405820921910894,0.0013122571400021633,0.001539426893843978,0.00033371839944903656,0.00035683744519400193,0.0003678943801155056,0.0002211386984300838,0.0007553896903191304,0.001735436194725189,0.0012036981425910306,0.0018656064740283518,0.0011137348993660642,0.002004823336449111,0.0013027079689335915,0.002269687186614234,0.0004940439558108502,0.00035482709339008933,0.0001316780431560964,0.00024224739237114004,0.0010679993958271142,0.0006905558446430385,0.0018615857704205319,0.0005970744857612294,0.0021741954759285156,0.0015776235781182653,0.0006523591603687512,0.00016233590816572274,0.0015776235781182653,0.0005035931268794203,0.0013559822917372025,0.0003146200573118929,0.0012016877907871197,0.0009137048948770331,0.0009936163790824504,0.0009634611020238014,0.002200832637330322,0.0017736328789994763,0.0018922436354301582,0.0006925661964469476,0.00045986797514438113,0.00023822668876331832,0.0005814942592809284,0.0005282199364773157,0.0016193383780493936,0.002159117837399192,0.0032693346211084134,0.0013941789760114898,0.0012378741232574979,0.0014630335252954017,0.0012720501039239652,0.0015032405613735998,0.0004674067944090421,0.0009594403984159814,0.0006714575025058948,0.0008724926828968804,0.0008925962009359786,0.0011328332415032078,0.002262148367349573,0.002159117837399192,0.001959087832910161,0.00199879228103738,0.0019837146425080564,0.0010529217572977905,0.0010489010536899705,0.00020405070809685275,0.0007036231313684513,0.00041212211980152375,0.0005548570978791238,0.001130822889699297,0.002725534458150795,0.002355629726231382,0.0018806841125576755,0.0020178906231745238,0.000733275820476123,0.0004292101101347548,0.0012876303304042679,0.0010308078874547814,0.00019651188883218831,0.0006181831797022821,0.0011368539451110278,0.000665426447094164,0.002460670607985672,0.0012474232943260697,0.0013484434724725398,0.0007398094638388295,0.0008448503455931195,0.0005397794593497984,0.0006810066735744649,0.0005453079268105503,0.00035482709339008933,0.0015344010143342034,0.0007001050157116086,0.0011177556029738842,0.004585109876767418,0.0025938564149947003,0.0026360738028768076,0.0022314905023399466,--,--,--
39,0.0010986572608367405,0.00042368164267400296,0.0013258270146785552,0.0010911184415720778,0.00179675192474444,0.002155097133791372,0.0019128497414202337,0.0010167354248274123,0.0009001350202006413,0.00042518940652693654,0.0004377541053013738,0.0008679693913380832,0.000582499435182883,0.00038347460659580654,0.0006332608182316075,0.0016117995587847326,0.0006749756181627375,0.003038646751609756,0.0030135173540608833,0.000923254065945605,0.0008885754973281586,0.0009574300466120723,0.001184599800453887,0.000873497858798835,0.0009840672080138786,0.0008714875069949259,0.00021561023096933196,0.0007609181577798822,0.0006885454928391294,0.0010468907018860614,0.002880331547051855,0.002969792202325844,0.0009287825334063568,0.0012016877907871197,0.00033371839944903656,0.0009403420562788378,0.00045031880407581104,0.00033020028379219385,0.0005322406400851375,0.0006674367988980731,0.0010604605765624532,0.0028039381785032805,0.0036698972180374528,0.0019033005703516619,0.0008141924805834949,0.0004442877486640802,0.001077548566895686,0.000556867449683033,0.00021762058277324456,0.0029622533830611815,0.0005684269725555122,0.0015660640552457826,0.0008966169045437986,0.002004823336449111,0.002365178897299954,0.003696534379439259,0.0007971044902502604,0.001035833766964556,0.002612954757131844,0.0004779611413795702,0.000524701820820473,7.840372035248372e-05,0.0005091215943401721,0.0006598979796334122,0.0015660640552457826,0.0012529517617868215,0.002981351725198325,0.0026395919185336486,0.0010966469090328296,0.0005342509918890466,0.0006769859699666467,0.0007724776806523649,0.00045986797514438113,9.750206248962737e-05,0.000507111242536263,0.0006704523266039403,0.001186610152257796,0.003072822732276225,0.0025938564149947003,0.001388650508550738,0.0012931587978650197,0.000964968865876735,0.0011891230920126842,0.0005282199364773157,0.000873497858798835,0.0004025729487329502,0.0005608881532908512,0.0013047183207375006,0.001844497780087299,0.0008946065527398895,0.0017108093851272935,0.002660700612474703,0.002252599196281001,0.0007629285095837914,0.0003261795801843756,0.0006769859699666467,0.0007513689867113121,0.0002477758598318919,0.0005835046110848376,0.0014228264892172052,0.0017203585561958654,0.0014494636506190116,0.0028612332049147114,0.0010489010536899705,0.0013197959592668243,0.0013826194531390088,0.0015715925227065344,0.0003377391030568583,0.000623711647163034,0.001840477076479479,0.0006543695121726603,0.0009936163790824504,0.000978538740553125,0.0030441752190705097,0.0027009076485528995,0.0016535143587158626,0.0007860475553287567,0.001020253540484255,0.0011655014583167433,0.0008141924805834949,0.0004045833005368593,0.00020103518039098559,0.0002432525682730946,0.00032215887657655734,0.0013177856074629152,0.0027501612677486922,0.0023023554034277693,0.0017816742862151163,0.001634416016578719,0.0010071862537588405,0.0012760708075317852,0.0003673917921645266,0.0001085589974111345,6.382866977413734e-05,0.0007438301674466477,0.0012434025907182497,0.0012569724653946415,0.0010679993958271142,0.0015962193323044317,0.0018806841125576755,0.0013715625182175034,0.0010966469090328296,0.0018465081318912082,0.0016525091828139063,0.0006257219989669466,0.0005141474738499484,0.0009478808755435005,0.000299542418782571,0.0009709999212884641,0.0027923786556307995,0.0027426224484840295,0.00354776834594993,0.0012986872653257715,0.002321453745564913,0.0005628985050947603,0.0010147250730235032,0.0012911484460611088,0.0005558622737810784,0.0005322406400851375,0.0002729052573807629,0.0009880879116216969,0.0007991148420541695,0.0013695521664135943,0.0016459755394512,0.0014992198577657798,0.0011137348993660642,0.0003347235753509911,0.0005226914690165639,0.0004407696330072375,0.0015736028745104453,0.00015932038045985558,0.0007915760227895086,0.0007362913481819867,0.0021897757024088183,0.002729555161758615,0.0020867451724584374,0.0012303353039928352,0.0018158502668815836,0.0006352711700355167,0.0005417898111537076,0.0004146350595564084,8.292701191128099e-05,0.00028697772000813374,0.0003528167415861802,0.0009287825334063568,0.0026511514414061313,0.002927574814443737,0.0024053859333781503,0.0010393518826213987,0.0008639486877302632,0.0002668742019690355,0.0003699047319194147,0.00017942389849895726,0.00012665216364632012,0.0002945165392727947,0.0003910134258604675,0.0007287525289173258,0.0017243792598036854,0.002147558314526711,0.0030290975805411843,0.0014821318674325453,0.0015585252359811216,0.0023405520877020566,0.0010835796223074168,0.0021304703241934765,0.0013620133471489316,0.0020887555242623465,0.0008679693913380832,0.0005035931268794203,0.0013102467881982525,0.003591493497684969,0.0022752156540749875,0.0020028129846452,0.0013409046532078788,0.0017052809176665417,0.00194350760642986,0.0012986872653257715,0.0003126097055079838,0.0003111019416550502,0.0012931587978650197,0.0011102167837092215,0.0011956567353753906,0.0031683144429619434,0.0019128497414202337,0.0019741654714394846,0.0016459755394512,0.0009594403984159814,0.0007056334831723604,0.0010720200994349342,0.0005855149628887467,0.001020253540484255,0.000873497858798835,0.0017087990333233827,0.0019148600932241445,0.0034598154545288726,0.0032120395946969825,0.000816202832387404,0.001022263892288166,0.00043875928120332836,0.0005272147605753612,0.0003794539029879883,0.0017640837079309045,0.0004558472715365629,0.00045986797514438113,0.0015524941805693908,0.002559680434328233,0.001388650508550738,0.0034789137966660163,0.0013409046532078788,0.0005035931268794203,0.0009116945430731223,0.0008564098684656022,0.002583302068024174,0.0001829420141557965,0.0005236966449185185,0.0008981246683967305,0.0010946365572289205,0.000415640235458363,0.004054879588486193,0.002403375581574241,0.0022390293216046093,0.0007780061481131167,0.0014951991541579598,0.000208071411704671,0.0010891080897681687,0.0006257219989669466,0.00016384367201865285,0.000782026851720935,0.0019857249943119673,0.0020616157749095646,0.0019932638135766283,0.00160024003591225,0.0012052059064439624,0.0006046133050258903,0.0028361038073658387,0.0013368839496000588,0.000341257218713701,0.00042167129087009383,0.0005226914690165639,0.0005397794593497984,0.0003377391030568583,0.0024053859333781503,0.0030557347419429906,0.0023345210322903275,0.0009539119309552296,0.00026536643811610194,0.00043875928120332836,0.0005166604136048365,0.00038548495839971567,0.0002367189249103882,0.00035683744519400193,0.0006141624760944639,0.001186610152257796,0.0016459755394512,0.002363168545496043,0.0029562223276494524,0.0048524866666874306,0.0016595454141275917,0.0008543995166616913,0.001634416016578719,0.00024425774417504917,0.0016861825755293963,0.0012685319882671225,0.0006372815218394258,0.0006639186832412339,0.002260138015545662,0.0029582326794533632,0.0017072912694704508,0.0013238166628746443,0.0010187457766313232,0.0019495386618415891,0.0009725076851413959,0.0014494636506190116,0.0023325106804864184,0.0012529517617868215,0.0014801215156286362,0.002096294343527009,0.0014725826963639735,0.002317433041957093,0.0022847648251435593,0.0013333658339432161,0.001081569270503506,0.0015756132263143544,0.0005644062689476939,0.00038347460659580654,0.00025179656343971013,0.00027843372484151474,0.0017831820500680481,0.001285619978600357,0.0026586902606707923,0.0017796639344112054,0.0018289175536069981,0.0014761008120208162,0.0002729052573807629,0.00039654189332121934,0.0010413622344253096,0.0017640837079309045,9.900982634256095e-05,0.0010413622344253096,0.000978538740553125,0.0006196909435552157,0.0024908258850443194,0.0026360738028768076,0.002260138015545662,0.00180077262835226,0.0009956267308863596,0.002155097133791372,0.0004462981004679893,0.00039855224512513193,0.0006865351410352168,0.000873497858798835,0.0006543695121726603,0.0010338234151606469,0.0015866701612358598,0.0011941489715224587,0.0028436426266304996,0.0020807141170467083,0.003490473319538499,0.0023289925648295757,0.000919233362337785,0.00024224739237114004,0.0001628384961166983,0.000408101416193702,0.0008141924805834949,0.0003794539029879883,0.0022546095480849102,0.0017243792598036854,0.0009996474344941796,0.0016329082527257854,0.0011785687450421578,0.00038347460659580654,0.000665426447094164,0.0013218063110707352,0.0004824844329383675,0.00028597254410617917,0.0004045833005368593,0.000919233362337785,0.003133635874344497,0.0034065411317252617,0.002012362155713772,0.001130822889699297,0.0007171930060448431,0.0017243792598036854,0.001228324952188926,0.0006181831797022821,0.0009011401961025959,0.0005352561677910012,0.00015278673709714918,0.0013067286725414115,0.0013368839496000588,0.002618985812543573,0.0018902332836262473,0.0011785687450421578,0.0009594403984159814,0.0011006676126406496,0.0005056034786833294,0.00033371839944903656,0.001327334778531487,0.0006980946639076994,0.0016525091828139063,0.0014268471928250252,0.0021189108013209956,0.002880331547051855,0.0032140499465008916,0.002557670082524322,0.0013238166628746443,0.0014554947060307407,0.00031009676575309564,0.00034527792232151924,0.00032215887657655734,0.00022515940203790552,0.0007669492131916131,0.0017374465465290981,0.0010870977379642578,0.0017851924018719573,0.001239884475061407,0.0020369889653116674,0.0013006976171296807,0.002258127663741753,0.0005035931268794203,0.00032416922838046647,0.00012564698774436556,0.0002367189249103882,0.0010107043694156832,0.0007171930060448431,0.0017605655922740618,0.0007398094638388295,0.0022812467094867166,0.001636426368382628,0.0007513689867113121,0.00015831520455790102,0.0014876603348932989,0.0005111319461440812,0.0013655314628057743,0.00033020028379219385,0.001138864296914937,0.0009021453720045505,0.0009689895694845532,0.0009403420562788378,0.002266169070957393,0.0017032705658626308,0.0019148600932241445,0.0007056334831723604,0.0004538369197326503,0.0002462680959789583,0.0005322406400851375,0.0004694171462129547,0.0015107793806382625,0.0021440401988698683,0.002979341373394416,0.0012891380942571997,0.0014665516409522444,0.0015811416937751063,0.0013197959592668243,0.0015620433516379626,0.00045986797514438113,0.0009478808755435005,0.0006724626784078494,0.0007865501432797323,0.0008679693913380832,0.0011594704029050142,0.002422473923711385,0.001964616300370913,0.0019339584353612882,0.0019414972546259492,0.0018731452932930145,0.0010338234151606469,0.0009594403984159814,0.00018997824546948192,0.0007599129818779277,0.0003774435511840757,0.000515152649751903,0.0011197659547777933,0.0027486535038957587,0.0023938264105056693,0.0019721551196355755,0.0018615857704205319,0.0007342809963780776,0.0004327282257915975,0.0011956567353753906,0.0009976370826902687,0.00018696271776361822,0.0006196909435552157,0.0011006676126406496,0.0007056334831723604,0.0022716975384181447,0.001281599274992537,0.0012705423400710333,0.0007800164999170259,0.0008051458974659004,0.0005533493340261902,0.0006865351410352168,0.0005186707654087457,0.0003508063897822711,0.001478111163824727,0.0006619083314373213,0.0011499212318364423,0.00499321129296112,0.0029828594890512587,0.0024717275429071758,0.002422473923711385,--,--,--
40,0.001074030451238845,0.00038699272225264925,0.001228324952188926,0.0010338234151606469,0.0017148300887351135,0.002357640078035291,0.0019379791389691082,0.0009287825334063568,0.0009916060272785396,0.00045031880407581104,0.00041011176799761115,0.0007840372035248476,0.0005714425002613793,0.0003678943801155056,0.0006046133050258903,0.001539426893843978,0.0006523591603687512,0.0028913884819733587,0.003038646751609756,0.0009458705237395913,0.0009423524080827486,0.0009328032370141768,0.001074030451238845,0.0008543995166616913,0.0009423524080827486,0.000869979743141994,0.00018696271776361822,0.0006940739602998812,0.0006332608182316075,0.001130822889699297,0.003128107406883745,0.002677788602807936,0.0009328032370141768,0.0011252944222385451,0.0003508063897822711,0.0008257520034559776,0.00037191508372332385,0.00031864076091971463,0.00045182656792874115,0.0005548570978791238,0.000869979743141994,0.0032120395946969825,0.003696534379439259,0.0019093316257633927,0.0008448503455931195,0.00042167129087009383,0.001022263892288166,0.0005282199364773157,0.0002231490502339964,0.0026838196582196668,0.0005302302882812249,0.0014992198577657798,0.0009001350202006413,0.002115392685664153,0.0023862875912410066,0.003601042668753541,0.0007247318253095041,0.0010187457766313232,0.002565208901788985,0.00045031880407581104,0.0005056034786833294,7.036231313684721e-05,0.0005091215943401721,0.0006121521242905548,0.0015715925227065344,0.0011122271355131323,0.0030517140383351706,0.0025023854079168004,0.0011026779644445605,0.0005990848375651385,0.0007021153675155212,0.0007629285095837914,0.0004292101101347548,8.946065527399086e-05,0.00047695596547761565,0.0006151676519964185,0.0012589828171985507,0.002979341373394416,0.0026491410896022204,0.001226314600385017,0.0012529517617868215,0.0009880879116216969,0.0011931437956205042,0.000507111242536263,0.0008448503455931195,0.000366386616262572,0.0005438001629576167,0.0012529517617868215,0.00179273122113662,0.0008393218781323694,0.0017736328789994763,0.002763731142425084,0.002117403037468062,0.0008011251938580821,0.0003432675705176101,0.0005950641339573202,0.0006598979796334122,0.00025732503090046197,0.000556867449683033,0.0013197959592668243,0.0016499962430590199,0.001384629804942918,0.0028913884819733587,0.0009900982634256077,0.0012625009328553934,0.0013941789760114898,0.0014590128216875834,0.0003050708862433228,0.0005608881532908512,0.0017851924018719573,0.000657887627829503,0.0009348135888180859,0.0010453829380331278,0.0029944190119237397,0.002462178371838604,0.0016153176744415753,0.0007287525289173258,0.0009745180369453068,0.0011464031161795996,0.0007875553191816903,0.00040357812463490475,0.00017841872259699923,0.00022013352252812923,0.00028396219230227004,0.0012549621135907324,0.0025290225693186067,0.0024355412104367976,0.0018193683825384263,0.0017449853657937608,0.0010091966055627514,0.001281599274992537,0.000366386616262572,0.00010604605765624636,5.628985050947638e-05,0.000749358634907403,0.0012529517617868215,0.0011464031161795996,0.0010549321091016996,0.0016555247105197717,0.0019837146425080564,0.0014343860120896862,0.0011041857282974923,0.0018691245896851946,0.001563048527539919,0.000623711647163034,0.0005015827750755111,0.0008905858491320695,0.0002899932477139974,0.0008508814010048486,0.002735083629219367,0.002677788602807936,0.0034216187702545853,0.0012227964847281742,0.0022410396734085184,0.0005438001629576167,0.0010011551983471114,0.0012474232943260697,0.0005262095846734066,0.0005473182786144594,0.00022515940203790552,0.0009709999212884641,0.0007513689867113121,0.001285619978600357,0.001634416016578719,0.0015218363155597662,0.0011675118101206524,0.000341257218713701,0.0005427949870556621,0.0004025729487329502,0.0015067586770304425,0.00015529967685203733,0.0006960843121037903,0.0007589078059759731,0.002155097133791372,0.0029371239855123087,0.001995274165380539,0.0011403720607678688,0.0017892131054797773,0.0006292401146237858,0.0005473182786144594,0.00040357812463490475,8.393218781323555e-05,0.0002698897296748992,0.000299542418782571,0.0007724776806523649,0.002723524106346886,0.0027883579520229795,0.002452629200770032,0.0011041857282974923,0.000861938335926354,0.00025581726704753185,0.00038548495839971567,0.00017741354669504467,0.00013720651061684824,0.00028044407664542734,0.0003126097055079838,0.0006066236568298029,0.0016917110429901499,0.0021822368831441556,0.0028134873495718523,0.0014554947060307407,0.0016213487298533044,0.0021837446469970875,0.0010644812801702715,0.0019284299679005364,0.0013464331206686306,0.0019414972546259492,0.0008257520034559776,0.0004980646594186684,0.0013826194531390088,0.003639239353027828,0.002210381808398894,0.0018465081318912082,0.0013675418146096834,0.0016117995587847326,0.0018575650668127136,0.0012016877907871197,0.00029200359951790655,0.00030708123804723195,0.001184599800453887,0.0011634911065128324,0.0011579626390520806,0.003087900370805549,0.0018595754186166227,0.002012362155713772,0.001634416016578719,0.0009554196948081631,0.0007021153675155212,0.0010187457766313232,0.000556867449683033,0.0010433725862292187,0.000816202832387404,0.0015600329998340535,0.001964616300370913,0.0035784262109595545,0.003330147763176687,0.000715182654240934,0.001022263892288166,0.0004729352618697939,0.0004940439558108502,0.000373925435527233,0.0015756132263143544,0.0004442877486640802,0.00045182656792874115,0.001428354956677957,0.002616975460739664,0.0014650438770993125,0.0033628159799902226,0.001430365308481868,0.000499572423271602,0.0009689895694845532,0.0008202235359952258,0.0024616757838876267,0.00018042907440091183,0.0005196759413107002,0.0007764983842601832,0.001081569270503506,0.0003699047319194147,0.004318235674798384,0.002555659730720413,0.0022259620348791948,0.0008543995166616913,0.001478111163824727,0.0001985222406361009,0.0009820568562099678,0.000623711647163034,0.0001447453298815092,0.0007991148420541695,0.0019817042907041473,0.0020314604978509156,0.0019244092642927164,0.0016801515201176672,0.0012092266100517824,0.000566416620751603,0.002786850188170046,0.0012720501039239652,0.0003261795801843756,0.00039654189332121934,0.00047695596547761565,0.0005357587557419802,0.00033371839944903656,0.0022983346998199494,0.0034105618353330817,0.0025385717403871785,0.0009348135888180859,0.00021359987916542283,0.00043875928120332836,0.0004824844329383675,0.00033170804764512743,0.00025732503090046197,0.00033020028379219385,0.0006217012953591249,0.001175050629385315,0.0014610231734914925,0.0023440702033588993,0.002670249783543275,0.004764533775266373,0.001640447071990448,0.0008981246683967305,0.0016213487298533044,0.0002367189249103882,0.0014972095059618707,0.001239884475061407,0.0006619083314373213,0.0006468306929079994,0.002216412863810623,0.0027541819713565122,0.0015736028745104453,0.0013579926435411116,0.0009880879116216969,0.0019319480835573773,0.0010137198971215487,0.001338894301403968,0.002117403037468062,0.0011519315836403515,0.0014343860120896862,0.0020294501460470064,0.0015660640552457826,0.0025023854079168004,0.002204853340938142,0.0014494636506190116,0.001070009747631025,0.001485649983089388,0.000515152649751903,0.0003432675705176101,0.00024224739237114004,0.00025179656343971013,0.0017278973754605263,0.001342915005011788,0.002819015817032604,0.001798762276548349,0.0018138399150776727,0.0015374165420400671,0.0002744130212336965,0.00042518940652693654,0.001035833766964556,0.0016424574237943572,7.890630830346274e-05,0.0010091966055627514,0.0009001350202006413,0.0006086340086337121,0.0024415722658485284,0.0026571824968178604,0.0023782461840253667,0.0019208911486358737,0.0010529217572977905,0.0020792063531937747,0.0004674067944090421,0.00038699272225264925,0.000657887627829503,0.0008182131841913132,0.0006267271748689011,0.0011102167837092215,0.0017148300887351135,0.001342915005011788,0.0030441752190705097,0.0021837446469970875,0.0033738729149117262,0.0023842772394370975,0.0008830470298674068,0.00021912834662617467,0.00016133073226376818,0.00041011176799761115,0.0007684569770445467,0.0003930237776643801,0.002218423215614534,0.0019093316257633927,0.0010720200994349342,0.001546965713108639,0.001186610152257796,0.0003814642547918974,0.0005990848375651385,0.0012720501039239652,0.00045031880407581104,0.0002668742019690355,0.000373925435527233,0.0008182131841913132,0.002725534458150795,0.003504043194214891,0.0019626059485670037,0.001228324952188926,0.0006845247892313076,0.0016595454141275917,0.001186610152257796,0.0005186707654087457,0.0008860625575732722,0.0005091215943401721,0.00014876603348933093,0.0012303353039928352,0.0012338534196496779,0.0022470707288202493,0.00185605730295978,0.0011006676126406496,0.0010011551983471114,0.0010835796223074168,0.0004900232522030284,0.0003377391030568583,0.0012303353039928352,0.000623711647163034,0.0015142974962951035,0.0013464331206686306,0.0019721551196355755,0.002943155040924038,0.003143185045413069,0.0025747580728575567,0.0013368839496000588,0.0013715625182175034,0.00028597254410617917,0.00033170804764512743,0.0002764233730376056,0.00022716975384181465,0.0007780061481131167,0.0017374465465290981,0.0009709999212884641,0.0017087990333233827,0.0013635211110018652,0.0020711649459781364,0.0012986872653257715,0.0022470707288202493,0.0005111319461440812,0.00029351136337084013,0.00012011852028361372,0.00023269822130256648,0.0009539119309552296,0.0007418198156427386,0.0016610531779805236,0.0008810366780634977,0.0023877953550939385,0.0016957317465979699,0.0008508814010048486,0.00015379191299910375,0.0013981996796193098,0.0005186707654087457,0.0013740754579723916,0.0003432675705176101,0.0010755382150917769,0.0008905858491320695,0.0009423524080827486,0.000919233362337785,0.002331002916633485,0.0016329082527257854,0.0019359687871651973,0.0007212137096526648,0.0004462981004679893,0.00025581726704753185,0.00048047408113445836,0.00041212211980152375,0.0014017177952761525,0.0021284599723895674,0.0026893481256804186,0.001182589448649976,0.001693721394794059,0.0016992498622548109,0.0013655314628057743,0.0016193383780493936,0.00045182656792874115,0.0009363213526710178,0.000673467854309804,0.0007021153675155212,0.0008428399937892104,0.001184599800453887,0.002582799480073195,0.0017701147633426336,0.0019093316257633927,0.0018847048161654955,0.0017605655922740618,0.001012714721219594,0.000869979743141994,0.00017540319489113554,0.000816202832387404,0.000341257218713701,0.0004749456136737065,0.0011061960801014015,0.002773280313493656,0.0024320230947799566,0.0020636261267134737,0.0017052809176665417,0.0007342809963780776,0.00043473857759550663,0.0011041857282974923,0.0009639636899747787,0.00017741354669504467,0.000623711647163034,0.0010644812801702715,0.0007458405192505603,0.0020827244688506174,0.0013162778436099833,0.0011901282679146388,0.0008202235359952258,0.0007629285095837914,0.0005644062689476939,0.0006925661964469476,0.0004900232522030284,0.00034879603797836195,0.0014218213133152507,0.0006257219989669466,0.001180579096846067,0.005401815297105799,0.0033723651510587944,0.002311904574496341,0.002612954757131844,--,--,--
41,0.0010795589186995969,0.0003699047319194147,0.001180579096846067,0.001028294947699895,0.001739456898333009,0.0023747280683685257,0.0019264196160966255,0.000923254065945605,0.0010107043694156832,0.0004538369197326503,0.000408101416193702,0.000764938861387704,0.0005759657918201766,0.0003678943801155056,0.0006005926014180721,0.0015620433516379626,0.0006141624760944639,0.0025787787764653767,0.002924056698786894,0.0009157152466809423,0.0009574300466120723,0.0009137048948770331,0.001028294947699895,0.0008413322299362785,0.0009383317044749286,0.0009001350202006413,0.00017741354669504467,0.0007056334831723604,0.0006352711700355167,0.0011785687450421578,0.003126097055079836,0.0026013952342593613,0.0009594403984159814,0.0010795589186995969,0.0003699047319194147,0.0008086640131227431,0.00034728827412542837,0.00033020028379219385,0.0004327282257915975,0.0005473182786144594,0.0008106743649266522,0.0029371239855123087,0.003593503849488878,0.0019399894907730173,0.0008428399937892104,0.0004045833005368593,0.0010091966055627514,0.0005322406400851375,0.0002347085731064756,0.0025365613885832694,0.0005628985050947603,0.0015585252359811216,0.0009328032370141768,0.00219932487347739,0.0023480909069667193,0.0037689070443800137,0.0006980946639076994,0.0010529217572977905,0.0026054159378671813,0.00044227739686017106,0.0005056034786833294,7.639336854857459e-05,0.000524701820820473,0.0006026029532219812,0.0016153176744415753,0.0010509114054938814,0.002926067050590805,0.0024873077693874767,0.0010795589186995969,0.0006483384567609295,0.0007247318253095041,0.0007629285095837914,0.000415640235458363,9.147100707789999e-05,0.0004694171462129547,0.0006056184809278449,0.0012454129425221606,0.0028516840338461396,0.0023918160587017585,0.0011956567353753906,0.0011197659547777933,0.000964968865876735,0.0011730402775814042,0.0004900232522030284,0.0008332908227206386,0.00033371839944903656,0.0005493286304183685,0.0013122571400021633,0.0017625759440779726,0.0006830170253783775,0.0018193683825384263,0.0028667616723754633,0.0021229315049288155,0.0008488710492009395,0.00036236591265475376,0.0005930537821534111,0.0006387892856923594,0.0002899932477139974,0.0005608881532908512,0.0013006976171296807,0.0016535143587158626,0.001384629804942918,0.0028531917976990714,0.0008925962009359786,0.0012569724653946415,0.001437904127746529,0.0014193083735603625,0.0003357287512529457,0.0005417898111537076,0.0017660940597348136,0.0006845247892313076,0.0009172230105338741,0.0010338234151606469,0.002975320669786596,0.00219530416986957,0.0016173280262454844,0.0007212137096526648,0.0009936163790824504,0.0011484134679835088,0.0008031355456619912,0.00042820493423280023,0.00017087990333233827,0.00021661540687128653,0.0002668742019690355,0.0012052059064439624,0.002418453220103565,0.0023973445261625103,0.0017087990333233827,0.0018193683825384263,0.0010453829380331278,0.0012836096267964479,0.00038548495839971567,0.0001085589974111345,5.5284674607521817e-05,0.0007458405192505603,0.0012549621135907324,0.0010604605765624532,0.0009574300466120723,0.001590690864843678,0.001959087832910161,0.0014745930481678843,0.0011423824125717796,0.0018424874282833882,0.0015489760649125498,0.0006217012953591249,0.0004940439558108502,0.0008564098684656022,0.0003050708862433228,0.0008353011745245477,0.0025385717403871785,0.0026551721450139513,0.003492483671342408,0.0012338534196496779,0.002258127663741753,0.0005397794593497984,0.0009624559261218468,0.001232345655796746,0.0005216862931146093,0.0006005926014180721,0.00020204035629294015,0.0009916060272785396,0.0007227214735055949,0.0012474232943260697,0.0015278673709714953,0.0015333958384322471,0.001239884475061407,0.00034879603797836195,0.0005724476761633339,0.0003950341294682892,0.0015183181999029235,0.0001698747274303837,0.0006865351410352168,0.0007955967263973268,0.0020178906231745238,0.002885860014512607,0.0019681344160277555,0.001130822889699297,0.0017640837079309045,0.0006483384567609295,0.0005493286304183685,0.0004045833005368593,8.946065527399086e-05,0.0002794389007434728,0.0002899932477139974,0.0006598979796334122,0.002769259609885836,0.002759710438817264,0.002376738420172435,0.001129315125846365,0.0008523891648577822,0.0002462680959789583,0.0003950341294682892,0.00017741354669504467,0.00015429450095008276,0.0002643612622141474,0.0002744130212336965,0.0005186707654087457,0.0015409346576969098,0.002056087307448811,0.0026551721450139513,0.0014841422192364562,0.0016329082527257854,0.002155097133791372,0.001035833766964556,0.0018158502668815836,0.0013449253568156988,0.0018826944643615864,0.0008257520034559776,0.0005035931268794203,0.001342915005011788,0.0035668666880870736,0.0022505888444770902,0.0017831820500680481,0.0013791013374821661,0.0015866701612358598,0.001794741572940529,0.0011499212318364423,0.000299542418782571,0.00032215887657655734,0.0011881179161107296,0.0011634911065128324,0.0010870977379642578,0.0030954391900702097,0.0018847048161654955,0.001987232758164899,0.0016384367201865372,0.0009458705237395913,0.0007021153675155212,0.0009880879116216969,0.0005628985050947603,0.0010755382150917769,0.0008508814010048486,0.0014801215156286362,0.001804290744009101,0.003555307165214591,0.003272852736765256,0.0006769859699666467,0.0010262845958959842,0.0005226914690165639,0.0005166604136048365,0.0003774435511840757,0.0015142974962951035,0.00045182656792874115,0.00047695596547761565,0.0014172980217564534,0.0026436126221414686,0.0013504538242764506,0.003234656052490969,0.001443935183158258,0.0005493286304183685,0.001020253540484255,0.0007991148420541695,0.002390810882799804,0.00018394719005775106,0.0005176655895067911,0.0007171930060448431,0.001123284070434636,0.0003050708862433228,0.004478561231160196,0.0025481209114557504,0.0022430500252124293,0.0009001350202006413,0.0015012302095696907,0.0001733928430872264,0.0009574300466120723,0.0006005926014180721,0.00016032555636181015,0.0008393218781323694,0.002060108011056631,0.001959087832910161,0.0015982296841083408,0.0015851623973829262,0.0012016877907871197,0.0005875253146926593,0.002765741494228993,0.0013197959592668243,0.000299542418782571,0.00041011176799761115,0.00044830845227189844,0.0005835046110848376,0.00030708123804723195,0.0020771960013898656,0.0034025204281174417,0.0025978771186025203,0.0009307928852102659,0.00022515940203790552,0.00042719975833084567,0.0004900232522030284,0.0003126097055079838,0.00028245442844933646,0.00032416922838046647,0.0006639186832412339,0.001182589448649976,0.0012474232943260697,0.0022470707288202493,0.002567219253592894,0.004814289982413143,0.0016861825755293963,0.0009212437141416941,0.0016138099105886417,0.00024124221646918548,0.001443935183158258,0.0012685319882671225,0.0007267421771134167,0.0005990848375651385,0.0021741954759285156,0.002620493576396505,0.0014459455349621689,0.0012589828171985507,0.001020253540484255,0.0019379791389691082,0.0010167354248274123,0.0012911484460611088,0.0020294501460470064,0.0010931287933759887,0.001485649983089388,0.0020239216785862546,0.0014761008120208162,0.002519473398250035,0.002155097133791372,0.0015107793806382625,0.001065989044023205,0.0014534843542268298,0.0005141474738499484,0.000341257218713701,0.0002462680959789583,0.00025732503090046197,0.0017339284308722572,0.0013524641760803598,0.002834093455561928,0.0017892131054797773,0.0017851924018719573,0.0014268471928250252,0.00029200359951790655,0.0004407696330072375,0.001028294947699895,0.0015851623973829262,7.237266494075634e-05,0.000980549092357036,0.0009287825334063568,0.0005608881532908512,0.0022887855287513775,0.0024852974175835676,0.0023842772394370975,0.0019796939389002365,0.001081569270503506,0.002096294343527009,0.00047695596547761565,0.00038548495839971567,0.0006217012953591249,0.0007991148420541695,0.0006458255170060448,0.001065989044023205,0.0015238466673636753,0.0012434025907182497,0.003133635874344497,0.0022847648251435593,0.0032597854500398416,0.0024395619140446176,0.0008714875069949259,0.0002050558839988073,0.00015731002865594645,0.00042368164267400296,0.0007895656709855994,0.0004045833005368593,0.002105843514595581,0.0018575650668127136,0.0009574300466120723,0.0015012302095696907,0.0011976670871793015,0.00038347460659580654,0.000566416620751603,0.0012454129425221606,0.00048047408113445836,0.00023822668876331832,0.00038699272225264925,0.0007895656709855994,0.002580789128269286,0.0034673542737935353,0.00194350760642986,0.0012625009328553934,0.0006885454928391294,0.00160426073952007,0.0012072162582478733,0.0004789663172815248,0.000861938335926354,0.0005186707654087457,0.00017188507923429283,0.001180579096846067,0.001077548566895686,0.0019495386618415891,0.0018022803922051918,0.001022263892288166,0.0010107043694156832,0.0010644812801702715,0.0004844947847422766,0.0003357287512529457,0.0011921386197185479,0.0006277323507708557,0.0015163078480990144,0.0013047183207375006,0.0018615857704205319,0.0027979071230915514,0.003126097055079836,0.0026456229739453795,0.001384629804942918,0.0014017177952761525,0.0002633560863121928,0.00031864076091971463,0.0002729052573807629,0.00023822668876331832,0.0008297727070637959,0.0017319180790683463,0.0007840372035248476,0.0016288875491179654,0.001428354956677957,0.002101822810987761,0.001342915005011788,0.002248578492673181,0.0005131422979479938,0.0002899932477139974,0.0001316780431560964,0.00025179656343971013,0.0009936163790824504,0.0007800164999170259,0.0016670842333922527,0.000877518562406655,0.0024491110851131894,0.0017605655922740618,0.000861938335926354,0.00015831520455790102,0.0013655314628057743,0.0005111319461440812,0.0013539719399332916,0.00035683744519400193,0.001081569270503506,0.0008584202202695113,0.0008870677334752268,0.000923254065945605,0.0022812467094867166,0.00160426073952007,0.001957077481106252,0.0007724776806523649,0.00045182656792874115,0.00027843372484151474,0.00045986797514438113,0.0003890030740565584,0.0012911484460611088,0.0020028129846452,0.002466199075446424,0.0010107043694156832,0.001636426368382628,0.0017183482043919545,0.0014077488506878816,0.0016726127008530062,0.0004442877486640802,0.0009554196948081631,0.0006779911458686012,0.0006845247892313076,0.0008182131841913132,0.001285619978600357,0.0024491110851131894,0.0017339284308722572,0.0018882229318223382,0.0018575650668127136,0.0017339284308722572,0.001020253540484255,0.0008011251938580821,0.00016685919972452,0.0008704823310929713,0.00035683744519400193,0.0004613757389973147,0.0011423824125717796,0.002722016342493954,0.002460670607985672,0.00199879228103738,0.0016193383780493936,0.0007342809963780776,0.0004442877486640802,0.001081569270503506,0.0009574300466120723,0.0001814342503028664,0.0006523591603687512,0.001065989044023205,0.0007001050157116086,0.0020430200207233983,0.0012092266100517824,0.0011559522872481715,0.0008297727070637959,0.0007574000421230395,0.0005453079268105503,0.0007021153675155212,0.0004900232522030284,0.00036236591265475376,0.0013665366387077289,0.0006141624760944639,0.0011041857282974923,0.005157557552930752,0.0034181006545977426,0.0023420598515549902,0.002715985287082223,--,--,--
42,0.0010911184415720778,0.0003397494548607674,0.0011082064319053123,0.0010011551983471114,0.0017012602140587217,0.00230034505162386,0.0018766634089498573,0.0008885754973281586,0.0010187457766313232,0.0004960543076147593,0.00040056259692904106,0.0007383016999858959,0.0005704373243594248,0.00036035556085084464,0.0005910434303494985,0.0015504838287654817,0.0005342509918890466,0.0020143725075176828,0.0025938564149947003,0.0008564098684656022,0.0009725076851413959,0.0008755082106027458,0.0009574300466120723,0.0008051458974659004,0.0008905858491320695,0.000923254065945605,0.00017540319489113554,0.0007001050157116086,0.0006196909435552157,0.0011197659547777933,0.0030175380576687033,0.0024450903815053694,0.0009614507502198923,0.0010031655501510223,0.00038548495839971567,0.0007669492131916131,0.0002975320669786584,0.0003367339271549037,0.00041413247160543287,0.0005282199364773157,0.0007247318253095041,0.00234608055516281,0.0034296601774702253,0.0018786737607537664,0.000831783058867705,0.0004025729487329502,0.0009709999212884641,0.000556867449683033,0.00025179656343971013,0.0023501012587706285,0.0006046133050258903,0.0016117995587847326,0.0009267721816024459,0.002256619899888821,0.0022963243480160402,0.00375382940585069,0.0007212137096526648,0.0010870977379642578,0.002616975460739664,0.0004131272957034783,0.00048650513654618574,8.594253961714815e-05,0.0005302302882812249,0.0006257219989669466,0.0016268771973140563,0.000919233362337785,0.002410914400838902,0.002414935104446722,0.0010468907018860614,0.0006940739602998812,0.0007383016999858959,0.0007418198156427386,0.00039654189332121934,9.900982634256095e-05,0.00043674892939941923,0.0005990848375651385,0.0011614807547089233,0.0026627109642786122,0.001840477076479479,0.0010986572608367405,0.0009709999212884641,0.0009307928852102659,0.001129315125846365,0.0004442877486640802,0.0007991148420541695,0.000299542418782571,0.0005493286304183685,0.0013791013374821661,0.0016213487298533044,0.0005910434303494985,0.00179273122113662,0.0028707823759832832,0.002092273639919189,0.0008966169045437986,0.000373925435527233,0.0005644062689476939,0.0006046133050258903,0.00035482709339008933,0.0005438001629576167,0.001274060455727876,0.0016057685033730035,0.001437904127746529,0.0025064061115246204,0.0006372815218394258,0.001226314600385017,0.0015047483252265317,0.0013238166628746443,0.00037191508372332385,0.0004900232522030284,0.001689700691186239,0.0007131723024370248,0.0009061660756123704,0.0010318130633567377,0.0028039381785032805,0.001640447071990448,0.0015218363155597662,0.0006448203411040902,0.001012714721219594,0.0011082064319053123,0.0007915760227895086,0.00043473857759550663,0.00016032555636181015,0.00020405070809685275,0.00025179656343971013,0.001074030451238845,0.002151579018134531,0.002216412863810623,0.0014992198577657798,0.0018691245896851946,0.0010433725862292187,0.0012303353039928352,0.00040357812463490475,0.00011358487692090732,5.2269146901658126e-05,0.0007171930060448431,0.0012514439979338897,0.0009820568562099678,0.000764938861387704,0.0013122571400021633,0.001886212580018429,0.001542945009500819,0.0011675118101206524,0.00175101642120549,0.0014570024698836725,0.0005895356664965684,0.0004694171462129547,0.0008051458974659004,0.0003261795801843756,0.0008126847167305613,0.001995274165380539,0.0023229615094178466,0.0035628459844792536,0.0011519315836403515,0.002202842989134231,0.0005342509918890466,0.0008584202202695113,0.001184599800453887,0.0005111319461440812,0.0006714575025058948,0.0001985222406361009,0.0009403420562788378,0.0007001050157116086,0.0011941489715224587,0.0013006976171296807,0.0015489760649125498,0.0012931587978650197,0.00035482709339008933,0.0006076288327317575,0.00038699272225264925,0.0015183181999029235,0.0001914860093224155,0.0007001050157116086,0.0007915760227895086,0.0016439651876472908,0.002666229079935455,0.0019128497414202337,0.0010453829380331278,0.0016706023490490954,0.0006694471507019857,0.0005588778014869421,0.00039402895356633466,9.800465044060638e-05,0.0002975320669786584,0.00029200359951790655,0.0005855149628887467,0.002670249783543275,0.0025385717403871785,0.0021877653506049075,0.0011519315836403515,0.000869979743141994,0.00023269822130256648,0.0003910134258604675,0.0001733928430872264,0.00018696271776361822,0.0002668742019690355,0.00023068786949865736,0.00035482709339008933,0.0012760708075317852,0.0017625759440779726,0.0023822668876331866,0.001485649983089388,0.0016213487298533044,0.002056087307448811,0.0009765283887492159,0.001634416016578719,0.0012986872653257715,0.0017912234572836881,0.0007875553191816903,0.000524701820820473,0.0011881179161107296,0.00324621557536345,0.0021344910278012965,0.0016841722237254872,0.0014112669663447243,0.0015449553613047298,0.0016535143587158626,0.0010413622344253096,0.00029552171517474926,0.00033371839944903656,0.001169019573973586,0.0011061960801014015,0.0010167354248274123,0.003038646751609756,0.00189777210289091,0.0018997824546948192,0.0015962193323044317,0.0009172230105338741,0.0006905558446430385,0.0009157152466809423,0.000556867449683033,0.001077548566895686,0.0008810366780634977,0.0013504538242764506,0.0014343860120896862,0.0034105618353330817,0.003025076876933366,0.0005990848375651385,0.0009996474344941796,0.0005814942592809284,0.0005302302882812249,0.00038548495839971567,0.0014132773181486334,0.00045031880407581104,0.0005262095846734066,0.001396189327815399,0.0026013952342593613,0.0011061960801014015,0.0029049583566497506,0.001443935183158258,0.0006026029532219812,0.0010755382150917769,0.0007383016999858959,0.0022335008541438574,0.00018394719005775106,0.0004930387799088956,0.000665426447094164,0.0011041857282974923,0.00024023704056722744,0.004333313313327708,0.002303863167280703,0.002260138015545662,0.0009614507502198923,0.0015012302095696907,0.0001447453298815092,0.0009041557238084613,0.0005835046110848376,0.0001733928430872264,0.000861938335926354,0.002142029847065959,0.0017851924018719573,0.0011901282679146388,0.0014112669663447243,0.0012016877907871197,0.0006005926014180721,0.0026380841546807168,0.0013409046532078788,0.0002668742019690355,0.00042167129087009383,0.0004176505872622756,0.0006217012953591249,0.00028044407664542734,0.001636426368382628,0.0032919510789024,0.0025501312632596612,0.0009076738394653023,0.00024224739237114004,0.0004045833005368593,0.0005206811172126548,0.0003015527705864801,0.0003050708862433228,0.0003126097055079838,0.0007267421771134167,0.0011403720607678688,0.0008946065527398895,0.0020219113267823437,0.002353619374427471,0.004619788445384864,0.0017701147633426336,0.0009383317044749286,0.0015504838287654817,0.00025581726704753185,0.001327334778531487,0.0012720501039239652,0.0008257520034559776,0.0005644062689476939,0.0021359987916542283,0.002361158193692134,0.0013027079689335915,0.0011102167837092215,0.001020253540484255,0.0018575650668127136,0.0009720050971904187,0.0012187757811203542,0.001840477076479479,0.0009860775598177877,0.0015333958384322471,0.001987232758164899,0.0013142674918060725,0.0025903382993378576,0.0019495386618415891,0.001535406190236158,0.001035833766964556,0.0013695521664135943,0.0004920336040069376,0.0003397494548607674,0.00024224739237114004,0.00025732503090046197,0.0017072912694704508,0.0013122571400021633,0.002681809306415756,0.0016650738815883435,0.0016384367201865372,0.0012589828171985507,0.0003015527705864801,0.0004292101101347548,0.0009709999212884641,0.0014725826963639735,6.382866977413734e-05,0.0009041557238084613,0.000923254065945605,0.000507111242536263,0.0019399894907730173,0.0021877653506049075,0.002142029847065959,0.0019796939389002365,0.0011041857282974923,0.0020334708496548264,0.0004875103124481403,0.00038548495839971567,0.0005950641339573202,0.0007669492131916131,0.0006724626784078494,0.0010564398729546332,0.0011499212318364423,0.001022263892288166,0.0030612632094037424,0.002365178897299954,0.003082371903344797,0.0024259920393682258,0.0008257520034559776,0.00020003000448903102,0.00015178156119519462,0.00043473857759550663,0.000806653661318834,0.0004060910643897929,0.0017072912694704508,0.0015660640552457826,0.0007860475553287567,0.001436396363893597,0.0012092266100517824,0.0003890030740565584,0.0005035931268794203,0.0011675118101206524,0.0005533493340261902,0.00020204035629294015,0.00041212211980152375,0.0007322706445741685,0.0022314905023399466,0.003011507002256974,0.0018158502668815836,0.0012529517617868215,0.0007171930060448431,0.001436396363893597,0.0012132473136596024,0.00042518940652693654,0.0008277623552598867,0.0005236966449185185,0.00020405070809685275,0.0010147250730235032,0.0007438301674466477,0.0016138099105886417,0.0016384367201865372,0.0009820568562099678,0.0010318130633567377,0.0010262845958959842,0.0004674067944090421,0.00033020028379219385,0.001175050629385315,0.0006046133050258903,0.001513292320393149,0.0012112369618556915,0.0015374165420400671,0.002452629200770032,0.002874300491640126,0.002573250309004623,0.0014112669663447243,0.0014208161374132961,0.00025179656343971013,0.000299542418782571,0.0002708949055768538,0.00025581726704753185,0.0008413322299362785,0.0016459755394512,0.0005930537821534111,0.0015067586770304425,0.0014534843542268298,0.0020636261267134737,0.0013695521664135943,0.0022199309794674656,0.0005015827750755111,0.00029351136337084013,0.0001447453298815092,0.00028396219230227004,0.0009840672080138786,0.0007991148420541695,0.001546965713108639,0.0008413322299362785,0.0023420598515549902,0.0018118295632737636,0.0008870677334752268,0.00016484884792060742,0.0013635211110018652,0.0004824844329383675,0.0012951691496689288,0.00036236591265475376,0.0010644812801702715,0.0008488710492009395,0.0007800164999170259,0.0009041557238084613,0.0022410396734085184,0.001588680513039769,0.001959087832910161,0.0008523891648577822,0.000457857623340472,0.0003015527705864801,0.00042167129087009383,0.00036236591265475376,0.0011594704029050142,0.0017721251151465445,0.0019776835870963273,0.0006483384567609295,0.0015012302095696907,0.001682161871921578,0.0014514740024229207,0.0016841722237254872,0.0004327282257915975,0.0009539119309552296,0.0006588928037314576,0.0006302452905257439,0.0007955967263973268,0.0013620133471489316,0.001964616300370913,0.0016726127008530062,0.0017530267730094008,0.00179273122113662,0.0017052809176665417,0.0009956267308863596,0.0006639186832412339,0.0001563048527539919,0.0008925962009359786,0.00038347460659580654,0.0004558472715365629,0.0011041857282974923,0.0024968569404560485,0.0023480909069667193,0.0018369589608226364,0.0014745930481678843,0.0007212137096526648,0.0004462981004679893,0.0010604605765624532,0.0009348135888180859,0.0001814342503028664,0.0006543695121726603,0.0010187457766313232,0.0005453079268105503,0.0018465081318912082,0.0009096841912692132,0.0010071862537588405,0.0008182131841913132,0.0007342809963780776,0.0005131422979479938,0.0006905558446430385,0.0004824844329383675,0.000373925435527233,0.001257977641296596,0.0006046133050258903,0.0009021453720045505,0.0044403645468859086,0.003215557710353825,0.0021973145216734793,0.0027330732774154577,--,--,--
43,0.0011026779644445605,0.0003090915898511411,0.001035833766964556,0.0009725076851413959,0.0016630635297844344,0.0022294801505360375,0.0018274097897540646,0.0008564098684656022,0.0010262845958959842,0.0005357587557419802,0.0003910134258604675,0.0007116645385840913,0.0005644062689476939,0.0003528167415861802,0.0005835046110848376,0.001539426893843978,0.0004538369197326503,0.0014474532988151007,0.002260138015545662,0.0007955967263973268,0.0009900982634256077,0.0008373115263284568,0.0008885754973281586,0.0007704673288484558,0.0008428399937892104,0.0009458705237395913,0.0001733928430872264,0.0006960843121037903,0.0006066236568298029,0.0010604605765624532,0.0029069687084536614,0.0022887855287513775,0.000964968865876735,0.0009287825334063568,0.00040056259692904106,0.0007227214735055949,0.0002477758598318919,0.0003442727464195647,0.0003930237776643801,0.0005091215943401721,0.0006407996374962685,0.0017545345368623327,0.0032617958018437507,0.0018193683825384263,0.0008202235359952258,0.00040056259692904106,0.0009307928852102659,0.0005814942592809284,0.00026888455377294465,0.002159117837399192,0.0006468306929079994,0.0016630635297844344,0.0009212437141416941,0.002311904574496341,0.0022450603770163384,0.003738249179370389,0.0007438301674466477,0.0011197659547777933,0.002628534983612145,0.0003844797824977611,0.0004674067944090421,9.348135888180911e-05,0.0005342509918890466,0.0006483384567609295,0.001636426368382628,0.0007875553191816903,0.001895761751087001,0.0023420598515549902,0.001012714721219594,0.0007398094638388295,0.0007533793385152213,0.0007192033578487522,0.0003794539029879883,0.0001085589974111345,0.0004060910643897929,0.0005910434303494985,0.0010755382150917769,0.0024717275429071758,0.0012876303304042679,0.0010031655501510223,0.0008222338877991349,0.0008946065527398895,0.0010850873861603487,0.00039855224512513193,0.000764938861387704,0.00026536643811610194,0.0005473182786144594,0.001443935183158258,0.0014801215156286362,0.000499572423271602,0.0017640837079309045,0.002872290139836215,0.0020616157749095646,0.0009443627598866577,0.00038347460659580654,0.0005357587557419802,0.0005684269725555122,0.00042167129087009383,0.0005262095846734066,0.0012454129425221606,0.0015565148841772108,0.0014876603348932989,0.002163138541007012,0.0003814642547918974,0.0011941489715224587,0.0015736028745104453,0.001226314600385017,0.000408101416193702,0.00043674892939941923,0.0016153176744415753,0.0007418198156427386,0.0008925962009359786,0.0010298027115528269,0.0026360738028768076,0.0010850873861603487,0.0014268471928250252,0.0005704373243594248,0.0010298027115528269,0.001065989044023205,0.000782026851720935,0.0004407696330072375,0.00015077638529324006,0.00019098342137143648,0.0002347085731064756,0.0009423524080827486,0.0018847048161654955,0.0020369889653116674,0.0012931587978650197,0.0019168704450280537,0.0010413622344253096,0.001175050629385315,0.0004226764667720484,0.00011710299257775003,4.975620714676998e-05,0.0006905558446430385,0.0012474232943260697,0.0009061660756123704,0.0005724476761633339,0.0010338234151606469,0.0018138399150776727,0.0016097892069808217,0.0011901282679146388,0.0016575350623236808,0.0013655314628057743,0.000556867449683033,0.0004442877486640802,0.0007513689867113121,0.00034728827412542837,0.0007875553191816903,0.0014514740024229207,0.001995274165380539,0.003635218649420008,0.0010679993958271142,0.002147558314526711,0.0005282199364773157,0.0007533793385152213,0.001134843593307117,0.0005005775991735566,0.0007418198156427386,0.0001945015370282792,0.0008885754973281586,0.0006769859699666467,0.0011403720607678688,0.001074030451238845,0.0015680744070496935,0.0013449253568156988,0.0003593503849488866,0.0006428099893001776,0.0003794539029879883,0.0015183181999029235,0.00021359987916542283,0.0007131723024370248,0.0007875553191816903,0.0012705423400710333,0.0024471007333092803,0.00185605730295978,0.0009574300466120723,0.0015791313419711971,0.0006905558446430385,0.000566416620751603,0.000382469430693852,0.00010705123355820093,0.00031562523321384747,0.00029200359951790655,0.0005131422979479938,0.002571239957200714,0.002319443393761004,0.00199879228103738,0.0011730402775814042,0.0008870677334752268,0.00021912834662617467,0.00038699272225264925,0.00017188507923429283,0.00021862575867519912,0.0002698897296748992,0.0001849523659597091,0.0001945015370282792,0.0010107043694156832,0.0014685619927561552,0.0021093616302524237,0.0014876603348932989,0.0016077788551769126,0.001957077481106252,0.000919233362337785,0.0014514740024229207,0.0012529517617868215,0.001697742098401879,0.0007478508710544694,0.0005438001629576167,0.0010338234151606469,0.002926067050590805,0.0020199009749784346,0.0015851623973829262,0.001443935183158258,0.0015032405613735998,0.0015107793806382625,0.0009307928852102659,0.0002899932477139974,0.00034728827412542837,0.0011484134679835088,0.0010529217572977905,0.0009458705237395913,0.002981351725198325,0.0019113419775673018,0.0018138399150776727,0.0015524941805693908,0.0008885754973281586,0.0006789963217705558,0.0008393218781323694,0.0005533493340261902,0.0010795589186995969,0.0009116945430731223,0.0012207861329242634,0.0010644812801702715,0.0032653139175005935,0.002773280313493656,0.0005186707654087457,0.0009725076851413959,0.0006387892856923594,0.0005427949870556621,0.0003930237776643801,0.0013142674918060725,0.00044830845227189844,0.0005739554400162675,0.001373070282070437,0.0025637011379360513,0.0008584202202695113,0.0025747580728575567,0.001443935183158258,0.000657887627829503,0.0011328332415032078,0.0006769859699666467,0.0020751856495859547,0.00018394719005775106,0.00046841197031099666,0.000616172827898373,0.0010835796223074168,0.00017540319489113554,0.004188567983446198,0.002060108011056631,0.0022752156540749875,0.001022263892288166,0.0015032405613735998,0.00011459005282286189,0.0008508814010048486,0.000566416620751603,0.00018897306956752735,0.0008830470298674068,0.0022259620348791948,0.0016097892069808217,0.000782026851720935,0.0012378741232574979,0.0012052059064439624,0.0006141624760944639,0.002507913875377554,0.0013600029953450225,0.0002347085731064756,0.0004312204619386674,0.00038699272225264925,0.000657887627829503,0.00025380691524361926,0.0011956567353753906,0.003179371377883447,0.0025003750561128912,0.0008850573816713177,0.0002593353827043711,0.00038548495839971567,0.0005513389822222811,0.0002899932477139974,0.00033020028379219385,0.0003015527705864801,0.0007875553191816903,0.0011026779644445605,0.0005417898111537076,0.001794741572940529,0.0021400194952620483,0.004421266204748765,0.001850026247548051,0.0009574300466120723,0.001489670686697208,0.0002698897296748992,0.0012092266100517824,0.001274060455727876,0.0009252644177495141,0.0005302302882812249,0.002096294343527009,0.002101822810987761,0.0011594704029050142,0.0009574300466120723,0.001020253540484255,0.0017776535826072963,0.0009277773575044022,0.0011484134679835088,0.0016499962430590199,0.0008795289142105658,0.0015811416937751063,0.001951046425694521,0.0011519315836403515,0.002660700612474703,0.001743477601940829,0.0015600329998340535,0.0010071862537588405,0.0012876303304042679,0.0004709249100658848,0.0003357287512529457,0.00023822668876331832,0.00025732503090046197,0.0016766334044608245,0.001274060455727876,0.0025270122175146976,0.001542945009500819,0.0014916810385011189,0.0010946365572289205,0.0003111019416550502,0.0004176505872622756,0.0009157152466809423,0.0013620133471489316,5.427949870556725e-05,0.0008297727070637959,0.0009172230105338741,0.0004538369197326503,0.001590690864843678,0.0018882229318223382,0.00190179280649873,0.0019796939389002365,0.0011252944222385451,0.0019701447678316646,0.0004970594835167139,0.00038548495839971567,0.0005684269725555122,0.0007342809963780776,0.0006980946639076994,0.0010489010536899705,0.0007780061481131167,0.0008011251938580821,0.002988890544462988,0.0024471007333092803,0.0029029480048458414,0.002412924752642813,0.0007800164999170259,0.0001945015370282792,0.00014575050578346377,0.0004462981004679893,0.0008257520034559776,0.0004060910643897929,0.0013102467881982525,0.001274060455727876,0.0006101417724866422,0.0013715625182175034,0.0012187757811203542,0.0003930237776643801,0.00043875928120332836,0.0010891080897681687,0.0006277323507708557,0.00016384367201865285,0.00043674892939941923,0.0006749756181627375,0.0018806841125576755,0.0025541519668674795,0.0016881929273333072,0.0012434025907182497,0.0007458405192505603,0.0012665216364632133,0.0012207861329242634,0.00037191508372332385,0.0007935863745934177,0.0005282199364773157,0.0002367189249103882,0.0008508814010048486,0.00041011176799761115,0.0012795889231886279,0.0014745930481678843,0.0009423524080827486,0.0010549321091016996,0.0009900982634256077,0.00045031880407581104,0.0003261795801843756,0.0011579626390520806,0.0005835046110848376,0.0015107793806382625,0.0011177556029738842,0.0012112369618556915,0.00210785386639949,0.002622503928200416,0.0025003750561128912,0.001437904127746529,0.0014399144795504398,0.00024023704056722744,0.00028044407664542734,0.0002708949055768538,0.0002729052573807629,0.0008508814010048486,0.0015600329998340535,0.00040056259692904106,0.0013811116892860752,0.0014761008120208162,0.0020239216785862546,0.0013941789760114898,0.0021897757024088183,0.0004885154883500983,0.0002975320669786584,0.00015831520455790102,0.0003146200573118929,0.0009745180369453068,0.0008182131841913132,0.0014268471928250252,0.0008051458974659004,0.0022355112059477666,0.0018615857704205319,0.0009096841912692132,0.00017238766718527185,0.0013620133471489316,0.0004558472715365629,0.0012338534196496779,0.0003699047319194147,0.0010468907018860614,0.0008373115263284568,0.0006749756181627375,0.0008850573816713177,0.002200832637330322,0.0015736028745104453,0.001960595596763093,0.0009307928852102659,0.0004613757389973147,0.00032416922838046647,0.0003814642547918974,0.00033371839944903656,0.001028294947699895,0.001539426893843978,0.001489670686697208,0.00028396219230227004,0.0013635211110018652,0.0016459755394512,0.0014972095059618707,0.0016957317465979699,0.0004196609390661847,0.0009519015791513204,0.0006397944615943139,0.0005759657918201766,0.0007724776806523649,0.001436396363893597,0.0014841422192364562,0.0016117995587847326,0.0016173280262454844,0.0017278973754605263,0.0016766334044608245,0.0009689895694845532,0.0005262095846734066,0.0001467556816854218,0.0009137048948770331,0.000408101416193702,0.00045031880407581104,0.0010644812801702715,0.002273707890222054,0.0022355112059477666,0.0016726127008530062,0.001327334778531487,0.000707643834976273,0.00044830845227189844,0.0010413622344253096,0.0009116945430731223,0.00017942389849895726,0.000657887627829503,0.0009709999212884641,0.0003910134258604675,0.001647985891255109,0.0006086340086337121,0.0008564098684656022,0.000806653661318834,0.0007116645385840913,0.00048047408113445836,0.0006789963217705558,0.0004749456136737065,0.00038699272225264925,0.0011484134679835088,0.0005950641339573202,0.0007001050157116086,0.0037231715408410655,0.0030135173540608833,0.002052066603840993,0.0027486535038957587,--,--,--
44,0.0010946365572289205,0.0003050708862433228,0.0010147250730235032,0.0009539119309552296,0.0016841722237254872,0.0021229315049288155,0.0016288875491179654,0.0008523891648577822,0.0009820568562099678,0.0005111319461440812,0.00041865576316423014,0.0006845247892313076,0.000548323454516414,0.0003930237776643801,0.0005513389822222811,0.0014916810385011189,0.0004312204619386674,0.0010031655501510223,0.0018656064740283518,0.000707643834976273,0.001022263892288166,0.0008488710492009395,0.0008830470298674068,0.0007438301674466477,0.0008428399937892104,0.0009936163790824504,0.00017942389849895726,0.0007227214735055949,0.0005910434303494985,0.000877518562406655,0.002784839836366137,0.001996781929233471,0.0009498912273474096,0.0009001350202006413,0.0004844947847422766,0.0007247318253095041,0.00023370339720452105,0.000374930611429191,0.0004045833005368593,0.0005035931268794203,0.0005910434303494985,0.001281599274992537,0.002990900896266897,0.0017299077272644372,0.0008126847167305613,0.0004176505872622756,0.0009041557238084613,0.0006292401146237858,0.00029552171517474926,0.00204854848818415,0.0006830170253783775,0.0018806841125576755,0.0008679693913380832,0.0021455479627228,0.002092273639919189,0.0036698972180374528,0.0007287525289173258,0.0011579626390520806,0.0026416022703375595,0.000408101416193702,0.00046539644260513297,0.00011459005282286189,0.0005342509918890466,0.0006714575025058948,0.001594711568451498,0.0007021153675155212,0.0015585252359811216,0.002464188723642513,0.0009936163790824504,0.0007764983842601832,0.0007629285095837914,0.0007287525289173258,0.00038347460659580654,0.0001050408817542918,0.00042518940652693654,0.000590540842398523,0.0008543995166616913,0.0023229615094178466,0.001022263892288166,0.0009443627598866577,0.0007589078059759731,0.0007935863745934177,0.0011177556029738842,0.00039000824995851294,0.0007533793385152213,0.00025732503090046197,0.000566416620751603,0.0014801215156286362,0.0013218063110707352,0.0004407696330072375,0.0015409346576969098,0.0027446328002879404,0.0021284599723895674,0.0009820568562099678,0.0003357287512529457,0.0005533493340261902,0.0006026029532219812,0.00048650513654618574,0.0005302302882812249,0.0012187757811203542,0.0015811416937751063,0.0015258570191675862,0.00180077262835226,0.00035683744519400193,0.001070009747631025,0.0016499962430590199,0.0011921386197185479,0.0004045833005368593,0.00043875928120332836,0.0015600329998340535,0.0007875553191816903,0.0009041557238084613,0.0010187457766313232,0.0023501012587706285,0.0009498912273474096,0.0014745930481678843,0.0005438001629576167,0.0010584502247585423,0.0010679993958271142,0.0007684569770445467,0.000449313628173853,0.00015178156119519462,0.0001879678936655728,0.00020957917555760458,0.000873497858798835,0.0016022503877161608,0.0018635961222244427,0.001232345655796746,0.001991253461772719,0.0010966469090328296,0.0011137348993660642,0.00046338609080122384,0.00011056934921504363,5.2269146901658126e-05,0.0007227214735055949,0.0012986872653257715,0.0008297727070637959,0.0004920336040069376,0.0008393218781323694,0.0016746230526569154,0.0017872027536758681,0.0012207861329242634,0.00160426073952007,0.0013620133471489316,0.0005035931268794203,0.0004397644571052829,0.0007764983842601832,0.0003678943801155056,0.0007589078059759731,0.0012187757811203542,0.0015489760649125498,0.0037784562154485855,0.0009498912273474096,0.0020867451724584374,0.0005342509918890466,0.0007478508710544694,0.0011519315836403515,0.0005196759413107002,0.0007860475553287567,0.0001849523659597091,0.0008182131841913132,0.0006448203411040902,0.0011484134679835088,0.000980549092357036,0.0015524941805693908,0.0014077488506878816,0.00037694096323310014,0.0006810066735744649,0.0003890030740565584,0.001535406190236158,0.00022867751769474823,0.000749358634907403,0.0007574000421230395,0.0010091966055627514,0.00204452778457633,0.0017831820500680481,0.000919233362337785,0.001478111163824727,0.000707643834976273,0.0005739554400162675,0.0003814642547918974,0.00012564698774436556,0.00030708123804723195,0.00026536643811610194,0.00046338609080122384,0.002273707890222054,0.0020827244688506174,0.0018063010958130118,0.0011634911065128324,0.0008946065527398895,0.00021912834662617467,0.00039654189332121934,0.0001814342503028664,0.00024124221646918548,0.00028044407664542734,0.00016786437562647458,0.00017942389849895726,0.0008564098684656022,0.0010870977379642578,0.0019073212739594819,0.0016097892069808217,0.0015680744070496935,0.0019223989124888055,0.0008584202202695113,0.0013620133471489316,0.0013047183207375006,0.0016439651876472908,0.0007342809963780776,0.0005473182786144594,0.0008870677334752268,0.0024335308586328885,0.0019168704450280537,0.001535406190236158,0.0014208161374132961,0.0015524941805693908,0.0014590128216875834,0.0008905858491320695,0.0003146200573118929,0.0003699047319194147,0.001065989044023205,0.0009157152466809423,0.0008508814010048486,0.0028154977013757614,0.0018615857704205319,0.0018691245896851946,0.001493691390305028,0.0009116945430731223,0.0006830170253783775,0.0008051458974659004,0.0005397794593497984,0.0011499212318364423,0.0008795289142105658,0.0010946365572289205,0.0008353011745245477,0.0028456529784344105,0.0023345210322903275,0.00044830845227189844,0.0009725076851413959,0.0006407996374962685,0.0005302302882812249,0.0004015677728309956,0.0013006976171296807,0.0004900232522030284,0.0005608881532908512,0.001386640156746827,0.002571239957200714,0.0006407996374962685,0.0023405520877020566,0.0014057384988839707,0.0006885454928391294,0.001224304248581106,0.0006865351410352168,0.0020229165026842983,0.00018696271776361822,0.00046338609080122384,0.0005779761436240857,0.0010071862537588405,0.00015278673709714918,0.0038297201864482874,0.001808311447616921,0.002351609022623562,0.0010262845958959842,0.0016057685033730035,0.0001085589974111345,0.0008106743649266522,0.0005493286304183685,0.0001829420141557965,0.0008885754973281586,0.002319443393761004,0.0014610231734914925,0.0005855149628887467,0.001024274244092075,0.001278081159335696,0.000665426447094164,0.0024832870657796567,0.0014761008120208162,0.00024023704056722744,0.00045182656792874115,0.00035834520904693204,0.0006277323507708557,0.00024425774417504917,0.0009996474344941796,0.0026571824968178604,0.0022199309794674656,0.0009116945430731223,0.00025380691524361926,0.0003814642547918974,0.0006352711700355167,0.0003050708862433228,0.00037191508372332385,0.000299542418782571,0.0008202235359952258,0.0010604605765624532,0.0004538369197326503,0.0014017177952761525,0.0019776835870963273,0.004287577809788759,0.0019681344160277555,0.0009860775598177877,0.0014761008120208162,0.0002281749297437692,0.001129315125846365,0.0013524641760803598,0.0010393518826213987,0.0005015827750755111,0.0018349486090187273,0.0019093316257633927,0.0011655014583167433,0.0007895656709855994,0.0010453829380331278,0.00179273122113662,0.0008976220804457532,0.0011006676126406496,0.0016248668455101471,0.000823741651652065,0.0016153176744415753,0.00194752831003768,0.0009478808755435005,0.002525504453661764,0.0015756132263143544,0.0015524941805693908,0.0010147250730235032,0.0012418948268653179,0.000506608654585284,0.00034879603797836195,0.00022515940203790552,0.00022867751769474823,0.0016861825755293963,0.0012454129425221606,0.0023822668876331866,0.0013600029953450225,0.001436396363893597,0.0010031655501510223,0.0003432675705176101,0.00042518940652693654,0.0008584202202695113,0.0013047183207375006,5.830020231338551e-05,0.0008011251938580821,0.0009041557238084613,0.0004312204619386674,0.0014343860120896862,0.0016499962430590199,0.001840477076479479,0.0020294501460470064,0.0011423824125717796,0.0018786737607537664,0.0004875103124481403,0.0003930237776643801,0.000556867449683033,0.0007056334831723604,0.0007192033578487522,0.0010549321091016996,0.0006026029532219812,0.0006810066735744649,0.002864751320571554,0.0024450903815053694,0.0028154977013757614,0.002468209427250333,0.0008051458974659004,0.00017741354669504467,0.00014223239012662453,0.0004462981004679893,0.0008031355456619912,0.0003794539029879883,0.0010911184415720778,0.0009996474344941796,0.0005186707654087457,0.0012951691496689288,0.0011941489715224587,0.00037191508372332385,0.00038699272225264925,0.0010298027115528269,0.0006905558446430385,0.00017188507923429283,0.0004407696330072375,0.0006468306929079994,0.0015142974962951035,0.0019244092642927164,0.0016746230526569154,0.0010644812801702715,0.0006940739602998812,0.0011675118101206524,0.001342915005011788,0.0003643762644586629,0.0007212137096526648,0.0005463131027125048,0.00023269822130256648,0.0007227214735055949,0.00035834520904693204,0.0011956567353753906,0.0012971795014728397,0.0009172230105338741,0.0010720200994349342,0.0009539119309552296,0.0004558472715365629,0.00033371839944903656,0.001134843593307117,0.000616172827898373,0.0015575200600791653,0.0010011551983471114,0.001020253540484255,0.0019033005703516619,0.00219530416986957,0.002519473398250035,0.0014630335252954017,0.0014172980217564534,0.0002281749297437692,0.0002899932477139974,0.0002879828959100883,0.0002729052573807629,0.0008011251938580821,0.0015067586770304425,0.000299542418782571,0.0011675118101206524,0.0014534843542268298,0.0020410096689194874,0.0013539719399332916,0.002163138541007012,0.0004709249100658848,0.0003357287512529457,0.00016233590816572274,0.00032215887657655734,0.001012714721219594,0.0007875553191816903,0.0011976670871793015,0.000616172827898373,0.0020676468303212937,0.0018615857704205319,0.0009478808755435005,0.00020003000448903102,0.0013921686242075806,0.000457857623340472,0.001150926407738397,0.0003930237776643801,0.0010031655501510223,0.0008428399937892104,0.0005950641339573202,0.0007764983842601832,0.0022430500252124293,0.0014343860120896862,0.0019741654714394846,0.000919233362337785,0.00041212211980152375,0.00033020028379219385,0.0003774435511840757,0.0003397494548607674,0.0009116945430731223,0.001327334778531487,0.0013047183207375006,0.00021359987916542283,0.0011102167837092215,0.001386640156746827,0.0014876603348932989,0.0016786437562647354,0.00041413247160543287,0.0009574300466120723,0.0006247168230649885,0.0005654114448496485,0.0007458405192505603,0.0012358637714535887,0.0010644812801702715,0.0016077788551769126,0.0015695821709026253,0.0017545345368623327,0.0015776235781182653,0.0009669792176806441,0.000515152649751903,0.00015379191299910375,0.0009353161767690632,0.0004025729487329502,0.00042167129087009383,0.0010011551983471114,0.0019857249943119673,0.002101822810987761,0.0015660640552457826,0.001285619978600357,0.0006970894880057449,0.00044227739686017106,0.0010584502247585423,0.000907171251514325,0.00020003000448903102,0.000673467854309804,0.0009287825334063568,0.0002899932477139974,0.0013715625182175034,0.0005131422979479938,0.0006543695121726603,0.0007574000421230395,0.000665426447094164,0.0004538369197326503,0.0006714575025058948,0.0004749456136737065,0.0003950341294682892,0.0010690045717290687,0.0005779761436240857,0.0005814942592809284,0.0029642637348650924,0.002826554636297267,0.0018158502668815836,0.0026380841546807168,--,--,--
45,0.0010870977379642578,0.0003030605344394137,0.0009916060272785396,0.0009348135888180859,0.0017052809176665417,0.0020199009749784346,0.001430365308481868,0.0008488710492009395,0.0009363213526710178,0.00048650513654618574,0.00044529292456603475,0.000657887627829503,0.0005322406400851375,0.0004312204619386674,0.0005206811172126548,0.001443935183158258,0.000408101416193702,0.0005588778014869421,0.0014705723445600644,0.0006181831797022821,0.0010529217572977905,0.0008584202202695113,0.000877518562406655,0.0007171930060448431,0.0008413322299362785,0.0010378441187684669,0.00018696271776361822,0.0007478508710544694,0.0005779761436240857,0.0006925661964469476,0.0026627109642786122,0.0017052809176665417,0.0009363213526710178,0.0008714875069949259,0.0005704373243594248,0.0007247318253095041,0.00021862575867519912,0.0004045833005368593,0.000415640235458363,0.000499572423271602,0.0005417898111537076,0.0008051458974659004,0.002715985287082223,0.0016424574237943572,0.000806653661318834,0.0004327282257915975,0.000877518562406655,0.0006789963217705558,0.00032065111272362376,0.0019339584353612882,0.0007212137096526648,0.0020983046953309183,0.000816202832387404,0.0019776835870963273,0.0019399894907730173,0.003597021965145721,0.0007171930060448431,0.0011941489715224587,0.0026531617932100404,0.00043222563784062196,0.0004613757389973147,0.00013368839496000554,0.0005342509918890466,0.0006940739602998812,0.0015504838287654817,0.000616172827898373,0.0012207861329242634,0.002582799480073195,0.0009725076851413959,0.0008126847167305613,0.0007724776806523649,0.0007362913481819867,0.0003890030740565584,0.0001030305299503792,0.00044227739686017106,0.0005885304905946138,0.0006312504664276984,0.0021741954759285156,0.0007574000421230395,0.0008870677334752268,0.0006940739602998812,0.0006925661964469476,0.0011499212318364423,0.0003814642547918974,0.0007398094638388295,0.000249786211635801,0.0005875253146926593,0.0015163078480990144,0.0011634911065128324,0.0003814642547918974,0.0013162778436099833,0.002616975460739664,0.0021932938180656593,0.001022263892288166,0.0002899932477139974,0.0005704373243594248,0.0006352711700355167,0.0005533493340261902,0.0005342509918890466,0.0011921386197185479,0.0016057685033730035,0.0015640537034418735,0.0014419248313543489,0.00033371839944903656,0.0009458705237395913,0.0017243792598036854,0.0011579626390520806,0.00040056259692904106,0.0004407696330072375,0.0015047483252265317,0.0008332908227206386,0.0009137048948770331,0.0010051759019549314,0.0020676468303212937,0.0008141924805834949,0.0015238466673636753,0.0005166604136048365,0.0010870977379642578,0.0010720200994349342,0.0007533793385152213,0.000457857623340472,0.00015379191299910375,0.00018394719005775106,0.0001849523659597091,0.0008051458974659004,0.0013197959592668243,0.0016881929273333072,0.0011710299257774951,0.0020636261267134737,0.0011499212318364423,0.0010529217572977905,0.0005035931268794203,0.0001050408817542918,5.5284674607521817e-05,0.0007574000421230395,0.0013504538242764506,0.0007533793385152213,0.00041413247160543287,0.0006448203411040902,0.001535406190236158,0.0019626059485670037,0.0012494336461299788,0.0015504838287654817,0.001358997819443068,0.00045031880407581104,0.00043574375349746466,0.0008031355456619912,0.0003910134258604675,0.0007307628807212349,0.0009880879116216969,0.0011026779644445605,0.0039232015453300965,0.0008332908227206386,0.0020239216785862546,0.0005397794593497984,0.0007418198156427386,0.0011675118101206524,0.0005387742834478439,0.0008297727070637959,0.00017540319489113554,0.0007458405192505603,0.0006121521242905548,0.0011559522872481715,0.0008850573816713177,0.0015333958384322471,0.0014685619927561552,0.0003930237776643801,0.0007192033578487522,0.00040056259692904106,0.0015504838287654817,0.0002432525682730946,0.0007840372035248476,0.0007267421771134167,0.0007478508710544694,0.001640447071990448,0.0017108093851272935,0.0008810366780634977,0.0013750806338743461,0.0007247318253095041,0.0005799864954279949,0.0003794539029879883,0.0001447453298815092,0.0002985372428806164,0.00023822668876331832,0.00041212211980152375,0.0019796939389002365,0.001844497780087299,0.0016117995587847326,0.0011559522872481715,0.0009021453720045505,0.00021912834662617467,0.000408101416193702,0.00019098342137143648,0.0002633560863121928,0.0002899932477139974,0.00015077638529324006,0.00016786437562647458,0.0007001050157116086,0.0007056334831723604,0.0017052809176665417,0.0017319180790683463,0.0015278673709714953,0.001886212580018429,0.0007971044902502604,0.0012720501039239652,0.0013539719399332916,0.001588680513039769,0.0007212137096526648,0.0005493286304183685,0.0007398094638388295,0.0019399894907730173,0.0018158502668815836,0.0014876603348932989,0.0013981996796193098,0.00160024003591225,0.0014077488506878816,0.0008508814010048486,0.0003397494548607674,0.0003930237776643801,0.0009840672080138786,0.0007780061481131167,0.0007574000421230395,0.0026476333257492886,0.0018138399150776727,0.0019244092642927164,0.001432375660285777,0.0009363213526710178,0.0006830170253783775,0.0007669492131916131,0.0005282199364773157,0.0012227964847281742,0.0008488710492009395,0.0009689895694845532,0.0006026029532219812,0.0024259920393682258,0.001895761751087001,0.0003774435511840757,0.0009725076851413959,0.0006448203411040902,0.0005166604136048365,0.0004091065920956566,0.0012876303304042679,0.0005322406400851375,0.0005493286304183685,0.0014002100314232189,0.002582799480073195,0.00042368164267400296,0.00210383316279167,0.0013675418146096834,0.0007171930060448431,0.0013177856074629152,0.0006960843121037903,0.0019701447678316646,0.00018997824546948192,0.00045986797514438113,0.0005417898111537076,0.0009287825334063568,0.00012966769135218728,0.0034673542737935353,0.0015565148841772108,0.002424484275515294,0.0010298027115528269,0.0017087990333233827,0.0001050408817542918,0.0007684569770445467,0.0005322406400851375,0.00017741354669504467,0.0008925962009359786,0.002414935104446722,0.0013102467881982525,0.0003910134258604675,0.0008126847167305613,0.0013539719399332916,0.0007171930060448431,0.0024586602561817612,0.001590690864843678,0.0002477758598318919,0.0004729352618697939,0.0003281899319882847,0.0005990848375651385,0.0002367189249103882,0.0008031355456619912,0.0021324806759973874,0.0019379791389691082,0.0009348135888180859,0.000249786211635801,0.0003814642547918974,0.0007192033578487522,0.00032065111272362376,0.00041413247160543287,0.00029552171517474926,0.0008523891648577822,0.0010147250730235032,0.000366386616262572,0.0010051759019549314,0.0018158502668815836,0.004154392002779731,0.0020847348206545265,0.0010147250730235032,0.0014650438770993125,0.00018595754186166366,0.0010468907018860614,0.001430365308481868,0.0011519315836403515,0.0004749456136737065,0.0015715925227065344,0.0017148300887351135,0.0011710299257774951,0.0006217012953591249,0.0010720200994349342,0.0018063010958130118,0.000865959039534174,0.0010529217572977905,0.00160024003591225,0.0007684569770445467,0.001647985891255109,0.00194350760642986,0.0007418198156427386,0.0023898057068978493,0.0014077488506878816,0.001546965713108639,0.001024274244092075,0.0011956567353753906,0.000540784635251753,0.0003643762644586629,0.00021359987916542283,0.0001985222406361009,0.001693721394794059,0.001216765429316445,0.0022375215577516774,0.0011770609811892242,0.0013811116892860752,0.0009116945430731223,0.0003774435511840757,0.00043473857759550663,0.0007991148420541695,0.0012494336461299788,6.282349387218278e-05,0.0007724776806523649,0.0008925962009359786,0.000408101416193702,0.0012760708075317852,0.0014112669663447243,0.0017776535826072963,0.0020771960013898656,0.0011594704029050142,0.0017851924018719573,0.00047695596547761565,0.00040056259692904106,0.0005453079268105503,0.0006789963217705558,0.0007398094638388295,0.0010604605765624532,0.0004292101101347548,0.0005608881532908512,0.0027406120966801204,0.0024430800297014603,0.002729555161758615,0.002523494101857855,0.000831783058867705,0.00015932038045985558,0.0001382116865188028,0.0004462981004679893,0.0007800164999170259,0.0003508063897822711,0.0008714875069949259,0.0007227214735055949,0.00042368164267400296,0.001216765429316445,0.001169019573973586,0.0003528167415861802,0.00033371839944903656,0.0009725076851413959,0.0007533793385152213,0.00017942389849895726,0.0004442877486640802,0.0006181831797022821,0.0011499212318364423,0.0012951691496689288,0.0016595454141275917,0.0008870677334752268,0.0006407996374962685,0.0010679993958271142,0.0014650438770993125,0.00035683744519400193,0.0006493436326628875,0.0005634010930457393,0.00022716975384181465,0.0005930537821534111,0.0003050708862433228,0.0011137348993660642,0.0011197659547777933,0.0008946065527398895,0.0010891080897681687,0.0009172230105338741,0.00046338609080122384,0.0003432675705176101,0.0011102167837092215,0.0006483384567609295,0.00160426073952007,0.0008850573816713177,0.000831783058867705,0.001697742098401879,0.0017681044115387245,0.0025385717403871785,0.001485649983089388,0.0013941789760114898,0.0002146050550673774,0.0002975320669786584,0.00030708123804723195,0.0002744130212336965,0.0007533793385152213,0.0014534843542268298,0.00019651188883218831,0.0009574300466120723,0.001428354956677957,0.002058097659252722,0.0013122571400021633,0.0021359987916542283,0.00045182656792874115,0.0003759357873311456,0.00016585402382256545,0.00033020028379219385,0.0010529217572977905,0.0007589078059759731,0.0009709999212884641,0.00042518940652693654,0.0018997824546948192,0.0018595754186166227,0.0009840672080138786,0.0002281749297437692,0.0014228264892172052,0.000457857623340472,0.0010669942199251596,0.000415640235458363,0.0009614507502198923,0.0008468606973970304,0.000515152649751903,0.000665426447094164,0.0022867751769474684,0.0012931587978650197,0.0019892431099688083,0.0009076738394653023,0.0003643762644586629,0.0003377391030568583,0.000373925435527233,0.00034527792232151924,0.0007971044902502604,0.0011157452511699733,0.0011197659547777933,0.0001432375660285791,0.0008543995166616913,0.0011252944222385451,0.001478111163824727,0.0016610531779805236,0.00041011176799761115,0.0009634611020238014,0.0006096391845356666,0.0005548570978791238,0.0007212137096526648,0.0010338234151606469,0.0006483384567609295,0.00160426073952007,0.0015203285517068343,0.0017851924018719573,0.0014761008120208162,0.000964968865876735,0.0005035931268794203,0.00015932038045985558,0.0009564248707101177,0.00039654189332121934,0.0003910134258604675,0.0009383317044749286,0.0016992498622548109,0.0019666266521748237,0.0014610231734914925,0.0012418948268653179,0.0006875403169371748,0.00043875928120332836,0.0010755382150917769,0.0009021453720045505,0.0002211386984300838,0.0006885454928391294,0.0008850573816713177,0.00018897306956752735,0.0010946365572289205,0.0004176505872622756,0.00045182656792874115,0.0007096541867801821,0.0006196909435552157,0.00042518940652693654,0.0006639186832412339,0.0004749456136737065,0.0004025729487329502,0.0009900982634256077,0.0005608881532908512,0.0004613757389973147,0.002204853340938142,0.0026395919185336486,0.0015831520455790171,0.0025270122175146976,--,--,--
46,0.0011785687450421578,0.00032065111272362376,0.0010489010536899705,0.0009689895694845532,0.0017490060694015808,0.001960595596763093,0.0013464331206686306,0.0008885754973281586,0.0009860775598177877,0.00048650513654618574,0.0004950491317128047,0.0006503488085648421,0.0005236966449185185,0.00048047408113445836,0.0005262095846734066,0.001493691390305028,0.000408101416193702,0.0003432675705176101,0.0012931587978650197,0.0006066236568298029,0.001138864296914937,0.000877518562406655,0.0009443627598866577,0.0007096541867801821,0.0009172230105338741,0.0011579626390520806,0.000208071411704671,0.0008106743649266522,0.0005910434303494985,0.0005684269725555122,0.002725534458150795,0.0015545045323733016,0.0009765283887492159,0.0009423524080827486,0.0006639186832412339,0.0008126847167305613,0.00023169304540061192,0.00043373340169355207,0.00043875928120332836,0.0005282199364773157,0.0005056034786833294,0.0006257219989669466,0.002674270487151095,0.0016308979009218762,0.0008755082106027458,0.00044830845227189844,0.0008966169045437986,0.0007513689867113121,0.00036035556085084464,0.0019379791389691082,0.0007915760227895086,0.0023747280683685257,0.0007955967263973268,0.001955067129302341,0.0018656064740283518,0.0036734153336942955,0.000774488032456274,0.0013122571400021633,0.0028059485303071896,0.0004789663172815248,0.0004749456136737065,0.00015429450095008276,0.0005644062689476939,0.0007438301674466477,0.0016499962430590199,0.0005342509918890466,0.0010850873861603487,0.002819015817032604,0.0010051759019549314,0.0008373115263284568,0.0007840372035248476,0.0007724776806523649,0.00042167129087009383,0.00010102017814647007,0.000499572423271602,0.0006036081291239358,0.0005186707654087457,0.0021264496205856565,0.0006428099893001776,0.0009116945430731223,0.0007021153675155212,0.000665426447094164,0.0012695371641690788,0.0003930237776643801,0.0007875553191816903,0.000249786211635801,0.000616172827898373,0.0016173280262454844,0.0010433725862292187,0.0003699047319194147,0.0013047183207375006,0.002666229079935455,0.002452629200770032,0.0010755382150917769,0.000249786211635801,0.0006141624760944639,0.0007036231313684513,0.000623711647163034,0.000556867449683033,0.0012514439979338897,0.001689700691186239,0.0017243792598036854,0.0012092266100517824,0.0003357287512529457,0.0008981246683967305,0.0018635961222244427,0.0012147550775125342,0.0004045833005368593,0.00045031880407581104,0.0015258570191675862,0.0009041557238084613,0.0010071862537588405,0.0010529217572977905,0.001808311447616921,0.0007684569770445467,0.001594711568451498,0.0005035931268794203,0.0011976670871793015,0.0011177556029738842,0.000774488032456274,0.0004759507895756611,0.00016585402382256545,0.00018897306956752735,0.00017188507923429283,0.0007704673288484558,0.0011710299257774951,0.0016726127008530062,0.001216765429316445,0.0022676768348103248,0.001224304248581106,0.0010679993958271142,0.0005578726255849875,9.800465044060638e-05,5.930537821534007e-05,0.0008332908227206386,0.0014554947060307407,0.000774488032456274,0.0003357287512529457,0.000566416620751603,0.001531385486628338,0.002210381808398894,0.0012911484460611088,0.00160426073952007,0.0014193083735603625,0.0004407696330072375,0.000457857623340472,0.0008468606973970304,0.0004327282257915975,0.0007383016999858959,0.0008182131841913132,0.0008543995166616913,0.004116195318505444,0.0007840372035248476,0.002099812459183852,0.0005930537821534111,0.0007895656709855994,0.0012625009328553934,0.0005694321484574702,0.0009001350202006413,0.0001698747274303837,0.0006865351410352168,0.000623711647163034,0.0012705423400710333,0.000869979743141994,0.001594711568451498,0.0016213487298533044,0.00045182656792874115,0.0007609181577798822,0.00043473857759550663,0.0016268771973140563,0.00026888455377294465,0.0008714875069949259,0.0007267421771134167,0.0005513389822222811,0.001436396363893597,0.0017545345368623327,0.0009157152466809423,0.0013715625182175034,0.0007684569770445467,0.0006121521242905548,0.00040508588848783833,0.00016585402382256545,0.0002965268910767038,0.00022867751769474823,0.00041011176799761115,0.0017736328789994763,0.0017756432308033854,0.0016117995587847326,0.0011956567353753906,0.0009498912273474096,0.0002347085731064756,0.00042368164267400296,0.000208071411704671,0.0002965268910767038,0.0003015527705864801,0.00014876603348933093,0.00017188507923429283,0.0006714575025058948,0.0005262095846734066,0.0016459755394512,0.0019666266521748237,0.0015238466673636753,0.0019284299679005364,0.0007589078059759731,0.0012705423400710333,0.0014474532988151007,0.0016535143587158626,0.0007875553191816903,0.0005875253146926593,0.0006810066735744649,0.0017912234572836881,0.0017052809176665417,0.0014610231734914925,0.0014650438770993125,0.0017681044115387245,0.0014554947060307407,0.0008810366780634977,0.0003678943801155056,0.000415640235458363,0.0009539119309552296,0.0007171930060448431,0.0007438301674466477,0.002614965108935753,0.0018178606186854927,0.0020792063531937747,0.0014705723445600644,0.0010298027115528269,0.0007096541867801821,0.0008051458974659004,0.0005513389822222811,0.0013539719399332916,0.0008488710492009395,0.0009539119309552296,0.00043473857759550663,0.0021249418567327247,0.0017128197369312027,0.00035834520904693204,0.0010489010536899705,0.0006428099893001776,0.0004824844329383675,0.00043222563784062196,0.0013559822917372025,0.0006277323507708557,0.0005513389822222811,0.0015258570191675862,0.0025787787764653767,0.00032416922838046647,0.002092273639919189,0.0013941789760114898,0.000774488032456274,0.001436396363893597,0.0007574000421230395,0.0020465381363802392,0.00020606105990076187,0.0004950491317128047,0.0005533493340261902,0.0008810366780634977,0.00013368839496000554,0.003375883266715637,0.0014916810385011189,0.0025998874704064295,0.0010795589186995969,0.0019264196160966255,0.00011257970101895276,0.0007860475553287567,0.0005438001629576167,0.00017540319489113554,0.0008981246683967305,0.0026054159378671813,0.0012876303304042679,0.0002477758598318919,0.0007342809963780776,0.0015107793806382625,0.000816202832387404,0.0025541519668674795,0.0017545345368623327,0.0002744130212336965,0.0005262095846734066,0.0003377391030568583,0.0005895356664965684,0.0002477758598318919,0.0007131723024370248,0.001957077481106252,0.001886212580018429,0.0010298027115528269,0.00025581726704753185,0.0003890030740565584,0.0008141924805834949,0.0003508063897822711,0.0004442877486640802,0.00030708123804723195,0.0008966169045437986,0.001022263892288166,0.00032416922838046647,0.000877518562406655,0.0017831820500680481,0.004337334016935528,0.002262148367349573,0.0010931287933759887,0.0015791313419711971,0.00016133073226376818,0.0010433725862292187,0.001546965713108639,0.0012931587978650197,0.0004709249100658848,0.0015866701612358598,0.0016650738815883435,0.0012338534196496779,0.0005724476761633339,0.0011976670871793015,0.0018656064740283518,0.0008870677334752268,0.001074030451238845,0.001697742098401879,0.000806653661318834,0.0016957317465979699,0.0021440401988698683,0.0006468306929079994,0.002418453220103565,0.001274060455727876,0.001693721394794059,0.0010795589186995969,0.0012665216364632133,0.0006101417724866422,0.0003930237776643801,0.00021359987916542283,0.00019098342137143648,0.001808311447616921,0.001239884475061407,0.002266169070957393,0.0011996774389832106,0.0013826194531390088,0.0009383317044749286,0.0004558472715365629,0.0004709249100658848,0.0007704673288484558,0.0012494336461299788,7.237266494075634e-05,0.0007991148420541695,0.0009096841912692132,0.0003814642547918974,0.001216765429316445,0.0013162778436099833,0.0018063010958130118,0.0022907958805552884,0.0011956567353753906,0.00185605730295978,0.00047394043777175196,0.0004196609390661847,0.0005438001629576167,0.0007021153675155212,0.0007885604950836449,0.001129315125846365,0.00038347460659580654,0.0005302302882812249,0.0027330732774154577,0.0025330432729264267,0.002826554636297267,0.0028134873495718523,0.0008885754973281586,0.00015178156119519462,0.00014575050578346377,0.0004694171462129547,0.0007553896903191304,0.00035683744519400193,0.0007513689867113121,0.0005814942592809284,0.000366386616262572,0.0012474232943260697,0.0012147550775125342,0.00034879603797836195,0.00031864076091971463,0.0009725076851413959,0.0008332908227206386,0.00020003000448903102,0.0004980646594186684,0.0006619083314373213,0.0008011251938580821,0.0009348135888180859,0.0016766334044608245,0.0007991148420541695,0.0006292401146237858,0.0010564398729546332,0.0016786437562647354,0.0003794539029879883,0.0006036081291239358,0.0005960693098592748,0.0002231490502339964,0.0005111319461440812,0.0003015527705864801,0.001065989044023205,0.0010644812801702715,0.0009001350202006413,0.001129315125846365,0.0009307928852102659,0.0005226914690165639,0.000366386616262572,0.0011499212318364423,0.000715182654240934,0.0017459905416957154,0.0007991148420541695,0.0007287525289173258,0.0016575350623236808,0.0014665516409522444,0.0027446328002879404,0.001636426368382628,0.0014514740024229207,0.00022013352252812923,0.00030708123804723195,0.00034527792232151924,0.0003030605344394137,0.0007684569770445467,0.0014876603348932989,0.00015429450095008276,0.000831783058867705,0.0015163078480990144,0.00219932487347739,0.0013600029953450225,0.0022772260058788966,0.00042518940652693654,0.00042719975833084567,0.0001698747274303837,0.0003528167415861802,0.0011006676126406496,0.0007669492131916131,0.0008795289142105658,0.00032416922838046647,0.0018766634089498573,0.0019626059485670037,0.0010624709283663623,0.0002668742019690355,0.0015409346576969098,0.0004900232522030284,0.0010584502247585423,0.0004538369197326503,0.0010071862537588405,0.0009096841912692132,0.00047695596547761565,0.0006387892856923594,0.0023898057068978493,0.001232345655796746,0.0021093616302524237,0.0009614507502198923,0.0003377391030568583,0.00033371839944903656,0.00039855224512513193,0.00036236591265475376,0.0007800164999170259,0.0010393518826213987,0.0010318130633567377,0.00011056934921504363,0.0007629285095837914,0.0010338234151606469,0.001493691390305028,0.001735436194725189,0.00042167129087009383,0.0009996474344941796,0.0006543695121726603,0.000556867449683033,0.0007307628807212349,0.0009363213526710178,0.00034728827412542837,0.0016077788551769126,0.0016057685033730035,0.0018731452932930145,0.0015203285517068343,0.0010167354248274123,0.0005438001629576167,0.0001698747274303837,0.0009890930875236532,0.0003890030740565584,0.00038699272225264925,0.0009021453720045505,0.0015298777227754062,0.0019379791389691082,0.0014399144795504398,0.0012645112846593042,0.0007267421771134167,0.00043875928120332836,0.0011559522872481715,0.0009373265285729741,0.00024023704056722744,0.0007131723024370248,0.000873497858798835,0.0001447453298815092,0.0009363213526710178,0.00036236591265475376,0.0003678943801155056,0.0007955967263973268,0.0006141624760944639,0.0004613757389973147,0.0006845247892313076,0.0004920336040069376,0.0004060910643897929,0.000994621554984405,0.0005930537821534111,0.0004312204619386674,0.0018274097897540646,0.002624514280004325,0.0014459455349621689,0.002513944930789283,--,--,--
47,0.0013102467881982525,0.00035834520904693204,0.0011177556029738842,0.0010468907018860614,0.0018826944643615864,0.0021359987916542283,0.001430365308481868,0.0009765283887492159,0.0011122271355131323,0.0004980646594186684,0.0005417898111537076,0.0006407996374962685,0.0004970594835167139,0.0005131422979479938,0.0005588778014869421,0.0015565148841772108,0.0004196609390661847,0.0003814642547918974,0.0013826194531390088,0.0006749756181627375,0.0012207861329242634,0.0008810366780634977,0.0010584502247585423,0.0007438301674466477,0.0009916060272785396,0.001285619978600357,0.00022867751769474823,0.0009287825334063568,0.0006980946639076994,0.0006523591603687512,0.002832585691708996,0.0016595454141275917,0.0010755382150917769,0.0010393518826213987,0.0007780061481131167,0.0009307928852102659,0.00026536643811610194,0.0004694171462129547,0.0005035931268794203,0.0005970744857612294,0.0005704373243594248,0.0005875253146926593,0.002967781850521935,0.001739456898333009,0.0009634611020238014,0.0004900232522030284,0.0009498912273474096,0.000823741651652065,0.000408101416193702,0.0019339584353612882,0.0008564098684656022,0.0027446328002879404,0.0008584202202695113,0.0020028129846452,0.0020410096689194874,0.003948330942878969,0.000877518562406655,0.0014650438770993125,0.0029124971759144132,0.000533245815987092,0.0004885154883500983,0.00017540319489113554,0.0006141624760944639,0.0008031355456619912,0.001808311447616921,0.0005186707654087457,0.001182589448649976,0.003196961956167659,0.0011197659547777933,0.0008222338877991349,0.0007860475553287567,0.0008126847167305613,0.00045182656792874115,9.750206248962737e-05,0.0005608881532908512,0.0006820118494764195,0.0005131422979479938,0.0021782161795363356,0.000715182654240934,0.001024274244092075,0.0007669492131916131,0.0006503488085648421,0.001460017997589538,0.0004091065920956566,0.0008468606973970304,0.0002462680959789583,0.0006483384567609295,0.0017490060694015808,0.0010338234151606469,0.0004558472715365629,0.0014992198577657798,0.0027677518460329023,0.002759710438817264,0.001130822889699297,0.0002231490502339964,0.0006598979796334122,0.0007935863745934177,0.0006598979796334122,0.0005990848375651385,0.0012911484460611088,0.0018635961222244427,0.0019495386618415891,0.0012358637714535887,0.0003794539029879883,0.0009443627598866577,0.001959087832910161,0.001327334778531487,0.00042518940652693654,0.0004749456136737065,0.0015298777227754062,0.0009840672080138786,0.0010966469090328296,0.001123284070434636,0.0017545345368623327,0.0008051458974659004,0.0015736028745104453,0.000524701820820473,0.0013122571400021633,0.0011594704029050142,0.0008141924805834949,0.0004940439558108502,0.00018595754186166366,0.000208071411704671,0.00019249118522437006,0.0008584202202695113,0.0012052059064439624,0.001808311447616921,0.001327334778531487,0.002511934578985372,0.0012911484460611088,0.001123284070434636,0.0006096391845356666,9.348135888180911e-05,6.181831797022821e-05,0.0009137048948770331,0.00160024003591225,0.0008830470298674068,0.0003015527705864801,0.0006352711700355167,0.0016610531779805236,0.002460670607985672,0.0013449253568156988,0.0017299077272644372,0.0015002250336677344,0.000457857623340472,0.00048047408113445836,0.0008523891648577822,0.0004729352618697939,0.0007895656709855994,0.0009021453720045505,0.0009116945430731223,0.004287577809788759,0.0008795289142105658,0.0022219413312713748,0.0006885454928391294,0.0008488710492009395,0.0013941789760114898,0.0006015977773200266,0.0009348135888180859,0.00018696271776361822,0.000707643834976273,0.0006905558446430385,0.0015409346576969098,0.0009519015791513204,0.001689700691186239,0.001798762276548349,0.0005302302882812249,0.0007991148420541695,0.0004789663172815248,0.0017032705658626308,0.0003030605344394137,0.0009840672080138786,0.0007267421771134167,0.0005759657918201766,0.0014459455349621689,0.0018922436354301582,0.0011026779644445605,0.0014841422192364562,0.000831783058867705,0.0006387892856923594,0.0004462981004679893,0.00017841872259699923,0.00031864076091971463,0.000249786211635801,0.0004407696330072375,0.0019073212739594819,0.0018806841125576755,0.0018329382572148164,0.0012685319882671225,0.0010378441187684669,0.00026888455377294465,0.0004407696330072375,0.00023269822130256648,0.0003442727464195647,0.00031864076091971463,0.0001563048527539919,0.00020204035629294015,0.0007036231313684513,0.0004729352618697939,0.0017681044115387245,0.0023023554034277693,0.0015333958384322471,0.001957077481106252,0.0007342809963780776,0.0012760708075317852,0.0015409346576969098,0.0017374465465290981,0.0008755082106027458,0.0006905558446430385,0.0007895656709855994,0.002096294343527009,0.0016439651876472908,0.001489670686697208,0.0015680744070496935,0.001955067129302341,0.0014992198577657798,0.0009252644177495141,0.00039654189332121934,0.00042167129087009383,0.0009669792176806441,0.0007971044902502604,0.0007991148420541695,0.0027903683038268887,0.001987232758164899,0.00234608055516281,0.0015565148841772108,0.001127304774042456,0.0007212137096526648,0.000861938335926354,0.0005779761436240857,0.0014841422192364562,0.0008966169045437986,0.0010413622344253096,0.0004960543076147593,0.002052066603840993,0.0017892131054797773,0.0003950341294682892,0.001186610152257796,0.000623711647163034,0.00043875928120332836,0.0004694171462129547,0.0014459455349621689,0.0007629285095837914,0.0005990848375651385,0.0017223689079997745,0.002715985287082223,0.00034728827412542837,0.00219932487347739,0.0014268471928250252,0.0008468606973970304,0.0015203285517068343,0.000873497858798835,0.0021133823338602437,0.00022716975384181465,0.0005503338063203266,0.0006503488085648421,0.000873497858798835,0.00016786437562647458,0.0036241617144985045,0.0016746230526569154,0.0028019278266993713,0.0011368539451110278,0.0021782161795363356,0.00012765733954827815,0.000816202832387404,0.0005739554400162675,0.0001814342503028664,0.0008925962009359786,0.0029145075277183224,0.001437904127746529,0.00025179656343971013,0.0008106743649266522,0.001739456898333009,0.0009614507502198923,0.002729555161758615,0.002006331100302043,0.00032416922838046647,0.0005704373243594248,0.00036035556085084464,0.0006372815218394258,0.0002899932477139974,0.0008448503455931195,0.0020771960013898656,0.0019399894907730173,0.0011710299257774951,0.0003015527705864801,0.000415640235458363,0.0009287825334063568,0.000408101416193702,0.00046338609080122384,0.00032416922838046647,0.0009096841912692132,0.0010489010536899705,0.00035482709339008933,0.000873497858798835,0.0018786737607537664,0.004684622291060956,0.002535053624730336,0.0011770609811892242,0.0017490060694015808,0.00015731002865594645,0.0010509114054938814,0.0016193383780493936,0.001436396363893597,0.000507111242536263,0.00183846672467557,0.0017872027536758681,0.0014193083735603625,0.0006558772760255939,0.0013675418146096834,0.0019113419775673018,0.0009126997189750786,0.0010870977379642578,0.0017872027536758681,0.0008885754973281586,0.0017625759440779726,0.002470219779054244,0.0006960843121037903,0.0025883279475339485,0.001232345655796746,0.0018922436354301582,0.001134843593307117,0.001373070282070437,0.0007011101916135631,0.00044227739686017106,0.00022515940203790552,0.00020405070809685275,0.001959087832910161,0.0012514439979338897,0.0023747280683685257,0.0013082364363943434,0.0015565148841772108,0.0010795589186995969,0.0005533493340261902,0.0005342509918890466,0.0007589078059759731,0.001274060455727876,9.448653478376368e-05,0.0008277623552598867,0.0009614507502198923,0.0004327282257915975,0.0012760708075317852,0.0013791013374821661,0.0020254294424391864,0.0025863175957300377,0.0012072162582478733,0.002000802632841291,0.00048650513654618574,0.0004538369197326503,0.0005473182786144594,0.0007669492131916131,0.0008820418539654522,0.0012434025907182497,0.0004060910643897929,0.000556867449683033,0.0028989273012380214,0.0026300427474650768,0.0029944190119237397,0.003181381729687358,0.0009287825334063568,0.00015932038045985558,0.00016786437562647458,0.0004920336040069376,0.0007574000421230395,0.000408101416193702,0.0008639486877302632,0.0005910434303494985,0.0003699047319194147,0.0014112669663447243,0.0012514439979338897,0.00036236591265475376,0.0003126097055079838,0.000980549092357036,0.0008850573816713177,0.0002231490502339964,0.0006121521242905548,0.0007267421771134167,0.0007362913481819867,0.0008870677334752268,0.0018193683825384263,0.0008086640131227431,0.0006448203411040902,0.0010946365572289205,0.0019796939389002365,0.00041413247160543287,0.0005960693098592748,0.0006418048133982231,0.00023269822130256648,0.0005473182786144594,0.0003111019416550502,0.0010870977379642578,0.0011102167837092215,0.0008795289142105658,0.001186610152257796,0.0009689895694845532,0.0006217012953591249,0.0003910134258604675,0.0011921386197185479,0.000816202832387404,0.00192742479199858,0.0008297727070637959,0.000749358634907403,0.0017831820500680481,0.0014630335252954017,0.0030652839130115624,0.0018711349414891037,0.0015791313419711971,0.00025079138753775557,0.0003015527705864801,0.0003910134258604675,0.00036035556085084464,0.0008393218781323694,0.001592701216647589,0.00022867751769474823,0.0008011251938580821,0.0016726127008530062,0.0024335308586328885,0.0014419248313543489,0.002414935104446722,0.00039654189332121934,0.00048047408113445836,0.0001849523659597091,0.000415640235458363,0.001169019573973586,0.0008393218781323694,0.0009709999212884641,0.00029351136337084013,0.002010351803909863,0.002157107485595283,0.001134843593307117,0.0003060760621452774,0.0016499962430590199,0.0005377691075458893,0.0011016727885426042,0.000499572423271602,0.0010720200994349342,0.000980549092357036,0.0005322406400851375,0.0006674367988980731,0.002603405586063272,0.0012971795014728397,0.002262148367349573,0.0010107043694156832,0.00033371839944903656,0.0003377391030568583,0.00043674892939941923,0.00041413247160543287,0.0007955967263973268,0.0011137348993660642,0.0011443927643756888,0.00011459005282286189,0.0007669492131916131,0.001070009747631025,0.0015183181999029235,0.0018595754186166227,0.00044227739686017106,0.0010509114054938814,0.0007428249915446931,0.0005618933291928058,0.0007875553191816903,0.0009252644177495141,0.00029351136337084013,0.00179675192474444,0.001844497780087299,0.0020410096689194874,0.0016077788551769126,0.0010911184415720778,0.0006428099893001776,0.0001914860093224155,0.001020253540484255,0.00038699272225264925,0.0004292101101347548,0.0009423524080827486,0.0016057685033730035,0.001991253461772719,0.0015107793806382625,0.0013539719399332916,0.0007971044902502604,0.00044227739686017106,0.0012760708075317852,0.0009539119309552296,0.00025732503090046197,0.0007589078059759731,0.0008639486877302632,0.00016384367201865285,0.0009307928852102659,0.00038347460659580654,0.00039855224512513193,0.000919233362337785,0.0006101417724866422,0.0005417898111537076,0.0007001050157116086,0.0005473182786144594,0.000415640235458363,0.0010368389428665123,0.0006558772760255939,0.00048650513654618574,0.00183846672467557,0.0028456529784344105,0.0014841422192364562,0.0025883279475339485,--,--,--
48,0.0014419248313543489,0.00039855224512513193,0.001186610152257796,0.001123284070434636,0.0020143725075176828,0.002311904574496341,0.0015142974962951035,0.0010624709283663623,0.0012378741232574979,0.0005091215943401721,0.0005875253146926593,0.0006312504664276984,0.0004694171462129547,0.0005473182786144594,0.0005930537821534111,0.0016173280262454844,0.0004312204619386674,0.0004196609390661847,0.0014705723445600644,0.0007438301674466477,0.0013006976171296807,0.0008870677334752268,0.0011730402775814042,0.0007780061481131167,0.001065989044023205,0.0014132773181486334,0.000249786211635801,0.0010453829380331278,0.0008031355456619912,0.0007383016999858959,0.002939134337316218,0.0017640837079309045,0.001175050629385315,0.001138864296914937,0.0008925962009359786,0.0010489010536899705,0.0002975320669786584,0.0005045983027813748,0.0005704373243594248,0.000665426447094164,0.0006372815218394258,0.0005493286304183685,0.0032617958018437507,0.0018480158957441418,0.0010509114054938814,0.0005302302882812249,0.0010031655501510223,0.0008946065527398895,0.0004538369197326503,0.0019304403197044455,0.0009212437141416941,0.0031145375322073534,0.0009212437141416941,0.00204854848818415,0.002216412863810623,0.004226764667720486,0.0009765283887492159,0.0016173280262454844,0.003021056173325546,0.0005875253146926593,0.000499572423271602,0.00019651188883218831,0.0006639186832412339,0.0008639486877302632,0.0019666266521748237,0.0005056034786833294,0.0012795889231886279,0.0035703848037439145,0.001232345655796746,0.000806653661318834,0.0007875553191816903,0.0008523891648577822,0.0004824844329383675,9.348135888180911e-05,0.0006217012953591249,0.0007609181577798822,0.0005056034786833294,0.0022314905023399466,0.0007875553191816903,0.001134843593307117,0.000831783058867705,0.0006372815218394258,0.0016510014189609745,0.000424184230624982,0.0009061660756123704,0.00024224739237114004,0.0006810066735744649,0.0018806841125576755,0.001024274244092075,0.0005417898111537076,0.001693721394794059,0.002868772024179374,0.0030667916768644943,0.001186610152257796,0.0001945015370282792,0.0007036231313684513,0.0008830470298674068,0.0006980946639076994,0.0006407996374962685,0.001331355482139307,0.0020389993171155783,0.0021741954759285156,0.0012665216364632133,0.00042518940652693654,0.0009916060272785396,0.002056087307448811,0.0014419248313543489,0.0004442877486640802,0.000499572423271602,0.0015333958384322471,0.0010624709283663623,0.001186610152257796,0.0011956567353753906,0.0017012602140587217,0.0008413322299362785,0.0015504838287654817,0.0005438001629576167,0.0014248368410211144,0.0012016877907871197,0.0008523891648577822,0.0005131422979479938,0.00020606105990076187,0.00022716975384181465,0.00021561023096933196,0.0009458705237395913,0.001239884475061407,0.0019455179582337691,0.0014419248313543489,0.0027561923231604214,0.0013559822917372025,0.0011785687450421578,0.0006619083314373213,8.845547937203282e-05,6.48338456760919e-05,0.0009956267308863596,0.0017449853657937608,0.0009900982634256077,0.0002668742019690355,0.0007056334831723604,0.001794741572940529,0.0027124671714253822,0.0014002100314232189,0.001854046951155871,0.0015801365178731517,0.0004749456136737065,0.0005035931268794203,0.0008564098684656022,0.0005131422979479938,0.0008428399937892104,0.0009880879116216969,0.0009725076851413959,0.004457452537219141,0.0009725076851413959,0.0023420598515549902,0.000782026851720935,0.0009076738394653023,0.0015238466673636753,0.0006342659941335621,0.0009669792176806441,0.00020204035629294015,0.0007287525289173258,0.0007574000421230395,0.0018158502668815836,0.0010338234151606469,0.0017892131054797773,0.0019761758232433955,0.0006086340086337121,0.0008373115263284568,0.000524701820820473,0.0017756432308033854,0.0003377391030568583,0.0010966469090328296,0.0007267421771134167,0.0005990848375651385,0.0014554947060307407,0.0020274397942430956,0.0012891380942571997,0.0015962193323044317,0.0008946065527398895,0.000665426447094164,0.0004875103124481403,0.0001914860093224155,0.00034025204281174296,0.0002708949055768538,0.0004709249100658848,0.0020410096689194874,0.0019837146425080564,0.002054076955644902,0.0013409046532078788,0.001127304774042456,0.0003030605344394137,0.00045986797514438113,0.00025732503090046197,0.00039201860176242206,0.0003357287512529457,0.00016384367201865285,0.0002367189249103882,0.0007362913481819867,0.000415640235458363,0.0018922436354301582,0.0026395919185336486,0.001542945009500819,0.0019837146425080564,0.000707643834976273,0.0012836096267964479,0.001636426368382628,0.0018193683825384263,0.000964968865876735,0.0007915760227895086,0.0008981246683967305,0.002399354877966421,0.0015811416937751063,0.0015183181999029235,0.0016706023490490954,0.0021400194952620483,0.0015409346576969098,0.0009689895694845532,0.00042368164267400296,0.00042719975833084567,0.000980549092357036,0.0008810366780634977,0.0008523891648577822,0.002965771498718024,0.002159117837399192,0.002612954757131844,0.0016424574237943572,0.001224304248581106,0.0007322706445741685,0.000923254065945605,0.0006026029532219812,0.0016117995587847326,0.0009443627598866577,0.0011252944222385451,0.000556867449683033,0.0019796939389002365,0.0018615857704205319,0.0004312204619386674,0.0013238166628746443,0.0006066236568298029,0.00039553671741926477,0.000506608654585284,0.001535406190236158,0.0008966169045437986,0.0006483384567609295,0.0019188807968319645,0.0028496736820422305,0.000366386616262572,0.002305873519084612,0.0014570024698836725,0.0009172230105338741,0.0016057685033730035,0.0009880879116216969,0.0021802265313402465,0.0002477758598318919,0.0006056184809278449,0.0007458405192505603,0.0008639486877302632,0.00020204035629294015,0.0038719375743303946,0.0018615857704205319,0.0030059785347962224,0.0011941489715224587,0.0024320230947799566,0.0001432375660285791,0.0008468606973970304,0.0006066236568298029,0.00018696271776361822,0.0008870677334752268,0.003225106881422397,0.001590690864843678,0.00025732503090046197,0.0008870677334752268,0.0019681344160277555,0.0011041857282974923,0.0029029480048458414,0.002260138015545662,0.000373925435527233,0.0006141624760944639,0.00038347460659580654,0.0006865351410352168,0.00033170804764512743,0.0009765283887492159,0.00219932487347739,0.001991253461772719,0.0013047183207375006,0.00034728827412542837,0.00044227739686017106,0.0010453829380331278,0.00046539644260513297,0.0004824844329383675,0.0003432675705176101,0.0009252644177495141,0.0010795589186995969,0.00038347460659580654,0.0008679693913380832,0.0019721551196355755,0.005031407977235407,0.002807456294160123,0.0012609931690024615,0.0019188807968319645,0.00015379191299910375,0.0010584502247585423,0.0016917110429901499,0.0015791313419711971,0.0005438001629576167,0.002092273639919189,0.0019073212739594819,0.00160426073952007,0.0007398094638388295,0.0015374165420400671,0.001955067129302341,0.0009383317044749286,0.0010986572608367405,0.0018766634089498573,0.0009689895694845532,0.0018289175536069981,0.0027943890074347087,0.0007458405192505603,0.002759710438817264,0.001186610152257796,0.00209026328811528,0.0011921386197185479,0.001478111163824727,0.0007915760227895086,0.0004940439558108502,0.00023822668876331832,0.00021561023096933196,0.00210785386639949,0.0012645112846593042,0.0024832870657796567,0.0014172980217564534,0.0017319180790683463,0.001224304248581106,0.0006483384567609295,0.0005950641339573202,0.000749358634907403,0.0012986872653257715,0.00011710299257775003,0.0008564098684656022,0.0010147250730235032,0.00048650513654618574,0.001335376185747127,0.0014399144795504398,0.0022450603770163384,0.002880331547051855,0.0012187757811203542,0.0021455479627228,0.0004985672473696474,0.00048650513654618574,0.0005513389822222811,0.000831783058867705,0.0009755232128472614,0.0013559822917372025,0.0004292101101347548,0.0005855149628887467,0.0030632735612076533,0.002729555161758615,0.0031622833875502143,0.003549778697753839,0.0009689895694845532,0.00016786437562647458,0.00018897306956752735,0.000515152649751903,0.0007609181577798822,0.00045986797514438113,0.000978538740553125,0.0006026029532219812,0.0003699047319194147,0.0015776235781182653,0.001285619978600357,0.0003759357873311456,0.0003050708862433228,0.0009860775598177877,0.0009348135888180859,0.0002462680959789583,0.0007267421771134167,0.0007895656709855994,0.0006694471507019857,0.0008393218781323694,0.0019626059485670037,0.0008182131841913132,0.0006619083314373213,0.0011328332415032078,0.0022812467094867166,0.00044830845227189844,0.0005885304905946138,0.0006885454928391294,0.00024224739237114004,0.0005855149628887467,0.00032215887657655734,0.0011082064319053123,0.0011559522872481715,0.0008604305720734222,0.0012434025907182497,0.0010071862537588405,0.0007227214735055949,0.000415640235458363,0.001232345655796746,0.0009172230105338741,0.0021093616302524237,0.0008604305720734222,0.0007704673288484558,0.0019093316257633927,0.0014570024698836725,0.003383422085980298,0.002105843514595581,0.0017052809176665417,0.0002814492525473819,0.00029552171517474926,0.00043674892939941923,0.0004176505872622756,0.0009116945430731223,0.0016957317465979699,0.0003030605344394137,0.0007669492131916131,0.0018289175536069981,0.002668239431739364,0.0015258570191675862,0.0025501312632596612,0.0003699047319194147,0.0005322406400851375,0.0001985222406361009,0.0004789663172815248,0.0012378741232574979,0.0009096841912692132,0.0010644812801702715,0.00026536643811610194,0.0021400194952620483,0.002351609022623562,0.0012092266100517824,0.0003462830982234738,0.0017605655922740618,0.0005875253146926593,0.0011443927643756888,0.0005453079268105503,0.001134843593307117,0.0010509114054938814,0.0005875253146926593,0.0006960843121037903,0.002817005465228695,0.0013620133471489316,0.002414935104446722,0.0010584502247585423,0.0003281899319882847,0.0003397494548607674,0.0004749456136737065,0.00046539644260513297,0.0008106743649266522,0.001186610152257796,0.0012549621135907324,0.00011609781667579547,0.0007684569770445467,0.0011041857282974923,0.001542945009500819,0.0019837146425080564,0.00046338609080122384,0.0011026779644445605,0.000831783058867705,0.000566416620751603,0.0008448503455931195,0.0009157152466809423,0.00024425774417504917,0.001987232758164899,0.0020847348206545265,0.002204853340938142,0.001697742098401879,0.0011675118101206524,0.0007398094638388295,0.0002146050550673774,0.0010529217572977905,0.00038347460659580654,0.0004709249100658848,0.0009840672080138786,0.0016801515201176672,0.0020465381363802392,0.0015831520455790171,0.001443935183158258,0.0008689745672400377,0.0004462981004679893,0.001396189327815399,0.0009709999212884641,0.0002764233730376056,0.0008031355456619912,0.0008523891648577822,0.0001849523659597091,0.000923254065945605,0.0004025729487329502,0.0004292101101347548,0.0010433725862292187,0.0006046133050258903,0.000623711647163034,0.000715182654240934,0.0006005926014180721,0.00042719975833084567,0.0010765433909937314,0.0007192033578487522,0.0005438001629576167,0.0018465081318912082,0.0030708123804723143,0.0015218363155597662,0.0026627109642786122,--,--,--
49,0.0015218363155597662,0.00042368164267400296,0.0012454129425221606,0.0011956567353753906,0.0020827244688506174,0.0023958367623095785,0.0015680744070496935,0.0011328332415032078,0.0012836096267964479,0.0005091215943401721,0.0006121521242905548,0.000616172827898373,0.00044830845227189844,0.0005779761436240857,0.0006277323507708557,0.0016424574237943572,0.00047695596547761565,0.0004920336040069376,0.0015374165420400671,0.0008051458974659004,0.0013600029953450225,0.000877518562406655,0.0012358637714535887,0.000806653661318834,0.0010850873861603487,0.0014841422192364562,0.00026536643811610194,0.001127304774042456,0.0008795289142105658,0.0008031355456619912,0.003011507002256974,0.001850026247548051,0.0012529517617868215,0.001216765429316445,0.0009363213526710178,0.0011122271355131323,0.0003231640524785119,0.000533245815987092,0.0006086340086337121,0.0007267421771134167,0.0007021153675155212,0.0005608881532908512,0.003387442789588118,0.0018826944643615864,0.0011252944222385451,0.0005835046110848376,0.0010393518826213987,0.0009423524080827486,0.0005015827750755111,0.001951046425694521,0.000964968865876735,0.003334168466784507,0.0009614507502198923,0.002138009143458139,0.002262148367349573,0.004359950474729514,0.0010986572608367405,0.0016992498622548109,0.003068802028668405,0.000623711647163034,0.0005056034786833294,0.0002231490502339964,0.0007362913481819867,0.0009001350202006413,0.002069657182125203,0.0004960543076147593,0.001373070282070437,0.003807103728654301,0.0012685319882671225,0.0007840372035248476,0.0007860475553287567,0.0008946065527398895,0.000507111242536263,9.348135888180911e-05,0.0006749756181627375,0.0007925811986914631,0.0005262095846734066,0.0022812467094867166,0.0008373115263284568,0.0012951691496689288,0.0008679693913380832,0.0006292401146237858,0.0017831820500680481,0.00043473857759550663,0.0009443627598866577,0.0002462680959789583,0.0007056334831723604,0.001987232758164899,0.0010167354248274123,0.0006086340086337121,0.0018233890861462446,0.0030195484094726124,0.0033246192957159353,0.0012052059064439624,0.0001945015370282792,0.000749358634907403,0.0009669792176806441,0.0007131723024370248,0.0006674367988980731,0.0013941789760114898,0.002151579018134531,0.002376738420172435,0.0013082364363943434,0.0004824844329383675,0.001022263892288166,0.0021093616302524237,0.001539426893843978,0.0004709249100658848,0.0005056034786833294,0.0015047483252265317,0.001134843593307117,0.0012454129425221606,0.0012454129425221606,0.0016706023490490954,0.0009001350202006413,0.0015695821709026253,0.0005644062689476939,0.0014841422192364562,0.0012358637714535887,0.0008714875069949259,0.000533245815987092,0.00021862575867519912,0.00024023704056722744,0.00024224739237114004,0.0010393518826213987,0.0013006976171296807,0.002096294343527009,0.0015258570191675862,0.002878321195247946,0.0013715625182175034,0.0012454129425221606,0.0007066386590743184,8.946065527399086e-05,6.885454928391363e-05,0.0010318130633567377,0.0018289175536069981,0.0010835796223074168,0.0002367189249103882,0.0007307628807212349,0.0018691245896851946,0.002830575339905087,0.0014474532988151007,0.001959087832910161,0.0016268771973140563,0.0005056034786833294,0.0005342509918890466,0.0008830470298674068,0.0005473182786144594,0.0009061660756123704,0.001070009747631025,0.0010298027115528269,0.004516757915434483,0.0010644812801702715,0.0024491110851131894,0.0008508814010048486,0.0009498912273474096,0.0016022503877161608,0.0006598979796334122,0.0009916060272785396,0.0002115895273615137,0.000749358634907403,0.0008141924805834949,0.0019530567774984318,0.0010795589186995969,0.0018465081318912082,0.002117403037468062,0.0006493436326628875,0.0008498762251028941,0.000566416620751603,0.001854046951155871,0.0003613607367527992,0.0011730402775814042,0.0007192033578487522,0.0006312504664276984,0.0014554947060307407,0.0021229315049288155,0.0014841422192364562,0.0016881929273333072,0.0009554196948081631,0.0006905558446430385,0.0005206811172126548,0.0002050558839988073,0.0003709099078213693,0.00028396219230227004,0.000507111242536263,0.002151579018134531,0.0020771960013898656,0.002204853340938142,0.001373070282070437,0.0011675118101206524,0.00035482709339008933,0.00047695596547761565,0.00028245442844933646,0.00042820493423280023,0.0003578426210959565,0.00017942389849895726,0.0002633560863121928,0.0007840372035248476,0.000415640235458363,0.002012362155713772,0.0027963993592386178,0.0015163078480990144,0.0020254294424391864,0.0007001050157116086,0.0012971795014728397,0.0016746230526569154,0.0019073212739594819,0.0010509114054938814,0.0008543995166616913,0.000980549092357036,0.0025843072439261285,0.001535406190236158,0.001542945009500819,0.0017128197369312027,0.0022676768348103248,0.0015620433516379626,0.0009900982634256077,0.00043875928120332836,0.0004312204619386674,0.0010091966055627514,0.000964968865876735,0.000919233362337785,0.0031090090647466016,0.0022450603770163384,0.002773280313493656,0.001735436194725189,0.0012795889231886279,0.0007287525289173258,0.0009498912273474096,0.0006196909435552157,0.0017203585561958654,0.0009916060272785396,0.001186610152257796,0.0006101417724866422,0.0019223989124888055,0.001895761751087001,0.0004558472715365629,0.0014037281470800616,0.0005950641339573202,0.00036538144036061745,0.0005417898111537076,0.0015811416937751063,0.000980549092357036,0.0006830170253783775,0.0020942839917230983,0.0029145075277183224,0.000373925435527233,0.0024430800297014603,0.0014474532988151007,0.0010091966055627514,0.0016555247105197717,0.0010644812801702715,0.0022199309794674656,0.00027843372484151474,0.0006523591603687512,0.0008448503455931195,0.000865959039534174,0.0002211386984300838,0.0040322631306922065,0.0020334708496548264,0.003078351199736977,0.0012052059064439624,0.002565208901788985,0.00015429450095008276,0.0009076738394653023,0.0006483384567609295,0.0001945015370282792,0.0008830470298674068,0.003435188644930977,0.0017223689079997745,0.00026888455377294465,0.0009348135888180859,0.0021359987916542283,0.001182589448649976,0.002988890544462988,0.0024300127429760458,0.00044227739686017106,0.0006372815218394258,0.000415640235458363,0.0007192033578487522,0.0003774435511840757,0.0010679993958271142,0.0023440702033588993,0.0020334708496548264,0.0014459455349621689,0.0003814642547918974,0.0004694171462129547,0.0011252944222385451,0.0004960543076147593,0.0004980646594186684,0.00035683744519400193,0.0009061660756123704,0.0011177556029738842,0.0004327282257915975,0.0008966169045437986,0.0020369889653116674,0.005279686425018276,0.0029582326794533632,0.0013006976171296807,0.002008341452105952,0.00016133073226376818,0.0010679993958271142,0.0017243792598036854,0.0017087990333233827,0.0005608881532908512,0.0021762058277324265,0.0019530567774984318,0.001689700691186239,0.0007780061481131167,0.0016746230526569154,0.0019264196160966255,0.0009508964032493659,0.0011484134679835088,0.0019264196160966255,0.0010413622344253096,0.00185605730295978,0.0029984397155315597,0.0008031355456619912,0.002811476997767943,0.001175050629385315,0.0021877653506049075,0.0012112369618556915,0.0015776235781182653,0.0008795289142105658,0.0005186707654087457,0.0002668742019690355,0.00023822668876331832,0.0021802265313402465,0.0012891380942571997,0.002610944405327933,0.0014665516409522444,0.0018349486090187273,0.001338894301403968,0.0007096541867801821,0.0006121521242905548,0.0007669492131916131,0.0013122571400021633,0.00014575050578346377,0.000869979743141994,0.001077548566895686,0.0005226914690165639,0.0013675418146096834,0.0014841422192364562,0.0023782461840253667,0.003038646751609756,0.0012016877907871197,0.0022505888444770902,0.0004985672473696474,0.000515152649751903,0.0005533493340261902,0.0008981246683967305,0.0010549321091016996,0.0014017177952761525,0.000457857623340472,0.000616172827898373,0.0030974495418741206,0.002771269961689745,0.00324621557536345,0.0037859950347132482,0.0009936163790824504,0.00017942389849895726,0.00020907658760662556,0.000524701820820473,0.0008051458974659004,0.0005056034786833294,0.0010850873861603487,0.0005855149628887467,0.00035834520904693204,0.0016957317465979699,0.0012931587978650197,0.0003950341294682892,0.00032416922838046647,0.0009916060272785396,0.0009116945430731223,0.0002613457345082837,0.0008202235359952258,0.0008488710492009395,0.0006885454928391294,0.0007915760227895086,0.00209026328811528,0.000831783058867705,0.0006598979796334122,0.0011403720607678688,0.0024812767139757476,0.0004749456136737065,0.0006206961194571703,0.0007212137096526648,0.0002668742019690355,0.0006005926014180721,0.00034728827412542837,0.001123284070434636,0.0012227964847281742,0.0008448503455931195,0.0012303353039928352,0.0010318130633567377,0.0007955967263973268,0.00043473857759550663,0.0012685319882671225,0.0010071862537588405,0.0022259620348791948,0.0009061660756123704,0.0007991148420541695,0.0020369889653116674,0.0013981996796193098,0.0035688770398909827,0.002266169070957393,0.001808311447616921,0.00031763558501776007,0.0002975320669786584,0.0004789663172815248,0.0004613757389973147,0.0009614507502198923,0.0017605655922740618,0.00034527792232151924,0.0007589078059759731,0.00189777210289091,0.0028476633302383196,0.0015982296841083408,0.002618985812543573,0.00035683744519400193,0.0005799864954279949,0.0002115895273615137,0.0005342509918890466,0.0012720501039239652,0.0009554196948081631,0.0011499212318364423,0.0002708949055768538,0.0021822368831441556,0.0025043957597207112,0.0012016877907871197,0.00035583226929204737,0.001808311447616921,0.0006257219989669466,0.0011549471113462169,0.0005608881532908512,0.0011730402775814042,0.0011177556029738842,0.0006141624760944639,0.0007036231313684513,0.0029527042119926097,0.0014419248313543489,0.002468209427250333,0.0010966469090328296,0.0003357287512529457,0.00034879603797836195,0.0005131422979479938,0.0005035931268794203,0.000823741651652065,0.0012665216364632133,0.0013449253568156988,0.00013368839496000554,0.0007991148420541695,0.0011368539451110278,0.0015600329998340535,0.002101822810987761,0.00047695596547761565,0.0011539419354442606,0.0008915910250340241,0.0005799864954279949,0.000919233362337785,0.0009423524080827486,0.0002211386984300838,0.002069657182125203,0.0022832570612906257,0.002273707890222054,0.0018138399150776727,0.0012187757811203542,0.0008332908227206386,0.00023571374900843017,0.0010881029138662124,0.00038347460659580654,0.000507111242536263,0.0010147250730235032,0.0017414672501369181,0.0021706773602716747,0.0016535143587158626,0.0015203285517068343,0.0009126997189750786,0.00045182656792874115,0.0014610231734914925,0.0009880879116216969,0.0002879828959100883,0.0008222338877991349,0.0008297727070637959,0.00019651188883218831,0.0009498912273474096,0.00043875928120332836,0.00044830845227189844,0.0011730402775814042,0.0006121521242905548,0.0006940739602998812,0.0007342809963780776,0.0006448203411040902,0.0004327282257915975,0.0011061960801014015,0.000774488032456274,0.0005779761436240857,0.0018731452932930145,0.003227117233226306,0.0015298777227754062,0.0026476333257492886,--,--,--
50,0.0015776235781182653,0.0004407696330072375,0.0012971795014728397,0.0012645112846593042,0.0021189108013209956,0.0024300127429760458,0.0016057685033730035,0.0011976670871793015,0.0012876303304042679,0.000507111242536263,0.0006257219989669466,0.0005990848375651385,0.00043021528603670936,0.0006066236568298029,0.0006639186832412339,0.0016499962430590199,0.0005342509918890466,0.0005779761436240857,0.001592701216647589,0.0008604305720734222,0.0014057384988839707,0.0008604305720734222,0.0012720501039239652,0.0008353011745245477,0.001074030451238845,0.0015238466673636753,0.00027843372484151474,0.0011921386197185479,0.0009383317044749286,0.0008584202202695113,0.0030652839130115624,0.0019264196160966255,0.0013218063110707352,0.0012876303304042679,0.0009443627598866577,0.0011484134679835088,0.00034527792232151924,0.0005578726255849875,0.0006352711700355167,0.0007840372035248476,0.0007684569770445467,0.0006026029532219812,0.0034256394738624053,0.0018806841125576755,0.0011941489715224587,0.0006407996374962685,0.0010679993958271142,0.000978538740553125,0.0005513389822222811,0.001987232758164899,0.0009976370826902687,0.0034753956810091736,0.0009900982634256077,0.002248578492673181,0.0022430500252124293,0.004421266204748765,0.001228324952188926,0.001743477601940829,0.003089910722609458,0.0006513539844667966,0.000507111242536263,0.000249786211635801,0.000816202832387404,0.0009267721816024459,0.0021440401988698683,0.0004885154883500983,0.0014630335252954017,0.003974968104280776,0.0012685319882671225,0.0007589078059759731,0.0007800164999170259,0.0009383317044749286,0.0005282199364773157,9.549171068571824e-05,0.0007267421771134167,0.0008011251938580821,0.0005588778014869421,0.0023289925648295757,0.000877518562406655,0.001478111163824727,0.0008905858491320695,0.0006257219989669466,0.0018882229318223382,0.00044177480890919205,0.0009725076851413959,0.00025380691524361926,0.0007247318253095041,0.0020827244688506174,0.0010091966055627514,0.000665426447094164,0.0019188807968319645,0.003194951604363748,0.003555307165214591,0.0012072162582478733,0.000208071411704671,0.0007955967263973268,0.0010468907018860614,0.0007171930060448431,0.0006865351410352168,0.0014685619927561552,0.0022314905023399466,0.002567219253592894,0.0013620133471489316,0.0005438001629576167,0.0010433725862292187,0.002142029847065959,0.0016288875491179654,0.0005035931268794203,0.0005035931268794203,0.0014610231734914925,0.0012016877907871197,0.0012876303304042679,0.0012836096267964479,0.001652006594862929,0.0009745180369453068,0.0016077788551769126,0.0005855149628887467,0.0015122871444911944,0.0012685319882671225,0.0008810366780634977,0.0005538519219771658,0.00022716975384181465,0.000249786211635801,0.0002729052573807629,0.0011368539451110278,0.001373070282070437,0.002256619899888821,0.001594711568451498,0.0029371239855123087,0.0013620133471489316,0.0013177856074629152,0.0007478508710544694,9.247618297985455e-05,7.33778408427109e-05,0.0010468907018860614,0.0018806841125576755,0.0011710299257774951,0.00020606105990076187,0.0007342809963780776,0.0019168704450280537,0.0028838496627086978,0.0014951991541579598,0.002056087307448811,0.0016565298864217263,0.0005417898111537076,0.0005684269725555122,0.0009212437141416941,0.0005799864954279949,0.0009745180369453068,0.0011484134679835088,0.0010835796223074168,0.004518265679287415,0.0011519315836403515,0.0025501312632596612,0.0009061660756123704,0.0009830620321119223,0.0016535143587158626,0.0006830170253783775,0.001012714721219594,0.00021762058277324456,0.0007684569770445467,0.000865959039534174,0.0020294501460470064,0.0011061960801014015,0.0018847048161654955,0.0022430500252124293,0.0006704523266039403,0.0008478658732989849,0.0006086340086337121,0.0019319480835573773,0.00038045907888994285,0.001232345655796746,0.0007056334831723604,0.000665426447094164,0.0014474532988151007,0.00219932487347739,0.0016841722237254872,0.0017660940597348136,0.0010147250730235032,0.0007171930060448431,0.0005513389822222811,0.00021912834662617467,0.0004060910643897929,0.00029351136337084013,0.0005493286304183685,0.0022546095480849102,0.002164646304859944,0.002321453745564913,0.0013826194531390088,0.001182589448649976,0.00041212211980152375,0.0004940439558108502,0.0003090915898511411,0.00045986797514438113,0.000382469430693852,0.00020003000448903102,0.00028597254410617917,0.0008393218781323694,0.00044227739686017106,0.0021304703241934765,0.0028627409687676433,0.0014705723445600644,0.0020731752977820456,0.0007001050157116086,0.0013142674918060725,0.0016861825755293963,0.001996781929233471,0.001134843593307117,0.0008981246683967305,0.0010489010536899705,0.0027104568196214714,0.0014951991541579598,0.0015680744070496935,0.0017263896116075945,0.002365178897299954,0.0015736028745104453,0.0009976370826902687,0.00044830845227189844,0.0004327282257915975,0.0010433725862292187,0.0010564398729546332,0.0009916060272785396,0.003234656052490969,0.0022887855287513775,0.002880331547051855,0.0018329382572148164,0.0013162778436099833,0.0007171930060448431,0.0009539119309552296,0.0006312504664276984,0.0018178606186854927,0.0010433725862292187,0.0012358637714535887,0.0006558772760255939,0.0018806841125576755,0.0019033005703516619,0.0004789663172815248,0.0014570024698836725,0.0005875253146926593,0.00034025204281174296,0.000574960615918222,0.00160426073952007,0.0010378441187684669,0.0007096541867801821,0.002260138015545662,0.0029411446891201287,0.0003774435511840757,0.0025958667667986095,0.0014193083735603625,0.0011102167837092215,0.001689700691186239,0.0011197659547777933,0.0022470707288202493,0.0003126097055079838,0.0006950791362018358,0.0009443627598866577,0.000873497858798835,0.00023269822130256648,0.004146350595564091,0.002200832637330322,0.003087900370805549,0.0011901282679146388,0.0026395919185336486,0.00016585402382256545,0.0009880879116216969,0.0006960843121037903,0.00020204035629294015,0.0008810366780634977,0.003595514201292789,0.0018480158957441418,0.00028396219230227004,0.0009689895694845532,0.002269687186614234,0.001228324952188926,0.003030605344394118,0.002559680434328233,0.0005206811172126548,0.0006523591603687512,0.00045182656792874115,0.0007458405192505603,0.00042719975833084567,0.0011403720607678688,0.0025023854079168004,0.0020676468303212937,0.0015866701612358598,0.000408101416193702,0.0004920336040069376,0.0011881179161107296,0.0005111319461440812,0.0005111319461440812,0.0003678943801155056,0.0008714875069949259,0.0011594704029050142,0.0004900232522030284,0.0009383317044749286,0.0020887555242623465,0.005477706077703396,0.0030461855708744188,0.0013162778436099833,0.002056087307448811,0.00017238766718527185,0.0010795589186995969,0.0017374465465290981,0.0018309279054109073,0.000566416620751603,0.0021762058277324265,0.001960595596763093,0.0017263896116075945,0.0007935863745934177,0.00179675192474444,0.0018615857704205319,0.0009574300466120723,0.001216765429316445,0.001957077481106252,0.0011082064319053123,0.0018615857704205319,0.003139666929756228,0.0008639486877302632,0.0028039381785032805,0.001182589448649976,0.0022335008541438574,0.0012112369618556915,0.0016746230526569154,0.000964968865876735,0.0005322406400851375,0.0003050708862433228,0.0002668742019690355,0.002216412863810623,0.0013197959592668243,0.0027486535038957587,0.0014876603348932989,0.0019033005703516619,0.0014343860120896862,0.000749358634907403,0.0006066236568298029,0.0007971044902502604,0.0013218063110707352,0.00017741354669504467,0.0008714875069949259,0.0011484134679835088,0.0005513389822222811,0.001386640156746827,0.0015183181999029235,0.002470219779054244,0.003126097055079836,0.001169019573973586,0.0023345210322903275,0.0004940439558108502,0.0005397794593497984,0.0005533493340261902,0.0009689895694845532,0.001127304774042456,0.0014152876699525425,0.0004900232522030284,0.0006503488085648421,0.003068802028668405,0.002786850188170046,0.003289940727098489,0.003959890465751452,0.001012714721219594,0.00019349636112632462,0.00022867751769474823,0.0005282199364773157,0.000869979743141994,0.0005493286304183685,0.0011901282679146388,0.0005548570978791238,0.0003432675705176101,0.00179273122113662,0.0012836096267964479,0.0004196609390661847,0.0003528167415861802,0.0009936163790824504,0.0008508814010048486,0.0002744130212336965,0.0009021453720045505,0.0009061660756123704,0.000749358634907403,0.0007438301674466477,0.002210381808398894,0.0008448503455931195,0.0006468306929079994,0.0011328332415032078,0.0026300427474650768,0.0004960543076147593,0.0006744730302117585,0.0007458405192505603,0.000299542418782571,0.0006086340086337121,0.0003774435511840757,0.0011368539451110278,0.0013006976171296807,0.0008332908227206386,0.001180579096846067,0.0010489010536899705,0.0008523891648577822,0.00045031880407581104,0.0013027079689335915,0.0010911184415720778,0.0023108993985943866,0.0009594403984159814,0.0008277623552598867,0.002164646304859944,0.0013122571400021633,0.003684974856566778,0.0023877953550939385,0.0018997824546948192,0.0003578426210959565,0.0003015527705864801,0.0005186707654087457,0.0004980646594186684,0.0009996474344941796,0.0018063010958130118,0.00037191508372332385,0.0007589078059759731,0.0019223989124888055,0.0029984397155315597,0.0016670842333922527,0.0026531617932100404,0.0003528167415861802,0.0006257219989669466,0.0002231490502339964,0.0005855149628887467,0.0012891380942571997,0.0009900982634256077,0.0012338534196496779,0.0002975320669786584,0.0021782161795363356,0.0026395919185336486,0.0011539419354442606,0.0003508063897822711,0.0018253994379501554,0.0006619083314373213,0.0011484134679835088,0.0005608881532908512,0.0011956567353753906,0.001180579096846067,0.0006257219989669466,0.0007021153675155212,0.0030517140383351706,0.0015298777227754062,0.002470219779054244,0.001130822889699297,0.00034879603797836195,0.00036035556085084464,0.0005533493340261902,0.0005342509918890466,0.0008373115263284568,0.0013504538242764506,0.0014208161374132961,0.00015831520455790102,0.0008413322299362785,0.0011675118101206524,0.0015756132263143544,0.002218423215614534,0.00048650513654618574,0.0012072162582478733,0.0009383317044749286,0.0005980796616631839,0.0009996474344941796,0.0009860775598177877,0.00021359987916542283,0.002096294343527009,0.002460670607985672,0.0022887855287513775,0.00194752831003768,0.0012589828171985507,0.000923254065945605,0.00025732503090046197,0.0011242892463365906,0.00038548495839971567,0.0005438001629576167,0.0010433725862292187,0.001794741572940529,0.002331002916633485,0.0017243792598036854,0.001588680513039769,0.0009443627598866577,0.000457857623340472,0.0014992198577657798,0.0010071862537588405,0.00029552171517474926,0.0008277623552598867,0.0007971044902502604,0.00020204035629294015,0.0009936163790824504,0.0004824844329383675,0.00045986797514438113,0.0013067286725414115,0.000623711647163034,0.0007589078059759731,0.0007553896903191304,0.0006810066735744649,0.00043674892939941923,0.0011303203017483197,0.000823741651652065,0.0006046133050258903,0.0019073212739594819,0.0033492461053138307,0.0015218363155597662,0.0025863175957300377,--,--,--
51,0.0016288875491179654,0.00045182656792874115,0.001335376185747127,0.001335376185747127,0.002138009143458139,0.002422473923711385,0.0015982296841083408,0.0012625009328553934,0.001274060455727876,0.0005015827750755111,0.0006332608182316075,0.0005835046110848376,0.00041413247160543287,0.0006292401146237858,0.0006885454928391294,0.001647985891255109,0.0005910434303494985,0.0006558772760255939,0.0016384367201865372,0.0009287825334063568,0.001432375660285777,0.0008373115263284568,0.0013102467881982525,0.0008523891648577822,0.0010468907018860614,0.0015600329998340535,0.00028597254410617917,0.0012434025907182497,0.0009840672080138786,0.0009076738394653023,0.003076340847933066,0.001960595596763093,0.0013715625182175034,0.001342915005011788,0.0009519015791513204,0.001175050629385315,0.00036538144036061745,0.0005809916713299494,0.0006543695121726603,0.0008277623552598867,0.0008182131841913132,0.0006332608182316075,0.0034371989967348863,0.0018595754186166227,0.0012474232943260697,0.0006960843121037903,0.0010946365572289205,0.0010071862537588405,0.0005910434303494985,0.0020143725075176828,0.0010167354248274123,0.0035839546784203064,0.0010051759019549314,0.0023365313840942384,0.0022259620348791948,0.004417245501140945,0.0013464331206686306,0.0017640837079309045,0.003093931426217278,0.0006694471507019857,0.0005056034786833294,0.0002764233730376056,0.0008925962009359786,0.0009363213526710178,0.0021917860542127274,0.0004749456136737065,0.001535406190236158,0.004165448937701235,0.0012569724653946415,0.0007287525289173258,0.0007684569770445467,0.000978538740553125,0.0005473182786144594,9.900982634256095e-05,0.0007684569770445467,0.0008051458974659004,0.0005814942592809284,0.0023707073647607057,0.0009021453720045505,0.0016153176744415753,0.0008966169045437986,0.0006257219989669466,0.0019837146425080564,0.0004513239799777656,0.0009976370826902687,0.0002613457345082837,0.0007398094638388295,0.002147558314526711,0.0009880879116216969,0.0007192033578487522,0.001987232758164899,0.0033266296475198444,0.0037402595311742982,0.0012052059064439624,0.0002231490502339964,0.0008393218781323694,0.0011212737186307251,0.0007287525289173258,0.0006960843121037903,0.0015298777227754062,0.0022867751769474684,0.002727544809954706,0.0014002100314232189,0.0005835046110848376,0.0010584502247585423,0.002147558314526711,0.0017148300887351135,0.0005342509918890466,0.0004960543076147593,0.0014208161374132961,0.0012625009328553934,0.0013238166628746443,0.0013082364363943434,0.001590690864843678,0.0010298027115528269,0.0016213487298533044,0.0005930537821534111,0.0015258570191675862,0.0013027079689335915,0.0008795289142105658,0.0005644062689476939,0.00023169304540061192,0.00025732503090046197,0.0002975320669786584,0.0012112369618556915,0.0014419248313543489,0.0023842772394370975,0.0016439651876472908,0.0029486835083847914,0.0013449253568156988,0.001388650508550738,0.0007875553191816903,9.64968865876728e-05,7.639336854857459e-05,0.0010468907018860614,0.0019168704450280537,0.0012474232943260697,0.00017540319489113554,0.0007227214735055949,0.0019284299679005364,0.0029049583566497506,0.0015298777227754062,0.0021304703241934765,0.0016766334044608245,0.0005739554400162675,0.0006000900134670931,0.0009539119309552296,0.0006086340086337121,0.0010318130633567377,0.0012072162582478733,0.0011137348993660642,0.004490120754032677,0.0012358637714535887,0.0026320530992689876,0.0009498912273474096,0.0010096991935137287,0.0016957317465979699,0.0006970894880057449,0.001022263892288166,0.0002211386984300838,0.000774488032456274,0.0009116945430731223,0.0020792063531937747,0.0011177556029738842,0.0019033005703516619,0.0023405520877020566,0.0006845247892313076,0.000840327054034324,0.0006483384567609295,0.0020028129846452,0.0003910134258604675,0.001278081159335696,0.0006845247892313076,0.0006830170253783775,0.0014208161374132961,0.002256619899888821,0.0018615857704205319,0.0018424874282833882,0.0010644812801702715,0.0007398094638388295,0.0005769709677221312,0.00023269822130256648,0.0004327282257915975,0.00029552171517474926,0.0005835046110848376,0.002303863167280703,0.0022390293216046093,0.0024053859333781503,0.0013750806338743461,0.0011901282679146388,0.0004613757389973147,0.0005056034786833294,0.00033020028379219385,0.000491028428104983,0.0004015677728309956,0.00021561023096933196,0.0003090915898511411,0.0008885754973281586,0.0004613757389973147,0.0022335008541438574,0.002922046346982985,0.001428354956677957,0.0021324806759973874,0.0007056334831723604,0.001327334778531487,0.001689700691186239,0.0020867451724584374,0.0012092266100517824,0.0009307928852102659,0.0010966469090328296,0.002823036520640424,0.0014474532988151007,0.0015756132263143544,0.0017168404405390227,0.0024511214369171003,0.0015811416937751063,0.0010011551983471114,0.0004538369197326503,0.0004292101101347548,0.0010720200994349342,0.0011328332415032078,0.0010509114054938814,0.0033090390692356326,0.002294313996212131,0.0029486835083847914,0.0019128497414202337,0.001342915005011788,0.0007021153675155212,0.0009539119309552296,0.0006387892856923594,0.00189375139928309,0.0010850873861603487,0.0012665216364632133,0.0006940739602998812,0.0018193683825384263,0.0018997824546948192,0.0004980646594186684,0.0014992198577657798,0.0005799864954279949,0.00031663040911580204,0.0006036081291239358,0.0016117995587847326,0.0010835796223074168,0.0007247318253095041,0.0023898057068978493,0.0029371239855123087,0.0003774435511840757,0.0027029180003568104,0.0013770909856782552,0.0011996774389832106,0.0017168404405390227,0.0011675118101206524,0.0022651638950554366,0.0003432675705176101,0.0007307628807212349,0.0010298027115528269,0.0008714875069949259,0.0002477758598318919,0.004226764667720486,0.0022963243480160402,0.003087900370805549,0.0011594704029050142,0.0026913584774843277,0.00017741354669504467,0.0010604605765624532,0.0007383016999858959,0.00020957917555760458,0.0008679693913380832,0.003702062846900011,0.00194752831003768,0.00029552171517474926,0.0009936163790824504,0.002372717716564615,0.0012529517617868215,0.0030667916768644943,0.002674270487151095,0.0005950641339573202,0.0006558772760255939,0.0004885154883500983,0.0007609181577798822,0.0004709249100658848,0.0012112369618556915,0.0026436126221414686,0.0020751856495859547,0.0017128197369312027,0.0004292101101347548,0.000515152649751903,0.0012434025907182497,0.0005262095846734066,0.0005226914690165639,0.0003759357873311456,0.0008332908227206386,0.001186610152257796,0.0005377691075458893,0.0009765283887492159,0.0021264496205856565,0.005638031634065208,0.0031225789394229934,0.0013197959592668243,0.0020792063531937747,0.00018193683825384194,0.0010870977379642578,0.0017449853657937608,0.0019244092642927164,0.0005644062689476939,0.0021741954759285156,0.00194752831003768,0.0017625759440779726,0.0007971044902502604,0.00189777210289091,0.0017912234572836881,0.0009554196948081631,0.0012876303304042679,0.001964616300370913,0.001180579096846067,0.0018465081318912082,0.0032442052235595407,0.000923254065945605,0.0027521716195526014,0.001186610152257796,0.002262148367349573,0.0012147550775125342,0.001735436194725189,0.0010393518826213987,0.0005397794593497984,0.0003397494548607674,0.00029200359951790655,0.0022430500252124293,0.0013258270146785552,0.0028592228531108023,0.0014761008120208162,0.00194350760642986,0.0015067586770304425,0.000782026851720935,0.0005990848375651385,0.0008182131841913132,0.001327334778531487,0.00020907658760662556,0.0008714875069949259,0.0012036981425910306,0.0005779761436240857,0.0013981996796193098,0.0015298777227754062,0.0025290225693186067,0.003185402433295176,0.001138864296914937,0.0023938264105056693,0.0004854999606442312,0.0005628985050947603,0.0005438001629576167,0.0010262845958959842,0.001182589448649976,0.0014193083735603625,0.0005111319461440812,0.0006810066735744649,0.003021056173325546,0.0027677518460329023,0.0033266296475198444,0.0040895581571036375,0.0010167354248274123,0.00021058435145955914,0.0002462680959789583,0.0005262095846734066,0.0009252644177495141,0.0005910434303494985,0.0012705423400710333,0.0005015827750755111,0.00032065111272362376,0.0018671142378812854,0.0012609931690024615,0.0004407696330072375,0.00038548495839971567,0.0009936163790824504,0.0008202235359952258,0.00027843372484151474,0.0009709999212884641,0.0009478808755435005,0.0007971044902502604,0.0006789963217705558,0.00230034505162386,0.0008468606973970304,0.0006407996374962685,0.0011177556029738842,0.0027486535038957587,0.000515152649751903,0.0007217162976036404,0.0007619233336818368,0.00033020028379219385,0.0005970744857612294,0.000415640235458363,0.0011403720607678688,0.0013750806338743461,0.000816202832387404,0.0011368539451110278,0.0010679993958271142,0.0009021453720045505,0.0004613757389973147,0.0013333658339432161,0.0011634911065128324,0.002372717716564615,0.0009996474344941796,0.0008413322299362785,0.0022812467094867166,0.0012112369618556915,0.003738249179370389,0.0024873077693874767,0.0019761758232433955,0.0003975470692231739,0.0003030605344394137,0.0005608881532908512,0.0005302302882812249,0.001024274244092075,0.001844497780087299,0.00039654189332121934,0.0007513689867113121,0.0019223989124888055,0.003087900370805549,0.0017223689079997745,0.002681809306415756,0.00034527792232151924,0.000665426447094164,0.0002367189249103882,0.0006352711700355167,0.0013006976171296807,0.0010071862537588405,0.0013177856074629152,0.00031663040911580204,0.002151579018134531,0.0027582026749643305,0.0011006676126406496,0.00034527792232151924,0.0018233890861462446,0.0006905558446430385,0.0011403720607678688,0.0005533493340261902,0.0011976670871793015,0.0012358637714535887,0.000616172827898373,0.0007021153675155212,0.0031225789394229934,0.0016173280262454844,0.0024491110851131894,0.0011614807547089233,0.00036035556085084464,0.00037191508372332385,0.0005930537821534111,0.0005588778014869421,0.0008543995166616913,0.0014248368410211144,0.0014761008120208162,0.0001829420141557965,0.0008850573816713177,0.0011901282679146388,0.0015962193323044317,0.00230034505162386,0.0004920336040069376,0.0012529517617868215,0.0009840672080138786,0.0006066236568298029,0.0010720200994349342,0.001012714721219594,0.0001945015370282792,0.0021264496205856565,0.002620493576396505,0.0022963243480160402,0.0020731752977820456,0.0012971795014728397,0.0009996474344941796,0.00027190008147880834,0.0011549471113462169,0.00038347460659580654,0.0005739554400162675,0.0010624709283663623,0.0018274097897540646,0.002460670607985672,0.0017681044115387245,0.0016384367201865372,0.0009689895694845532,0.0004674067944090421,0.0015298777227754062,0.0010107043694156832,0.0003015527705864801,0.0008222338877991349,0.0007669492131916131,0.00020957917555760458,0.0010262845958959842,0.0005186707654087457,0.0004674067944090421,0.0014112669663447243,0.0006292401146237858,0.0008182131841913132,0.000764938861387704,0.0007116645385840913,0.0004407696330072375,0.0011519315836403515,0.000873497858798835,0.000616172827898373,0.0019455179582337691,0.0034216187702545853,0.0014801215156286362,0.0024948465886521394,--,--,--
52,0.00160024003591225,0.00043674892939941923,0.0013142674918060725,0.0013368839496000588,0.002099812459183852,0.0024013652297703303,0.0015333958384322471,0.0012418948268653179,0.0012303353039928352,0.00048650513654618574,0.0006267271748689011,0.0005628985050947603,0.00042719975833084567,0.0006332608182316075,0.0006960843121037903,0.0015982296841083408,0.0006639186832412339,0.0006598979796334122,0.0016555247105197717,0.0009267721816024459,0.0014057384988839707,0.0008277623552598867,0.0013027079689335915,0.0008543995166616913,0.0009996474344941796,0.001539426893843978,0.00029351136337084013,0.0012494336461299788,0.0009745180369453068,0.000919233362337785,0.002977331021590507,0.0018882229318223382,0.0014152876699525425,0.001327334778531487,0.0009348135888180859,0.0011579626390520806,0.000373925435527233,0.0006000900134670931,0.000665426447094164,0.0008257520034559776,0.0008141924805834949,0.0006448203411040902,0.0033567849245784917,0.0017816742862151163,0.0012474232943260697,0.0007322706445741685,0.0010986572608367405,0.0010107043694156832,0.000616172827898373,0.0019741654714394846,0.0009996474344941796,0.0035286700038127863,0.0010071862537588405,0.0022847648251435593,0.002260138015545662,0.004287577809788759,0.0014193083735603625,0.0016992498622548109,0.0029944190119237397,0.000657887627829503,0.0004980646594186684,0.0003050708862433228,0.0009443627598866577,0.0009212437141416941,0.0021782161795363356,0.0004558472715365629,0.0015107793806382625,0.004177008460573716,0.0012358637714535887,0.0007192033578487522,0.0007724776806523649,0.0009900982634256077,0.0005438001629576167,0.0001050408817542918,0.0007935863745934177,0.0007960993143483058,0.0005910434303494985,0.002365178897299954,0.0008885754973281586,0.001652006594862929,0.0008639486877302632,0.000616172827898373,0.0020158802713706146,0.000457857623340472,0.001022263892288166,0.0002708949055768538,0.0007192033578487522,0.0021304703241934765,0.0009745180369453068,0.000749358634907403,0.0019626059485670037,0.0033703547992548835,0.003742269882978209,0.0012072162582478733,0.00024224739237114004,0.0008885754973281586,0.0011328332415032078,0.0007227214735055949,0.0007096541867801821,0.0015142974962951035,0.002273707890222054,0.002765741494228993,0.001388650508550738,0.0006086340086337121,0.0010549321091016996,0.00215358936993844,0.0017203585561958654,0.000556867449683033,0.0004824844329383675,0.0013579926435411116,0.0012609931690024615,0.0012986872653257715,0.0013082364363943434,0.0015756132263143544,0.0010378441187684669,0.0016384367201865372,0.0005930537821534111,0.0014554947060307407,0.001327334778531487,0.0008584202202695113,0.0005644062689476939,0.0002281749297437692,0.0002528017393416647,0.0003050708862433228,0.0012132473136596024,0.0015067586770304425,0.002410914400838902,0.001590690864843678,0.002868772024179374,0.0012891380942571997,0.001432375660285777,0.0008212287118971803,0.0001085589974111345,9.147100707789999e-05,0.0009900982634256077,0.0018369589608226364,0.001285619978600357,0.00016032555636181015,0.0006101417724866422,0.0018806841125576755,0.0028592228531108023,0.0015258570191675862,0.002151579018134531,0.001647985891255109,0.0006066236568298029,0.0006111469483885967,0.0009634611020238014,0.0006141624760944639,0.0011061960801014015,0.001228324952188926,0.0010946365572289205,0.004365981530141243,0.0012705423400710333,0.002618985812543573,0.0009287825334063568,0.001035833766964556,0.001693721394794059,0.0007202085337507068,0.001035833766964556,0.0002231490502339964,0.0007724776806523649,0.0009498912273474096,0.0020676468303212937,0.001081569270503506,0.0018615857704205319,0.00234608055516281,0.0006704523266039403,0.0008172080082893586,0.0006523591603687512,0.0020178906231745238,0.00039000824995851294,0.0012931587978650197,0.000665426447094164,0.0007131723024370248,0.0013218063110707352,0.0022812467094867166,0.0019223989124888055,0.0018711349414891037,0.0010720200994349342,0.0007398094638388295,0.0005799864954279949,0.00025079138753775557,0.00043222563784062196,0.00028597254410617917,0.0005990848375651385,0.0022887855287513775,0.0021973145216734793,0.0023842772394370975,0.0013635211110018652,0.0011443927643756888,0.0005015827750755111,0.000507111242536263,0.0003357287512529457,0.000524701820820473,0.00042518940652693654,0.00021762058277324456,0.0003090915898511411,0.0008946065527398895,0.00044227739686017106,0.002248578492673181,0.002881839310904787,0.0014208161374132961,0.0021284599723895674,0.0007036231313684513,0.0013218063110707352,0.0016650738815883435,0.002101822810987761,0.0012303353039928352,0.0009252644177495141,0.0010835796223074168,0.002784839836366137,0.001437904127746529,0.0015736028745104453,0.0016575350623236808,0.002473737894711085,0.0015680744070496935,0.0009936163790824504,0.00045182656792874115,0.0004327282257915975,0.0010835796223074168,0.0011484134679835088,0.0010468907018860614,0.0032215887657655543,0.00230034505162386,0.002885860014512607,0.0019495386618415891,0.0013258270146785552,0.0006749756181627375,0.0009116945430731223,0.0006101417724866422,0.0018656064740283518,0.0011082064319053123,0.0012514439979338897,0.0007021153675155212,0.0017243792598036854,0.0018118295632737636,0.0004844947847422766,0.0014228264892172052,0.0005724476761633339,0.0003060760621452774,0.0006036081291239358,0.0016022503877161608,0.0010584502247585423,0.000715182654240934,0.002367189249103863,0.0028954091855811787,0.0003508063897822711,0.002722016342493954,0.0013539719399332916,0.0012338534196496779,0.0017128197369312027,0.0011559522872481715,0.0022194283915164884,0.00037191508372332385,0.0007342809963780776,0.0011252944222385451,0.000919233362337785,0.0002477758598318919,0.004188567983446198,0.0023385417358981475,0.003036636399805847,0.0011026779644445605,0.002620493576396505,0.00017942389849895726,0.0011443927643756888,0.0007533793385152213,0.00021912834662617467,0.0008488710492009395,0.0036161203072828645,0.0019455179582337691,0.00031663040911580204,0.0010031655501510223,0.002368697012956795,0.001228324952188926,0.003042164867266599,0.0027501612677486922,0.0006619083314373213,0.0006428099893001776,0.0005091215943401721,0.0007533793385152213,0.000499572423271602,0.0011921386197185479,0.0026627109642786122,0.0020294501460470064,0.0017736328789994763,0.00045031880407581104,0.0005377691075458893,0.0012705423400710333,0.0005493286304183685,0.0005342509918890466,0.0003699047319194147,0.0008523891648577822,0.001186610152257796,0.0005684269725555122,0.000964968865876735,0.0021093616302524237,0.00555058133059513,0.003130117758687656,0.0013102467881982525,0.0020219113267823437,0.0001914860093224155,0.0010468907018860614,0.0017449853657937608,0.0019399894907730173,0.0005342509918890466,0.0020711649459781364,0.0019244092642927164,0.0017449853657937608,0.0007704673288484558,0.0018595754186166227,0.0017530267730094008,0.0009328032370141768,0.0012931587978650197,0.00185203659935196,0.0012187757811203542,0.0018103217994208318,0.003196961956167659,0.0009765283887492159,0.0026893481256804186,0.001182589448649976,0.0022239516830752856,0.0012052059064439624,0.0017449853657937608,0.001074030451238845,0.0005357587557419802,0.00038699272225264925,0.0003050708862433228,0.0021877653506049075,0.0012911484460611088,0.002824544284493356,0.0014630335252954017,0.0019304403197044455,0.0014876603348932989,0.0007764983842601832,0.0005875253146926593,0.0008106743649266522,0.0013449253568156988,0.00022214387433204183,0.0008564098684656022,0.001239884475061407,0.0005628985050947603,0.0013750806338743461,0.0015012302095696907,0.0025405820921910894,0.0031547445682855516,0.0011197659547777933,0.0023862875912410066,0.0004890180763010739,0.0005930537821534111,0.0005357587557419802,0.0010167354248274123,0.0011700247498755405,0.001396189327815399,0.0004980646594186684,0.0006845247892313076,0.002830575339905087,0.0026893481256804186,0.003231137936834126,0.004049351121025439,0.0010262845958959842,0.0002367189249103882,0.00025833020680241653,0.0005166604136048365,0.0009267721816024459,0.000623711647163034,0.0013006976171296807,0.00047695596547761565,0.0003050708862433228,0.0018595754186166227,0.0012052059064439624,0.0004613757389973147,0.0004060910643897929,0.0009900982634256077,0.0007533793385152213,0.0003030605344394137,0.000980549092357036,0.0009423524080827486,0.0008604305720734222,0.0006352711700355167,0.0022772260058788966,0.0008543995166616913,0.0006292401146237858,0.0011122271355131323,0.0027466431520918495,0.0005015827750755111,0.0007513689867113121,0.0007553896903191304,0.00036035556085084464,0.0005608881532908512,0.00041212211980152375,0.0011464031161795996,0.0014474532988151007,0.0008468606973970304,0.0010850873861603487,0.0010529217572977905,0.0009061660756123704,0.00046539644260513297,0.0013102467881982525,0.0012092266100517824,0.0023048683431826575,0.0009900982634256077,0.0008202235359952258,0.002372717716564615,0.001182589448649976,0.00365280922770422,0.002477758598318905,0.0019721551196355755,0.0004045833005368593,0.00031663040911580204,0.0006026029532219812,0.0005302302882812249,0.001035833766964556,0.001840477076479479,0.00041011176799761115,0.000774488032456274,0.00189375139928309,0.003068802028668405,0.001693721394794059,0.002610944405327933,0.00035482709339008933,0.0006503488085648421,0.00025380691524361926,0.0006543695121726603,0.0012529517617868215,0.0009976370826902687,0.0013539719399332916,0.000341257218713701,0.0021209211531249047,0.0027999174748954605,0.0010318130633567377,0.00032416922838046647,0.0017816742862151163,0.0006980946639076994,0.0011127297234641096,0.0005282199364773157,0.0011785687450421578,0.001239884475061407,0.0006005926014180721,0.0006885454928391294,0.003025076876933366,0.001689700691186239,0.002363168545496043,0.0011539419354442606,0.0003759357873311456,0.0003814642547918974,0.0006141624760944639,0.0005453079268105503,0.0008332908227206386,0.0014554947060307407,0.0015600329998340535,0.00020606105990076187,0.0008885754973281586,0.001182589448649976,0.0016841722237254872,0.0022887855287513775,0.0005091215943401721,0.001281599274992537,0.0009830620321119223,0.0006181831797022821,0.001127304774042456,0.001024274244092075,0.00019098342137143648,0.002208874044545962,0.0026436126221414686,0.002266169070957393,0.002096294343527009,0.0013142674918060725,0.0010489010536899705,0.0002794389007434728,0.0011785687450421578,0.00037191508372332385,0.0005814942592809284,0.0010489010536899705,0.00179675192474444,0.0024908258850443194,0.0017681044115387245,0.0016801515201176672,0.0009870827357197423,0.00048047408113445836,0.0014972095059618707,0.0010117095453176378,0.0003050708862433228,0.0008011251938580821,0.0007513689867113121,0.00020957917555760458,0.0010262845958959842,0.0005302302882812249,0.000457857623340472,0.0014514740024229207,0.0006372815218394258,0.000861938335926354,0.0007609181577798822,0.0007096541867801821,0.0004407696330072375,0.0011197659547777933,0.0008925962009359786,0.0006217012953591249,0.001957077481106252,0.0033185882403042044,0.0014002100314232189,0.0024300127429760458,--,--,--
53,0.0015680744070496935,0.00042368164267400296,0.0012891380942571997,0.0013333658339432161,0.0020465381363802392,0.0023842772394370975,0.0014630335252954017,0.0012132473136596024,0.0011785687450421578,0.0004694171462129547,0.0006181831797022821,0.0005357587557419802,0.0004377541053013738,0.0006352711700355167,0.0007001050157116086,0.0015504838287654817,0.0007398094638388295,0.0006639186832412339,0.0016690945851961635,0.0009212437141416941,0.0013791013374821661,0.0008222338877991349,0.0012891380942571997,0.0008584202202695113,0.0009498912273474096,0.0015163078480990144,0.0003015527705864801,0.0012474232943260697,0.0009614507502198923,0.0009212437141416941,0.002876310843444035,0.0018063010958130118,0.0014665516409522444,0.0013102467881982525,0.0009096841912692132,0.0011423824125717796,0.0003794539029879883,0.0006171780038003276,0.0006714575025058948,0.000823741651652065,0.0008106743649266522,0.0006558772760255939,0.003280391556029917,0.0017087990333233827,0.0012494336461299788,0.0007764983842601832,0.0011006676126406496,0.001012714721219594,0.0006387892856923594,0.0019188807968319645,0.000980549092357036,0.0034658465099406018,0.0010071862537588405,0.0022375215577516774,0.0022963243480160402,0.004146350595564091,0.0015032405613735998,0.001636426368382628,0.0028974195373850896,0.0006458255170060448,0.00048650513654618574,0.0003357287512529457,0.0009900982634256077,0.0009021453720045505,0.002163138541007012,0.0004407696330072375,0.0014801215156286362,0.004177008460573716,0.0012112369618556915,0.0007131723024370248,0.0007724776806523649,0.0009936163790824504,0.0005397794593497984,0.0001085589974111345,0.0008202235359952258,0.0007850423794268022,0.0005990848375651385,0.002368697012956795,0.000877518562406655,0.001689700691186239,0.000823741651652065,0.0006046133050258903,0.0020475433122821955,0.00046338609080122384,0.0010413622344253096,0.00027843372484151474,0.0006960843121037903,0.0021133823338602437,0.0009574300466120723,0.0007780061481131167,0.0019188807968319645,0.003423629122058496,0.003755337169703622,0.0012052059064439624,0.0002613457345082837,0.0009363213526710178,0.0011403720607678688,0.000707643834976273,0.0007247318253095041,0.0015032405613735998,0.002258127663741753,0.002811476997767943,0.001373070282070437,0.0006352711700355167,0.0010433725862292187,0.002164646304859944,0.0017339284308722572,0.0005835046110848376,0.0004694171462129547,0.0012911484460611088,0.0012609931690024615,0.0012720501039239652,0.0013122571400021633,0.0015680744070496935,0.0010433725862292187,0.0016610531779805236,0.0005950641339573202,0.001386640156746827,0.0013539719399332916,0.000831783058867705,0.0005634010930457393,0.00022214387433204183,0.0002477758598318919,0.0003111019416550502,0.0012092266100517824,0.0015680744070496935,0.0024430800297014603,0.0015333958384322471,0.0027883579520229795,0.001232345655796746,0.0014705723445600644,0.0008488710492009395,0.00012212887208752285,0.00010705123355820093,0.0009307928852102659,0.0017565448886662418,0.0013258270146785552,0.0001412272142246665,0.0004980646594186684,0.0018253994379501554,0.002817005465228695,0.0015203285517068343,0.0021762058277324265,0.0016153176744415753,0.0006407996374962685,0.0006247168230649885,0.0009689895694845532,0.0006181831797022821,0.001180579096846067,0.0012569724653946415,0.0010644812801702715,0.004249381125514472,0.0012971795014728397,0.002610944405327933,0.0009061660756123704,0.001059455400660497,0.0016917110429901499,0.0007458405192505603,0.0010529217572977905,0.00022716975384181465,0.000764938861387704,0.0009840672080138786,0.002056087307448811,0.0010509114054938814,0.001804290744009101,0.0023405520877020566,0.0006558772760255939,0.0007925811986914631,0.0006543695121726603,0.0020274397942430956,0.00039000824995851294,0.0013082364363943434,0.0006448203411040902,0.0007589078059759731,0.0012227964847281742,0.0022812467094867166,0.0019817042907041473,0.0018826944643615864,0.001077548566895686,0.0007383016999858959,0.0005809916713299494,0.0002678793778709901,0.00042719975833084567,0.0002764233730376056,0.000616172827898373,0.0022772260058788966,0.002155097133791372,0.0023405520877020566,0.0013464331206686306,0.0010891080897681687,0.0005417898111537076,0.000507111242536263,0.0003397494548607674,0.0005598829773888966,0.0004473032763699439,0.00021912834662617467,0.0003090915898511411,0.0009021453720045505,0.00041212211980152375,0.002258127663741753,0.0028516840338461396,0.0014097592024917907,0.002111371982056333,0.0007021153675155212,0.0013102467881982525,0.001640447071990448,0.00210383316279167,0.0012529517617868215,0.000923254065945605,0.001065989044023205,0.0027466431520918495,0.0014193083735603625,0.0015776235781182653,0.0015736028745104453,0.0024948465886521394,0.0015565148841772108,0.0009820568562099678,0.0004462981004679893,0.00043674892939941923,0.0010891080897681687,0.0011559522872481715,0.0010468907018860614,0.0031240867032759252,0.002305873519084612,0.0028154977013757614,0.0019837146425080564,0.0013102467881982525,0.0006448203411040902,0.000873497858798835,0.0005759657918201766,0.0018369589608226364,0.001130822889699297,0.001232345655796746,0.0007212137096526648,0.0016097892069808217,0.0017168404405390227,0.0004674067944090421,0.001335376185747127,0.0005588778014869421,0.0002945165392727947,0.0006026029532219812,0.0016022503877161608,0.0010338234151606469,0.0007021153675155212,0.002351609022623562,0.0028381141591697478,0.0003281899319882847,0.002723524106346886,0.001331355482139307,0.0012705423400710333,0.0017108093851272935,0.0011423824125717796,0.0021676618325658092,0.00040056259692904106,0.0007372965240839413,0.0012207861329242634,0.0009709999212884641,0.00024023704056722744,0.0041352936606425875,0.0023501012587706285,0.0029828594890512587,0.0010413622344253096,0.0025521416150635703,0.0001814342503028664,0.001224304248581106,0.000764938861387704,0.00022716975384181465,0.0008297727070637959,0.003534198471273538,0.00194350760642986,0.000341257218713701,0.001012714721219594,0.002353619374427471,0.0011996774389832106,0.0030135173540608833,0.002834093455561928,0.0007287525289173258,0.0006312504664276984,0.000524701820820473,0.0007418198156427386,0.000524701820820473,0.0011770609811892242,0.0026948765931411704,0.001996781929233471,0.001850026247548051,0.0004674067944090421,0.0005608881532908512,0.0012951691496689288,0.0005684269725555122,0.0005453079268105503,0.0003643762644586629,0.000873497858798835,0.001182589448649976,0.0005990848375651385,0.0009554196948081631,0.0020887555242623465,0.005481726781311216,0.0031205685876190842,0.0012951691496689288,0.0019666266521748237,0.00020103518039098559,0.0010051759019549314,0.001743477601940829,0.001957077481106252,0.000499572423271602,0.0019776835870963273,0.0018922436354301582,0.0017319180790683463,0.0007362913481819867,0.0018253994379501554,0.0017203585561958654,0.0009051608997104159,0.0012931587978650197,0.0017374465465290981,0.0012549621135907324,0.0017681044115387245,0.0031642937393541234,0.0010318130633567377,0.002618985812543573,0.001182589448649976,0.00219530416986957,0.0011941489715224587,0.0017490060694015808,0.0011031805523955378,0.0005302302882812249,0.00043473857759550663,0.00031864076091971463,0.0021359987916542283,0.0012609931690024615,0.002775290665297565,0.0014610231734914925,0.0019339584353612882,0.0014761008120208162,0.000774488032456274,0.0005814942592809284,0.0008031355456619912,0.0013579926435411116,0.0002367189249103882,0.0008353011745245477,0.001274060455727876,0.0005493286304183685,0.0013504538242764506,0.0014650438770993125,0.0025461105596518412,0.0031205685876190842,0.0010966469090328296,0.002372717716564615,0.0004920336040069376,0.0006257219989669466,0.0005262095846734066,0.0010147250730235032,0.0011579626390520806,0.0013655314628057743,0.0004844947847422766,0.0006960843121037903,0.002628534983612145,0.002618985812543573,0.003131625522540588,0.004026232075280477,0.0010338234151606469,0.00026235091041023825,0.0002698897296748992,0.000507111242536263,0.000919233362337785,0.0006523591603687512,0.001331355482139307,0.0004538369197326503,0.00028597254410617917,0.001850026247548051,0.0011499212318364423,0.0004844947847422766,0.00042518940652693654,0.0009900982634256077,0.0006885454928391294,0.00033170804764512743,0.0009900982634256077,0.0009307928852102659,0.0009157152466809423,0.0005930537821534111,0.002256619899888821,0.000861938335926354,0.0006196909435552157,0.0011041857282974923,0.0027486535038957587,0.00048047408113445836,0.0007840372035248476,0.0007468456951525149,0.00038699272225264925,0.0005262095846734066,0.0004045833005368593,0.0011464031161795996,0.0015142974962951035,0.0008755082106027458,0.001022263892288166,0.0010318130633567377,0.0009061660756123704,0.0004694171462129547,0.001281599274992537,0.0012529517617868215,0.0022314905023399466,0.000978538740553125,0.0008141924805834949,0.0024546395525739412,0.0011634911065128324,0.003587472794077149,0.002466199075446424,0.0019776835870963273,0.0004111169438995657,0.0003281899319882847,0.0006407996374962685,0.0005282199364773157,0.0010549321091016996,0.0018274097897540646,0.00042368164267400296,0.0007935863745934177,0.0018595754186166227,0.0030537243901390815,0.0016670842333922527,0.0025446027957989076,0.000366386616262572,0.0006352711700355167,0.0002729052573807629,0.000665426447094164,0.0011956567353753906,0.0009860775598177877,0.0014077488506878816,0.000373925435527233,0.0021093616302524237,0.0028456529784344105,0.0009594403984159814,0.0003015527705864801,0.001739456898333009,0.0007036231313684513,0.001077548566895686,0.0004980646594186684,0.0011634911065128324,0.0012418948268653179,0.0005855149628887467,0.0006769859699666467,0.002926067050590805,0.0017585552404701527,0.0022752156540749875,0.0011484134679835088,0.00038699272225264925,0.0003890030740565584,0.0006292401146237858,0.0005282199364773157,0.0008106743649266522,0.001485649983089388,0.001640447071990448,0.00022515940203790552,0.0008830470298674068,0.001169019573973586,0.0017640837079309045,0.002273707890222054,0.0005262095846734066,0.0013082364363943434,0.0009830620321119223,0.0006292401146237858,0.001175050629385315,0.0010378441187684669,0.00018696271776361822,0.0022847648251435593,0.002664721316082523,0.0022355112059477666,0.002117403037468062,0.0013197959592668243,0.0010986572608367405,0.00028697772000813374,0.0012036981425910306,0.00035683744519400193,0.0005835046110848376,0.0010318130633567377,0.0017681044115387245,0.0025290225693186067,0.0017625759440779726,0.0017223689079997745,0.0010071862537588405,0.0004885154883500983,0.0014725826963639735,0.0010117095453176378,0.0003111019416550502,0.0007780061481131167,0.0007342809963780776,0.000208071411704671,0.0010147250730235032,0.0005397794593497984,0.00045182656792874115,0.0014916810385011189,0.0006483384567609295,0.0009061660756123704,0.0007533793385152213,0.0007056334831723604,0.00043875928120332836,0.0010805640946015514,0.0009076738394653023,0.0006292401146237858,0.001964616300370913,0.0032004800718245015,0.001331355482139307,0.002365178897299954,--,--,--
54,0.0015298777227754062,0.000408101416193702,0.0012609931690024615,0.001327334778531487,0.001996781929233471,0.0023420598515549902,0.0013981996796193098,0.0011785687450421578,0.001127304774042456,0.000457857623340472,0.0006111469483885967,0.0005091215943401721,0.0004608731510463357,0.0006352711700355167,0.0006980946639076994,0.0015047483252265317,0.0007971044902502604,0.0006830170253783775,0.0016917110429901499,0.0009137048948770331,0.0013464331206686306,0.0008182131841913132,0.0012760708075317852,0.0008564098684656022,0.0009041557238084613,0.001485649983089388,0.0003126097055079838,0.0012418948268653179,0.0009458705237395913,0.0009287825334063568,0.002786850188170046,0.0017203585561958654,0.0015067586770304425,0.001285619978600357,0.0008885754973281586,0.001127304774042456,0.0003859875463506947,0.0006257219989669466,0.0006940739602998812,0.0008297727070637959,0.0008011251938580821,0.0006674367988980731,0.003188920548952019,0.0016384367201865372,0.0012454129425221606,0.0008051458974659004,0.0011006676126406496,0.001012714721219594,0.000657887627829503,0.0018595754186166227,0.0009634611020238014,0.003391463493195938,0.0010167354248274123,0.002204853340938142,0.002317433041957093,0.004020703607819724,0.001594711568451498,0.0015811416937751063,0.0028039381785032805,0.0006342659941335621,0.0004824844329383675,0.0003678943801155056,0.0010262845958959842,0.0008870677334752268,0.002138009143458139,0.00042719975833084567,0.0014494636506190116,0.004142832479907248,0.0012036981425910306,0.000707643834976273,0.0007840372035248476,0.0009996474344941796,0.0005377691075458893,0.00011459005282286189,0.0008413322299362785,0.0007764983842601832,0.0006026029532219812,0.002357640078035291,0.000861938335926354,0.0017087990333233827,0.0007915760227895086,0.0005970744857612294,0.002058097659252722,0.00046539644260513297,0.0010584502247585423,0.0002899932477139974,0.0006694471507019857,0.0020887555242623465,0.0009498912273474096,0.0008141924805834949,0.0018731452932930145,0.00344272746419564,0.0037307103601057264,0.0011956567353753906,0.00028044407664542734,0.0009840672080138786,0.0011464031161795996,0.0006925661964469476,0.0007418198156427386,0.0014801215156286362,0.0022410396734085184,0.002811476997767943,0.001373070282070437,0.000665426447094164,0.001028294947699895,0.002155097133791372,0.0017449853657937608,0.000623711647163034,0.00045986797514438113,0.001224304248581106,0.0012665216364632133,0.0012418948268653179,0.0013177856074629152,0.0015600329998340535,0.0010549321091016996,0.001682161871921578,0.0005950641339573202,0.0013177856074629152,0.0013655314628057743,0.0008086640131227431,0.0005644062689476939,0.00021912834662617467,0.00024526292007700373,0.00031663040911580204,0.0012016877907871197,0.0016173280262454844,0.002462178371838604,0.0014725826963639735,0.0027084464678175622,0.001186610152257796,0.0015047483252265317,0.0008609331600243995,0.00013620133471489368,0.00012112369618556829,0.0008755082106027458,0.0016630635297844344,0.0013484434724725398,0.00013368839496000554,0.000408101416193702,0.0017756432308033854,0.0027788087809544077,0.0015142974962951035,0.0021897757024088183,0.0015811416937751063,0.000665426447094164,0.0006342659941335621,0.0009689895694845532,0.000616172827898373,0.0012303353039928352,0.0012625009328553934,0.0010413622344253096,0.004110164263093713,0.0013238166628746443,0.002618985812543573,0.0008810366780634977,0.0010860925620623033,0.0016841722237254872,0.0007694621529465012,0.001065989044023205,0.0002347085731064756,0.0007629285095837914,0.0010318130633567377,0.0020254294424391864,0.001020253540484255,0.0017625759440779726,0.0023345210322903275,0.0006407996374962685,0.0007724776806523649,0.0006543695121726603,0.0020334708496548264,0.0003950341294682892,0.0013082364363943434,0.0006277323507708557,0.0007780061481131167,0.001127304774042456,0.0022867751769474684,0.001996781929233471,0.0018882229318223382,0.0010835796223074168,0.0007322706445741685,0.0005799864954279949,0.0002879828959100883,0.000424184230624982,0.0002668742019690355,0.0006332608182316075,0.002262148367349573,0.00210383316279167,0.0022928062323591975,0.001331355482139307,0.0010378441187684669,0.0005759657918201766,0.0005091215943401721,0.0003397494548607674,0.0005990848375651385,0.00046841197031099666,0.0002211386984300838,0.0003015527705864801,0.0009021453720045505,0.0003890030740565584,0.002260138015545662,0.002786850188170046,0.001396189327815399,0.0020771960013898656,0.0007036231313684513,0.0012951691496689288,0.0016138099105886417,0.0020942839917230983,0.0012645112846593042,0.0009157152466809423,0.0010564398729546332,0.002674270487151095,0.0014152876699525425,0.00160426073952007,0.0014972095059618707,0.0025064061115246204,0.0015449553613047298,0.0009745180369453068,0.00043875928120332836,0.00044227739686017106,0.0010966469090328296,0.0011634911065128324,0.0010468907018860614,0.0030175380576687033,0.002294313996212131,0.002731565513562526,0.001995274165380539,0.0012911484460611088,0.0006181831797022821,0.0008353011745245477,0.0005493286304183685,0.00180077262835226,0.0011484134679835088,0.0012132473136596024,0.0007322706445741685,0.0015218363155597662,0.0016329082527257854,0.0004538369197326503,0.0012514439979338897,0.0005493286304183685,0.00028697772000813374,0.0005990848375651385,0.0016153176744415753,0.0010071862537588405,0.0007021153675155212,0.002317433041957093,0.0027963993592386178,0.0003090915898511411,0.0026948765931411704,0.0013082364363943434,0.0012986872653257715,0.0017032705658626308,0.0011197659547777933,0.0021133823338602437,0.0004292101101347548,0.0007322706445741685,0.0012951691496689288,0.001022263892288166,0.00023269822130256648,0.004066439111358674,0.0023269822130256666,0.0029506938601887005,0.0009916060272785396,0.0024832870657796567,0.0001814342503028664,0.0012876303304042679,0.0007724776806523649,0.0002367189249103882,0.0008182131841913132,0.003435188644930977,0.0019264196160966255,0.0003678943801155056,0.001028294947699895,0.00234608055516281,0.0011675118101206524,0.0029642637348650924,0.0028838496627086978,0.0007915760227895086,0.000623711647163034,0.0005377691075458893,0.0007227214735055949,0.0005342509918890466,0.0011730402775814042,0.0027064361160136514,0.0019666266521748237,0.0019264196160966255,0.00048650513654618574,0.0005799864954279949,0.0013177856074629152,0.0005875253146926593,0.0005644062689476939,0.0003643762644586629,0.0008946065527398895,0.001182589448649976,0.0006181831797022821,0.0009363213526710178,0.0020731752977820456,0.0053711574320961745,0.0031034805972858497,0.0012876303304042679,0.0019053109221555727,0.00021259470326346827,0.0009634611020238014,0.0017585552404701527,0.001959087832910161,0.0004709249100658848,0.0018751556450969237,0.0018575650668127136,0.0017128197369312027,0.0007131723024370248,0.0017721251151465445,0.0016881929273333072,0.0008925962009359786,0.001285619978600357,0.0016308979009218762,0.0012986872653257715,0.0017278973754605263,0.0030954391900702097,0.0010835796223074168,0.002567219253592894,0.001186610152257796,0.0021455479627228,0.001180579096846067,0.0017585552404701527,0.001129315125846365,0.0005302302882812249,0.0004900232522030284,0.00033020028379219385,0.0020751856495859547,0.0012303353039928352,0.0027330732774154577,0.0014570024698836725,0.0019264196160966255,0.0014534843542268298,0.000774488032456274,0.0005704373243594248,0.0007971044902502604,0.0013811116892860752,0.0002462680959789583,0.0008202235359952258,0.0012795889231886279,0.0005342509918890466,0.001331355482139307,0.0014459455349621689,0.002523494101857855,0.003085890019001638,0.0010755382150917769,0.0023405520877020566,0.0005035931268794203,0.0006558772760255939,0.0005226914690165639,0.0010091966055627514,0.0011368539451110278,0.001338894301403968,0.0004749456136737065,0.0007036231313684513,0.0024335308586328885,0.0025461105596518412,0.0030195484094726124,0.003967429285016113,0.0010453829380331278,0.0002879828959100883,0.00028044407664542734,0.000499572423271602,0.0009137048948770331,0.0006789963217705558,0.0013464331206686306,0.0004462981004679893,0.0002708949055768538,0.00183846672467557,0.0010986572608367405,0.0005091215943401721,0.0004462981004679893,0.0009900982634256077,0.0006372815218394258,0.000366386616262572,0.0009916060272785396,0.000923254065945605,0.0009709999212884641,0.000556867449683033,0.0022259620348791948,0.000873497858798835,0.0006101417724866422,0.0011026779644445605,0.002731565513562526,0.00046338609080122384,0.000806653661318834,0.000733275820476123,0.00042167129087009383,0.0004920336040069376,0.00040056259692904106,0.0011368539451110278,0.0015695821709026253,0.0009096841912692132,0.0009689895694845532,0.0010187457766313232,0.0009021453720045505,0.0004729352618697939,0.0012474232943260697,0.001281599274992537,0.0021581126614972374,0.0009840672080138786,0.0007915760227895086,0.002507913875377554,0.0011484134679835088,0.0035115820134795517,0.0024471007333092803,0.001964616300370913,0.0004176505872622756,0.00034879603797836195,0.0006749756181627375,0.0005186707654087457,0.001070009747631025,0.0018118295632737636,0.00043875928120332836,0.000816202832387404,0.0018158502668815836,0.003011507002256974,0.0016384367201865372,0.002470219779054244,0.0003814642547918974,0.0006312504664276984,0.00029552171517474926,0.0006714575025058948,0.0011499212318364423,0.000980549092357036,0.001430365308481868,0.00039855224512513193,0.0020792063531937747,0.002868772024179374,0.0008966169045437986,0.00029200359951790655,0.001697742098401879,0.0007096541867801821,0.0010413622344253096,0.0004709249100658848,0.001138864296914937,0.0012418948268653179,0.0005895356664965684,0.0006619083314373213,0.0028134873495718523,0.0018118295632737636,0.002200832637330322,0.0011443927643756888,0.0004025729487329502,0.0003950341294682892,0.0006448203411040902,0.000515152649751903,0.0007895656709855994,0.0015067586770304425,0.0017339284308722572,0.00024425774417504917,0.000869979743141994,0.0011579626390520806,0.0018671142378812854,0.002248578492673181,0.0005417898111537076,0.0013218063110707352,0.0009870827357197423,0.0006407996374962685,0.0012147550775125342,0.0010413622344253096,0.0001829420141557965,0.002321453745564913,0.002666229079935455,0.002200832637330322,0.0021264496205856565,0.0013218063110707352,0.0011423824125717796,0.00029351136337084013,0.001224304248581106,0.00034728827412542837,0.0005895356664965684,0.001012714721219594,0.0017243792598036854,0.002555659730720413,0.0017530267730094008,0.0017585552404701527,0.001020253540484255,0.000499572423271602,0.0014419248313543489,0.0010091966055627514,0.00031864076091971463,0.0007589078059759731,0.0007287525289173258,0.000208071411704671,0.0010071862537588405,0.0005533493340261902,0.0004407696330072375,0.0015183181999029235,0.0006503488085648421,0.0009383317044749286,0.0007418198156427386,0.0006925661964469476,0.0004462981004679893,0.0010393518826213987,0.0009076738394653023,0.0006428099893001776,0.0019761758232433955,0.0030748330840801343,0.0012665216364632133,0.0022983346998199494,--,--,--
55,0.0014841422192364562,0.0003910134258604675,0.0012227964847281742,0.0013122571400021633,0.001951046425694521,0.002248578492673181,0.0013464331206686306,0.001130822889699297,0.0010755382150917769,0.0004558472715365629,0.0006096391845356666,0.0004885154883500983,0.0005101267702421267,0.0006312504664276984,0.0006865351410352168,0.0014630335252954017,0.000823741651652065,0.0007342809963780776,0.0017339284308722572,0.0009001350202006413,0.0012986872653257715,0.000816202832387404,0.0012625009328553934,0.0008508814010048486,0.000869979743141994,0.001443935183158258,0.00033371839944903656,0.001232345655796746,0.0009287825334063568,0.0009478808755435005,0.002717995638886134,0.0016308979009218762,0.0015258570191675862,0.0012434025907182497,0.000869979743141994,0.0011102167837092215,0.0003950341294682892,0.000616172827898373,0.0007458405192505603,0.0008543995166616913,0.0007764983842601832,0.0006749756181627375,0.0030632735612076533,0.0015811416937751063,0.001224304248581106,0.0008031355456619912,0.0010931287933759887,0.0010051759019549314,0.0006694471507019857,0.00179675192474444,0.0009478808755435005,0.0032919510789024,0.0010433725862292187,0.002206863692742051,0.002315422690153184,0.003929232600741826,0.001689700691186239,0.0015374165420400671,0.002713974935278314,0.0006257219989669466,0.00048650513654618574,0.0004025729487329502,0.0010393518826213987,0.0008810366780634977,0.002096294343527009,0.0004176505872622756,0.0014268471928250252,0.0040438226535646875,0.001226314600385017,0.0007096541867801821,0.0008202235359952258,0.0010107043694156832,0.0005357587557419802,0.00012765733954827815,0.0008488710492009395,0.0007734828565543195,0.0006026029532219812,0.0023249718612217557,0.0008393218781323694,0.0016861825755293963,0.0007669492131916131,0.0005930537821534111,0.002028444970145052,0.0004608731510463357,0.0010679993958271142,0.0003015527705864801,0.0006372815218394258,0.00204854848818415,0.0009634611020238014,0.0008714875069949259,0.0018253994379501554,0.003389453141392027,0.0036256694783514364,0.001175050629385315,0.0002975320669786584,0.001028294947699895,0.0011519315836403515,0.0006789963217705558,0.0007629285095837914,0.001436396363893597,0.002214402512006714,0.002723524106346886,0.0014037281470800616,0.0007001050157116086,0.0010031655501510223,0.00210383316279167,0.0017565448886662418,0.0006925661964469476,0.00045986797514438113,0.0011579626390520806,0.001278081159335696,0.0011996774389832106,0.0013238166628746443,0.0015489760649125498,0.001074030451238845,0.0016992498622548109,0.0005950641339573202,0.0012454129425221606,0.0013539719399332916,0.0007935863745934177,0.0005684269725555122,0.00021862575867519912,0.00024526292007700373,0.0003146200573118929,0.001180579096846067,0.001652006594862929,0.0024546395525739412,0.0014228264892172052,0.002628534983612145,0.0011579626390520806,0.0015374165420400671,0.0008458555214950741,0.00015529967685203733,0.0001316780431560964,0.000831783058867705,0.0015409346576969098,0.001342915005011788,0.0001447453298815092,0.0003699047319194147,0.001735436194725189,0.0027521716195526014,0.0015047483252265317,0.0021857549988009983,0.0015439501854027753,0.000673467854309804,0.0006352711700355167,0.0009498912273474096,0.0006005926014180721,0.0012338534196496779,0.001228324952188926,0.0010262845958959842,0.003921693781477165,0.0013559822917372025,0.002660700612474703,0.0008543995166616913,0.0011177556029738842,0.0016630635297844344,0.0007875553191816903,0.001070009747631025,0.00025179656343971013,0.000774488032456274,0.0011061960801014015,0.001960595596763093,0.0009900982634256077,0.0017625759440779726,0.0023249718612217557,0.0006227064712610794,0.0007584052180249976,0.0006523591603687512,0.0020314604978509156,0.00040709624029174746,0.001281599274992537,0.000616172827898373,0.0007418198156427386,0.0010433725862292187,0.002309894222692432,0.0019223989124888055,0.0018806841125576755,0.0010911184415720778,0.0007171930060448431,0.0005759657918201766,0.00031361488140993835,0.00042518940652693654,0.0002593353827043711,0.0006543695121726603,0.0022505888444770902,0.0020294501460470064,0.0022314905023399466,0.0013218063110707352,0.0009996474344941796,0.0005990848375651385,0.0005166604136048365,0.00033371839944903656,0.0006428099893001776,0.00048650513654618574,0.00021912834662617467,0.00028245442844933646,0.0008925962009359786,0.0003890030740565584,0.002252599196281001,0.0026476333257492886,0.0013770909856782552,0.002006331100302043,0.0007192033578487522,0.0012705423400710333,0.0015811416937751063,0.0020616157749095646,0.0012569724653946415,0.0008966169045437986,0.0010604605765624532,0.002535053624730336,0.001437904127746529,0.0016746230526569154,0.0014399144795504398,0.0024988672922599594,0.0015374165420400671,0.0009765283887492159,0.0004312204619386674,0.0004558472715365629,0.0011041857282974923,0.0011675118101206524,0.0010489010536899705,0.0028933988337772696,0.0022430500252124293,0.002620493576396505,0.0019626059485670037,0.0012589828171985507,0.0005910434303494985,0.0008126847167305613,0.0005322406400851375,0.0017545345368623327,0.0011519315836403515,0.0011976670871793015,0.0007322706445741685,0.0014916810385011189,0.0015715925227065344,0.00045031880407581104,0.001182589448649976,0.0005438001629576167,0.00028396219230227004,0.0005885304905946138,0.0016610531779805236,0.0009745180369453068,0.0007247318253095041,0.002248578492673181,0.002780819132758317,0.0003126097055079838,0.002603405586063272,0.0012876303304042679,0.0013162778436099833,0.0016917110429901499,0.0010835796223074168,0.0020515640158900138,0.000457857623340472,0.000715182654240934,0.0013293451303353961,0.001077548566895686,0.00023269822130256648,0.0039784862199376166,0.0022314905023399466,0.0029602430312572724,0.0009614507502198923,0.002406893697231082,0.00017741354669504467,0.0013197959592668243,0.0007669492131916131,0.0002462680959789583,0.0008222338877991349,0.0033090390692356326,0.0018751556450969237,0.00040056259692904106,0.0010489010536899705,0.002357640078035291,0.001129315125846365,0.002872290139836215,0.0028612332049147114,0.0008393218781323694,0.0006217012953591249,0.0005438001629576167,0.0006865351410352168,0.0005091215943401721,0.001186610152257796,0.002674270487151095,0.0019414972546259492,0.00199879228103738,0.000507111242536263,0.0006026029532219812,0.001338894301403968,0.0006026029532219812,0.0005990848375651385,0.0003759357873311456,0.0009137048948770331,0.001182589448649976,0.0006121521242905548,0.0009021453720045505,0.0020676468303212937,0.005188215417940376,0.0030708123804723143,0.0012876303304042679,0.0018309279054109073,0.00022515940203790552,0.0009212437141416941,0.0018118295632737636,0.0019359687871651973,0.00045986797514438113,0.0017585552404701527,0.0018233890861462446,0.0016861825755293963,0.0007056334831723604,0.0016801515201176672,0.0016595454141275917,0.0009076738394653023,0.0012625009328553934,0.0015409346576969098,0.0013600029953450225,0.001693721394794059,0.0029547145637965205,0.001127304774042456,0.002555659730720413,0.0011941489715224587,0.0020636261267134737,0.0011655014583167433,0.0017776535826072963,0.0011494186438854633,0.0005357587557419802,0.0005608881532908512,0.0003377391030568583,0.002000802632841291,0.0011976670871793015,0.0027044257642097422,0.0014494636506190116,0.0018997824546948192,0.0014112669663447243,0.000774488032456274,0.0005493286304183685,0.0007935863745934177,0.0014208161374132961,0.00024878103573384644,0.0008106743649266522,0.0012338534196496779,0.0005186707654087457,0.0013197959592668243,0.0014590128216875834,0.0024511214369171003,0.0030517140383351706,0.0010564398729546332,0.002269687186614234,0.0005322406400851375,0.0006865351410352168,0.0005302302882812249,0.0009996474344941796,0.0010976520849347842,0.0013197959592668243,0.0004694171462129547,0.0007096541867801821,0.002260138015545662,0.0024757482465149958,0.002881839310904787,0.0038317305382521982,0.0010644812801702715,0.00031361488140993835,0.00028597254410617917,0.0004980646594186684,0.0009096841912692132,0.0007001050157116086,0.001335376185747127,0.0004729352618697939,0.0002633560863121928,0.0018253994379501554,0.0010549321091016996,0.0005342509918890466,0.0004674067944090421,0.0009916060272785396,0.0006066236568298029,0.000415640235458363,0.0009840672080138786,0.000923254065945605,0.0010262845958959842,0.0005397794593497984,0.0021802265313402465,0.0008946065527398895,0.0006005926014180721,0.0011137348993660642,0.0026797989546118468,0.00045031880407581104,0.0008106743649266522,0.0007131723024370248,0.0004694171462129547,0.0004613757389973147,0.00040056259692904106,0.0011137348993660642,0.0016077788551769126,0.0009498912273474096,0.0009383317044749286,0.001022263892288166,0.0008905858491320695,0.00047695596547761565,0.0011976670871793015,0.0012760708075317852,0.0020867451724584374,0.0010187457766313232,0.0007362913481819867,0.0025003750561128912,0.001138864296914937,0.0034120695991860135,0.002416442868299654,0.0019093316257633927,0.000424184230624982,0.0003814642547918974,0.0006960843121037903,0.0004960543076147593,0.001081569270503506,0.001794741572940529,0.00045986797514438113,0.0008508814010048486,0.00175101642120549,0.002920035995179074,0.0016077788551769126,0.0023782461840253667,0.0004045833005368593,0.0006428099893001776,0.00032416922838046647,0.0006598979796334122,0.001129315125846365,0.0009820568562099678,0.0013981996796193098,0.00041011176799761115,0.0020028129846452,0.0028531917976990714,0.0008543995166616913,0.0003080864139491865,0.0016610531779805236,0.0007171930060448431,0.0010041707260529768,0.000457857623340472,0.0010911184415720778,0.0012418948268653179,0.0006277323507708557,0.0006387892856923594,0.002674270487151095,0.00183846672467557,0.002151579018134531,0.0011423824125717796,0.00042368164267400296,0.0003950341294682892,0.0006543695121726603,0.000499572423271602,0.0007764983842601832,0.0015067586770304425,0.001854046951155871,0.00025732503090046197,0.0008428399937892104,0.0011464031161795996,0.0020178906231745238,0.002200832637330322,0.0005513389822222811,0.0013102467881982525,0.0009996474344941796,0.0006503488085648421,0.0012358637714535887,0.0010262845958959842,0.00019098342137143648,0.0022752156540749875,0.002628534983612145,0.002159117837399192,0.0021093616302524237,0.0013162778436099833,0.0011710299257774951,0.0002985372428806164,0.001239884475061407,0.0003508063897822711,0.0006066236568298029,0.0009880879116216969,0.001652006594862929,0.0025521416150635703,0.0017339284308722572,0.0017831820500680481,0.001022263892288166,0.0005131422979479938,0.0014037281470800616,0.0010006526103961341,0.00033371839944903656,0.0007478508710544694,0.0007418198156427386,0.0002115895273615137,0.0010051759019549314,0.0005724476761633339,0.0004196609390661847,0.0015258570191675862,0.0006352711700355167,0.0009458705237395913,0.0007227214735055949,0.000665426447094164,0.0004729352618697939,0.0009966319067883141,0.000877518562406655,0.0006694471507019857,0.001995274165380539,0.002933605869855466,0.0012092266100517824,0.0022294801505360375,--,--,--
56,0.001436396363893597,0.0003759357873311456,0.001182589448649976,0.0012986872653257715,0.0019053109221555727,0.002157107485595283,0.0012931587978650197,0.0010835796223074168,0.001024274244092075,0.0004558472715365629,0.0006076288327317575,0.0004674067944090421,0.0005588778014869421,0.0006277323507708557,0.0006769859699666467,0.0014208161374132961,0.0008508814010048486,0.0007840372035248476,0.0017776535826072963,0.0008885754973281586,0.0012514439979338897,0.0008126847167305613,0.0012494336461299788,0.0008448503455931195,0.0008353011745245477,0.0014037281470800616,0.0003528167415861802,0.0012207861329242634,0.0009116945430731223,0.000964968865876735,0.0026491410896022204,0.001542945009500819,0.0015449553613047298,0.0012016877907871197,0.0008508814010048486,0.0010931287933759887,0.00040357812463490475,0.0006076288327317575,0.0007991148420541695,0.000877518562406655,0.0007533793385152213,0.0006830170253783775,0.0029371239855123087,0.0015218363155597662,0.0012052059064439624,0.0008011251938580821,0.0010850873861603487,0.0009976370826902687,0.0006810066735744649,0.001735436194725189,0.0009328032370141768,0.003194951604363748,0.0010720200994349342,0.002208874044545962,0.0023134123383492747,0.0038377615936639273,0.0017892131054797773,0.0014951991541579598,0.002624514280004325,0.000616172827898373,0.0004900232522030284,0.00043674892939941923,0.0010529217572977905,0.0008755082106027458,0.002054076955644902,0.00041011176799761115,0.0014017177952761525,0.003944310239271149,0.0012494336461299788,0.0007116645385840913,0.0008543995166616913,0.001022263892288166,0.0005342509918890466,0.0001412272142246665,0.0008543995166616913,0.0007714725047504103,0.0006026029532219812,0.0022907958805552884,0.000816202832387404,0.0016630635297844344,0.0007418198156427386,0.0005895356664965684,0.0019977871051354255,0.0004558472715365629,0.001077548566895686,0.0003126097055079838,0.0006066236568298029,0.002006331100302043,0.0009745180369453068,0.0009287825334063568,0.0017776535826072963,0.003336178818588416,0.0035191208327442144,0.0011519315836403515,0.0003146200573118929,0.0010720200994349342,0.0011594704029050142,0.000665426447094164,0.0007860475553287567,0.0013941789760114898,0.0021897757024088183,0.0026320530992689876,0.001430365308481868,0.0007362913481819867,0.0009765283887492159,0.002054076955644902,0.0017681044115387245,0.0007589078059759731,0.000457857623340472,0.0010911184415720778,0.0012891380942571997,0.0011594704029050142,0.0013293451303353961,0.0015374165420400671,0.0010946365572289205,0.0017168404405390227,0.0005950641339573202,0.001175050629385315,0.0013409046532078788,0.0007780061481131167,0.0005729502641143094,0.00021762058277324456,0.00024526292007700373,0.0003146200573118929,0.0011614807547089233,0.001682161871921578,0.0024471007333092803,0.0013695521664135943,0.0025481209114557504,0.001130822889699297,0.0015680744070496935,0.0008297727070637959,0.0001733928430872264,0.00014223239012662453,0.0007875553191816903,0.0014172980217564534,0.001335376185747127,0.00015831520455790102,0.00033170804764512743,0.001697742098401879,0.002725534458150795,0.0014972095059618707,0.0021822368831441556,0.0015067586770304425,0.0006810066735744649,0.0006352711700355167,0.0009307928852102659,0.0005855149628887467,0.0012378741232574979,0.0011921386197185479,0.0010147250730235032,0.0037327207119096373,0.001386640156746827,0.0027029180003568104,0.0008277623552598867,0.0011494186438854633,0.0016439651876472908,0.0008051458974659004,0.0010755382150917769,0.00026888455377294465,0.0007875553191816903,0.001180579096846067,0.001895761751087001,0.0009574300466120723,0.0017585552404701527,0.002315422690153184,0.0006046133050258903,0.0007448353433486057,0.0006483384567609295,0.0020314604978509156,0.00042066611496813927,0.0012549621135907324,0.0006046133050258903,0.0007056334831723604,0.0009594403984159814,0.002331002916633485,0.0018480158957441418,0.0018731452932930145,0.0010966469090328296,0.0007036231313684513,0.0005729502641143094,0.00033874427895881284,0.00042719975833084567,0.00025380691524361926,0.0006749756181627375,0.0022355112059477666,0.001955067129302341,0.002172687712075584,0.0013102467881982525,0.0009594403984159814,0.0006217012953591249,0.0005262095846734066,0.0003281899319882847,0.0006875403169371748,0.0005056034786833294,0.00021762058277324456,0.0002593353827043711,0.0008830470298674068,0.0003890030740565584,0.0022430500252124293,0.002509924227181463,0.0013579926435411116,0.0019359687871651973,0.0007342809963780776,0.0012454129425221606,0.0015489760649125498,0.0020294501460470064,0.0012494336461299788,0.000877518562406655,0.0010644812801702715,0.0023938264105056693,0.0014610231734914925,0.001743477601940829,0.0013811116892860752,0.0024928362368482285,0.0015278673709714953,0.000980549092357036,0.00042368164267400296,0.0004694171462129547,0.0011137348993660642,0.0011710299257774951,0.0010529217572977905,0.002769259609885836,0.0021917860542127274,0.002511934578985372,0.0019284299679005364,0.001226314600385017,0.0005684269725555122,0.0007895656709855994,0.000515152649751903,0.0017087990333233827,0.0011579626390520806,0.001182589448649976,0.0007362913481819867,0.0014610231734914925,0.0015107793806382625,0.0004442877486640802,0.0011137348993660642,0.0005377691075458893,0.00028245442844933646,0.0005779761436240857,0.0017072912694704508,0.0009423524080827486,0.0007478508710544694,0.0021782161795363356,0.002769259609885836,0.0003126097055079838,0.002513944930789283,0.0012665216364632133,0.0013333658339432161,0.0016786437562647354,0.0010453829380331278,0.0019902482858707646,0.00048650513654618574,0.0006980946639076994,0.0013635211110018652,0.001130822889699297,0.00023269822130256648,0.0038910359164675383,0.0021359987916542283,0.002967781850521935,0.0009348135888180859,0.0023325106804864184,0.00017540319489113554,0.0013539719399332916,0.0007609181577798822,0.00025380691524361926,0.0008257520034559776,0.003181381729687358,0.0018233890861462446,0.0004312204619386674,0.001070009747631025,0.002368697012956795,0.0010931287933759887,0.002780819132758317,0.0028381141591697478,0.0008885754973281586,0.0006181831797022821,0.0005513389822222811,0.0006523591603687512,0.0004824844329383675,0.0012016877907871197,0.0026416022703375595,0.0019148600932241445,0.0020676468303212937,0.0005282199364773157,0.0006217012953591249,0.0013600029953450225,0.0006181831797022821,0.0006352711700355167,0.00038699272225264925,0.0009348135888180859,0.001186610152257796,0.0006066236568298029,0.000869979743141994,0.0020616157749095646,0.00500125270017676,0.003038646751609756,0.0012891380942571997,0.0017545345368623327,0.00023822668876331832,0.0008795289142105658,0.0018635961222244427,0.0019128497414202337,0.0004462981004679893,0.0016424574237943572,0.0017872027536758681,0.0016575350623236808,0.0006980946639076994,0.001588680513039769,0.0016308979009218762,0.0009242592418475595,0.0012378741232574979,0.0014514740024229207,0.0014208161374132961,0.0016595454141275917,0.0028134873495718523,0.0011730402775814042,0.0025425924439949985,0.0012016877907871197,0.0019796939389002365,0.0011484134679835088,0.001794741572940529,0.0011680143980716297,0.0005417898111537076,0.0006312504664276984,0.0003432675705176101,0.0019264196160966255,0.0011655014583167433,0.002674270487151095,0.001443935183158258,0.0018731452932930145,0.0013695521664135943,0.000774488032456274,0.0005302302882812249,0.0007875553191816903,0.0014610231734914925,0.00025179656343971013,0.0008011251938580821,0.001186610152257796,0.0005015827750755111,0.0013082364363943434,0.0014725826963639735,0.0023782461840253667,0.0030175380576687033,0.0010378441187684669,0.00219932487347739,0.0005608881532908512,0.000715182654240934,0.0005397794593497984,0.0009900982634256077,0.0010584502247585423,0.0013006976171296807,0.00046338609080122384,0.000715182654240934,0.0020867451724584374,0.002403375581574241,0.0027466431520918495,0.003696534379439259,0.0010850873861603487,0.0003397494548607674,0.0002930087754198611,0.0004940439558108502,0.0009041557238084613,0.0007212137096526648,0.0013238166628746443,0.0004980646594186684,0.00025179656343971013,0.0018138399150776727,0.0010091966055627514,0.0005608881532908512,0.0004885154883500983,0.0009936163790824504,0.0005779761436240857,0.00046338609080122384,0.0009765283887492159,0.000923254065945605,0.0010795589186995969,0.0005206811172126548,0.0021324806759973874,0.0009157152466809423,0.0005910434303494985,0.0011252944222385451,0.002628534983612145,0.00043674892939941923,0.0008151976564854495,0.0006925661964469476,0.0005166604136048365,0.0004292101101347548,0.0004025729487329502,0.0010891080897681687,0.001647985891255109,0.0009900982634256077,0.0009076738394653023,0.001024274244092075,0.0008795289142105658,0.0004789663172815248,0.0011499212318364423,0.0012705423400710333,0.0020143725075176828,0.0010549321091016996,0.0006810066735744649,0.0024948465886521394,0.001130822889699297,0.0033150701246473634,0.0023842772394370975,0.00185605730295978,0.00043222563784062196,0.000415640235458363,0.0007192033578487522,0.0004709249100658848,0.0010931287933759887,0.0017796639344112054,0.0004824844329383675,0.0008885754973281586,0.0016881929273333072,0.002826554636297267,0.0015791313419711971,0.0022887855287513775,0.0004292101101347548,0.0006543695121726603,0.00035482709339008933,0.0006483384567609295,0.0011082064319053123,0.0009840672080138786,0.0013655314628057743,0.00042167129087009383,0.0019264196160966255,0.0028381141591697478,0.0008106743649266522,0.00032517440428242103,0.0016248668455101471,0.0007227214735055949,0.0009659740417786895,0.00044227739686017106,0.0010453829380331278,0.001239884475061407,0.000665426447094164,0.000616172827898373,0.002535053624730336,0.0018635961222244427,0.002101822810987761,0.0011423824125717796,0.00044227739686017106,0.0003950341294682892,0.0006639186832412339,0.00048650513654618574,0.0007609181577798822,0.0015087690288343517,0.0019721551196355755,0.0002729052573807629,0.000816202832387404,0.0011368539451110278,0.002168667008467764,0.002151579018134531,0.0005628985050947603,0.0013006976171296807,0.001012714721219594,0.0006609031555353667,0.0012569724653946415,0.001012714721219594,0.0001945015370282792,0.0022294801505360375,0.0025883279475339485,0.002117403037468062,0.0020942839917230983,0.0013102467881982525,0.0011996774389832106,0.00030406571034136826,0.0012549621135907324,0.0003528167415861802,0.000623711647163034,0.000964968865876735,0.0015791313419711971,0.0025501312632596612,0.0017148300887351135,0.001808311447616921,0.001024274244092075,0.0005282199364773157,0.0013655314628057743,0.0009926112031804941,0.00034728827412542837,0.0007342809963780776,0.0007574000421230395,0.00021359987916542283,0.0010011551983471114,0.0005930537821534111,0.00039855224512513193,0.0015333958384322471,0.0006196909435552157,0.0009554196948081631,0.0007036231313684513,0.0006387892856923594,0.000499572423271602,0.000952906755053275,0.0008468606973970304,0.0006960843121037903,0.002010351803909863,0.0027883579520229795,0.0011519315836403515,0.002161128189203103,--,--,--
57,0.0013941789760114898,0.000373925435527233,0.001175050629385315,0.0013102467881982525,0.0018656064740283518,0.0020847348206545265,0.0012891380942571997,0.0010644812801702715,0.0009996474344941796,0.00045182656792874115,0.0006141624760944639,0.0004729352618697939,0.000616172827898373,0.0006312504664276984,0.0006769859699666467,0.0014097592024917907,0.000877518562406655,0.0008564098684656022,0.001798762276548349,0.000865959039534174,0.0012227964847281742,0.0008051458974659004,0.0012625009328553934,0.0008543995166616913,0.0008277623552598867,0.0013539719399332916,0.0003699047319194147,0.001239884475061407,0.0009307928852102659,0.0009820568562099678,0.0026013952342593613,0.0015047483252265317,0.001546965713108639,0.0011921386197185479,0.0008468606973970304,0.0011137348993660642,0.0004131272957034783,0.0006026029532219812,0.0008297727070637959,0.0009076738394653023,0.0007438301674466477,0.0006749756181627375,0.002864751320571554,0.0014801215156286362,0.0011976670871793015,0.0008257520034559776,0.0010835796223074168,0.0009880879116216969,0.0007096541867801821,0.0017530267730094008,0.0009363213526710178,0.003147205749020889,0.0010870977379642578,0.0021932938180656593,0.0023405520877020566,0.0037729277479878337,0.0018847048161654955,0.001493691390305028,0.0025501312632596612,0.0006121521242905548,0.000515152649751903,0.0004674067944090421,0.0010509114054938814,0.0008468606973970304,0.002058097659252722,0.0003910134258604675,0.0014017177952761525,0.003963408581408293,0.0012625009328553934,0.0007001050157116086,0.0008885754973281586,0.0010604605765624532,0.0005628985050947603,0.00016233590816572274,0.000865959039534174,0.0007679543890935676,0.0005759657918201766,0.0022792363576828057,0.0008202235359952258,0.0016575350623236808,0.0007398094638388295,0.0006046133050258903,0.001987232758164899,0.00044830845227189844,0.0010755382150917769,0.0003281899319882847,0.0005970744857612294,0.0019776835870963273,0.0009689895694845532,0.0009820568562099678,0.0017545345368623327,0.0033055209535787916,0.003440717112391729,0.001134843593307117,0.0003261795801843756,0.0010986572608367405,0.0011559522872481715,0.0006789963217705558,0.0008202235359952258,0.0013655314628057743,0.002273707890222054,0.0025978771186025203,0.0014610231734914925,0.0007418198156427386,0.0009594403984159814,0.0020254294424391864,0.001850026247548051,0.0008428399937892104,0.000457857623340472,0.0010584502247585423,0.0013238166628746443,0.0011212737186307251,0.0013484434724725398,0.0015524941805693908,0.0010986572608367405,0.0017449853657937608,0.0006026029532219812,0.0011368539451110278,0.0013102467881982525,0.0007860475553287567,0.0005789813195260403,0.00022214387433204183,0.0002528017393416647,0.00031663040911580204,0.0011614807547089233,0.0017128197369312027,0.0024812767139757476,0.0013504538242764506,0.002521483750053944,0.001129315125846365,0.00160426073952007,0.0008202235359952258,0.0001879678936655728,0.00015529967685203733,0.0007574000421230395,0.0013449253568156988,0.001327334778531487,0.00017741354669504467,0.00032416922838046647,0.0016746230526569154,0.002715985287082223,0.001489670686697208,0.0021802265313402465,0.0014771059879227708,0.0007001050157116086,0.0006493436326628875,0.0009348135888180859,0.0005779761436240857,0.001274060455727876,0.0011956567353753906,0.0010031655501510223,0.003595514201292789,0.001432375660285777,0.002775290665297565,0.0008182131841913132,0.0012036981425910306,0.0016555247105197717,0.0008307778829657504,0.0011061960801014015,0.0002899932477139974,0.0007875553191816903,0.0012378741232574979,0.0018691245896851946,0.0009458705237395913,0.0017660940597348136,0.00234608055516281,0.0005980796616631839,0.0007438301674466477,0.0006598979796334122,0.0020942839917230983,0.000457857623340472,0.0012454129425221606,0.0005950641339573202,0.0006845247892313076,0.0008870677334752268,0.002353619374427471,0.0017816742862151163,0.0018711349414891037,0.0011212737186307251,0.000707643834976273,0.0005789813195260403,0.00037191508372332385,0.00044177480890919205,0.00025380691524361926,0.0006940739602998812,0.002216412863810623,0.0019148600932241445,0.0021666566566638547,0.0013333658339432161,0.0009423524080827486,0.0006558772760255939,0.0005357587557419802,0.00033020028379219385,0.000715182654240934,0.0005262095846734066,0.0002231490502339964,0.00025581726704753185,0.0008830470298674068,0.000415640235458363,0.0022219413312713748,0.0024320230947799566,0.0013333658339432161,0.0019113419775673018,0.0007589078059759731,0.0012795889231886279,0.0015585252359811216,0.0020349786135077583,0.0012514439979338897,0.0008679693913380832,0.001074030451238845,0.0023023554034277693,0.0014665516409522444,0.0018193683825384263,0.0013293451303353961,0.002418453220103565,0.0015585252359811216,0.0010011551983471114,0.00042368164267400296,0.0004940439558108502,0.0011730402775814042,0.0011785687450421578,0.0010529217572977905,0.0027561923231604214,0.0021741954759285156,0.002464188723642513,0.0019128497414202337,0.001232345655796746,0.0005724476761633339,0.0007860475553287567,0.0005206811172126548,0.001697742098401879,0.0011770609811892242,0.0011901282679146388,0.0007553896903191304,0.001430365308481868,0.0014841422192364562,0.0004538369197326503,0.0010870977379642578,0.0005473182786144594,0.0002899932477139974,0.0005739554400162675,0.0017721251151465445,0.0009212437141416941,0.000764938861387704,0.0021762058277324265,0.0027501612677486922,0.0003126097055079838,0.0025003750561128912,0.0012589828171985507,0.0013409046532078788,0.0016706023490490954,0.0010091966055627514,0.0019761758232433955,0.0005272147605753612,0.0007011101916135631,0.0014057384988839707,0.0011634911065128324,0.00023269822130256648,0.0038262020707914447,0.0021400194952620483,0.003027087228737275,0.0009076738394653023,0.0022847648251435593,0.00017942389849895726,0.001384629804942918,0.0007684569770445467,0.0002613457345082837,0.0008393218781323694,0.003089910722609458,0.0018213787343423354,0.00045986797514438113,0.0010911184415720778,0.002376738420172435,0.0010644812801702715,0.002759710438817264,0.0027582026749643305,0.0009383317044749286,0.000623711647163034,0.0005799864954279949,0.0006196909435552157,0.0004558472715365629,0.001274060455727876,0.0026013952342593613,0.0018882229318223382,0.0021897757024088183,0.0005548570978791238,0.0006217012953591249,0.001430365308481868,0.0006448203411040902,0.0006845247892313076,0.0004196609390661847,0.0009634611020238014,0.0011941489715224587,0.0006005926014180721,0.0008488710492009395,0.0020867451724584374,0.004886662647353898,0.002979341373394416,0.0013333658339432161,0.0017183482043919545,0.00025581726704753185,0.0008639486877302632,0.0018902332836262473,0.0019033005703516619,0.00044830845227189844,0.0015489760649125498,0.00179273122113662,0.0016424574237943572,0.0007096541867801821,0.001539426893843978,0.001634416016578719,0.0009317980611122222,0.001228324952188926,0.0014172980217564534,0.0015142974962951035,0.0016459755394512,0.002717995638886134,0.0011996774389832106,0.0025405820921910894,0.001224304248581106,0.0019284299679005364,0.001123284070434636,0.0018233890861462446,0.0012112369618556915,0.0005548570978791238,0.0006694471507019857,0.0003643762644586629,0.0018731452932930145,0.0011614807547089233,0.0026456229739453795,0.0014228264892172052,0.001844497780087299,0.0013238166628746443,0.0007971044902502604,0.0005206811172126548,0.0008106743649266522,0.0015238466673636753,0.0002593353827043711,0.0008011251938580821,0.0011519315836403515,0.0004980646594186684,0.0013293451303353961,0.001493691390305028,0.002331002916633485,0.003032615696198027,0.0010298027115528269,0.0021666566566638547,0.0005970744857612294,0.0007287525289173258,0.0005513389822222811,0.000980549092357036,0.0010378441187684669,0.0012971795014728397,0.00046338609080122384,0.0007247318253095041,0.001991253461772719,0.0024053859333781503,0.0027104568196214714,0.0036201410108906845,0.0011061960801014015,0.0003593503849488866,0.00030708123804723195,0.000499572423271602,0.000923254065945605,0.0007227214735055949,0.0013027079689335915,0.0005186707654087457,0.00024425774417504917,0.0018213787343423354,0.0009709999212884641,0.0005950641339573202,0.000524701820820473,0.001012714721219594,0.0005453079268105503,0.0005111319461440812,0.0009765283887492159,0.0009383317044749286,0.0011443927643756888,0.0005056034786833294,0.0021229315049288155,0.0009614507502198923,0.0005930537821534111,0.001134843593307117,0.002624514280004325,0.00042719975833084567,0.0008267571793579322,0.0006820118494764195,0.0005684269725555122,0.00041212211980152375,0.0003930237776643801,0.0010604605765624532,0.0016726127008530062,0.0010107043694156832,0.0008925962009359786,0.0010549321091016996,0.0008679693913380832,0.00048650513654618574,0.001127304774042456,0.001274060455727876,0.001975170647341439,0.0010564398729546332,0.000616172827898373,0.0025003750561128912,0.0011675118101206524,0.003252246630775179,0.0023822668876331866,0.0018424874282833882,0.00046539644260513297,0.0004674067944090421,0.0007362913481819867,0.0004558472715365629,0.0010835796223074168,0.00183846672467557,0.0004920336040069376,0.0009076738394653023,0.0016459755394512,0.0027466431520918495,0.0015851623973829262,0.0022470707288202493,0.00045182656792874115,0.0007056334831723604,0.0003930237776643801,0.0006468306929079994,0.0011539419354442606,0.0009820568562099678,0.0013524641760803598,0.0004312204619386674,0.001895761751087001,0.002876310843444035,0.0007780061481131167,0.0003709099078213693,0.0016057685033730035,0.0007342809963780776,0.0009519015791513204,0.0004442877486640802,0.001024274244092075,0.0012609931690024615,0.0006980946639076994,0.0006026029532219812,0.002456649904377852,0.00189375139928309,0.0020847348206545265,0.0011539419354442606,0.0004709249100658848,0.000415640235458363,0.000665426447094164,0.00048650513654618574,0.0007800164999170259,0.0015258570191675862,0.0019761758232433955,0.0002899932477139974,0.000816202832387404,0.001129315125846365,0.0022676768348103248,0.00210383316279167,0.0005875253146926593,0.0013067286725414115,0.0010328182392586923,0.0006830170253783775,0.0012876303304042679,0.001028294947699895,0.0001945015370282792,0.0021973145216734793,0.0025405820921910894,0.0020983046953309183,0.00209026328811528,0.0013218063110707352,0.0011996774389832106,0.0003146200573118929,0.0012609931690024615,0.0003643762644586629,0.0006749756181627375,0.0009498912273474096,0.0015107793806382625,0.0025637011379360513,0.0017108093851272935,0.0018213787343423354,0.0010212587163862096,0.0005513389822222811,0.001338894301403968,0.0009870827357197423,0.0003678943801155056,0.0007362913481819867,0.0007935863745934177,0.00021912834662617467,0.0009765283887492159,0.0005910434303494985,0.0003678943801155056,0.001535406190236158,0.0006101417724866422,0.000978538740553125,0.0006865351410352168,0.0006312504664276984,0.0005186707654087457,0.0009468756996415459,0.0008222338877991349,0.0007458405192505603,0.00204854848818415,0.002677788602807936,0.0011212737186307251,0.0021284599723895674,--,--,--
58,0.0028456529784344105,0.0014017177952761525,0.004234303486985147,0.0024832870657796567,0.0020676468303212937,0.0028707823759832832,0.002926067050590805,0.0016575350623236808,0.0012589828171985507,0.00025732503090046197,0.0012177706052183997,0.0013620133471489316,0.001228324952188926,0.0006960843121037903,0.0013921686242075806,0.002965771498718024,0.0017168404405390227,0.0019284299679005364,0.002410914400838902,0.0006372815218394258,0.00185605730295978,0.0011519315836403515,0.0036889955601745964,0.0013027079689335915,0.0024395619140446176,0.0026456229739453795,0.000515152649751903,0.0020807141170467083,0.001652006594862929,0.001274060455727876,0.002832585691708996,0.0027979071230915514,0.0016650738815883435,0.0038679168707225747,0.0010624709283663623,0.0035130897773324836,0.0020113569798118174,0.0002030455321948947,0.0009423524080827486,0.001951046425694521,0.001130822889699297,0.0013655314628057743,0.0029868801926590787,0.0018711349414891037,0.0019681344160277555,0.0006960843121037903,0.0020430200207233983,0.0012016877907871197,0.0003678943801155056,0.006784434750244808,0.0009916060272785396,0.002786850188170046,0.0017168404405390227,0.00185605730295978,0.003143185045413069,0.003639239353027828,0.0019073212739594819,0.0020334708496548264,0.004819818449873895,0.0013655314628057743,0.0007669492131916131,6.282349387218278e-05,0.001228324952188926,0.0008508814010048486,0.002256619899888821,0.0007458405192505603,0.0028381141591697478,0.005340499567086548,0.00179273122113662,0.0005091215943401721,0.0009860775598177877,0.0018882229318223382,0.0012358637714535887,0.0001563048527539919,0.0013941789760114898,0.0009458705237395913,0.0006810066735744649,0.0038699272225264855,0.0025405820921910894,0.0019495386618415891,0.0010795589186995969,0.0014459455349621689,0.002979341373394416,0.0009307928852102659,0.002273707890222054,0.0009172230105338741,0.0015333958384322471,0.0020792063531937747,0.001652006594862929,0.0015333958384322471,0.0016057685033730035,0.003948330942878969,0.004999242348372851,0.001226314600385017,0.0004558472715365629,0.0019339584353612882,0.0019284299679005364,0.0006558772760255939,0.0014077488506878816,0.003025076876933366,0.003072822732276225,0.004066439111358674,0.0018424874282833882,0.0014725826963639735,0.0015962193323044317,0.002670249783543275,0.004007133733143334,0.0005322406400851375,0.0010835796223074168,0.00335125645711774,0.0014419248313543489,0.002571239957200714,0.0018213787343423354,0.0020254294424391864,0.0026094366414750013,0.002929585166247646,0.0012072162582478733,0.0031527342164816407,0.002561690786132142,0.0014228264892172052,0.00044177480890919205,0.0005292251123792703,0.0005438001629576167,0.00022867751769474823,0.002559680434328233,0.002666229079935455,0.002004823336449111,0.0018349486090187273,0.0030039681829923115,0.0015087690288343517,0.0032577750982359325,0.0009720050971904187,0.00011911334438165916,6.081314206827365e-05,0.001995274165380539,0.002777301017101474,0.002580789128269286,0.00048650513654618574,0.0016138099105886417,0.0021324806759973874,0.0026380841546807168,0.0018103217994208318,0.0036241617144985045,0.0038337408900561074,0.0009021453720045505,0.0010413622344253096,0.0019304403197044455,0.0011559522872481715,0.0009956267308863596,0.002885860014512607,0.0014228264892172052,0.004075988282427246,0.0026320530992689876,0.005079153832578266,0.0018691245896851946,0.002525504453661764,0.003337686582441348,0.0007056334831723604,0.0008332908227206386,0.0004558472715365629,0.0011579626390520806,0.0014761008120208162,0.0015982296841083408,0.001184599800453887,0.003036636399805847,0.003042164867266599,0.001081569270503506,0.0008800315021615431,0.0011976670871793015,0.0027124671714253822,0.00017841872259699923,0.0014876603348932989,0.0010549321091016996,0.0014474532988151007,0.0012514439979338897,0.002981351725198325,0.003187412785099087,0.0051630860203915035,0.0010413622344253096,0.001281599274992537,0.001020253540484255,0.00010705123355820093,0.0005438001629576167,0.0009041557238084613,0.0018595754186166227,0.0019113419775673018,0.005233950921479326,0.003345727989656988,0.0009745180369453068,0.0012303353039928352,0.0005588778014869421,0.0008905858491320695,0.0002367189249103882,9.549171068571824e-05,0.0004091065920956566,0.0007780061481131167,0.0006181831797022821,0.003593503849488878,0.0016173280262454844,0.0026988972967489904,0.005085184887989997,0.0021666566566638547,0.005218370694999025,0.0016077788551769126,0.0051630860203915035,0.0028094666459640323,0.005462628439174073,0.0024546395525739412,0.0016097892069808217,0.0012931587978650197,0.002681809306415756,0.002406893697231082,0.0021877653506049075,0.0024968569404560485,0.004661503245315992,0.005052516671176462,0.0035744055073517345,0.0005166604136048365,0.00026536643811610194,0.0020178906231745238,0.0019681344160277555,0.0019168704450280537,0.002303863167280703,0.002294313996212131,0.0026013952342593613,0.0034201110064016535,0.0022410396734085184,0.0013047183207375006,0.0026054159378671813,0.0016917110429901499,0.00234608055516281,0.0011634911065128324,0.0029451653927279487,0.0010378441187684669,0.0023345210322903275,0.0017278973754605263,0.0011941489715224587,0.002414935104446722,0.0002115895273615137,0.0011775635691402015,0.0007116645385840913,0.004802730459540661,0.0017490060694015808,0.0005533493340261902,0.002807456294160123,0.0034025204281174417,0.0012625009328553934,0.006309489136571103,0.0019495386618415891,0.0011423824125717796,0.0021284599723895674,0.00214956866633062,0.005970242269661313,0.00046338609080122384,0.0012931587978650197,0.0025481209114557504,0.0007629285095837914,0.00048047408113445836,0.004161930822044392,0.0034065411317252617,0.004018693256015815,0.001437904127746529,0.004030252778888296,0.00045182656792874115,0.0029466731565808806,0.0015203285517068343,0.0001698747274303837,0.0012036981425910306,0.0032215887657655543,0.0032633035656966843,0.0009328032370141768,0.0014630335252954017,0.0031663040911580325,0.0012931587978650197,0.0058782686746324374,0.0023325106804864184,0.0007724776806523649,0.000978538740553125,0.001636426368382628,0.0006407996374962685,0.0010946365572289205,0.002155097133791372,0.002823036520640424,0.0017263896116075945,0.0028154977013757614,0.00018696271776361822,0.0009267721816024459,0.001278081159335696,0.001327334778531487,0.00022515940203790552,0.0006121521242905548,0.0006980946639076994,0.0018691245896851946,0.001384629804942918,0.0017052809176665417,0.005052516671176462,0.007969034550698693,0.0034181006545977426,0.0022546095480849102,0.004211184441240185,0.0004015677728309956,0.00395034129468288,0.0024415722658485284,0.0012514439979338897,0.0010644812801702715,0.0034025204281174417,0.003917673077869345,0.0019892431099688083,0.001697742098401879,0.003242697459706607,0.0036829645047628673,0.0021942989939676156,0.0034256394738624053,0.005792828722966268,0.004013164788555063,0.002054076955644902,0.0045509338961009504,0.002410914400838902,0.002628534983612145,0.0016097892069808217,0.0031240867032759252,0.0023385417358981475,0.0038186632515267837,0.0017540319489113554,0.000749358634907403,0.0008202235359952258,0.001129315125846365,0.004056889940290102,0.0016077788551769126,0.0029924086601198305,0.0017128197369312027,0.002628534983612145,0.00209026328811528,0.0013047183207375006,0.001022263892288166,0.0014132773181486334,0.0039272222489379165,0.00015077638529324006,0.0024928362368482285,0.0014610231734914925,0.0012358637714535887,0.002315422690153184,0.003078351199736977,0.0024757482465149958,0.0045549545997087704,0.0012589828171985507,0.0056284824629966364,0.0006609031555353667,0.000764938861387704,0.000774488032456274,0.0020274397942430956,0.0016891981032352617,0.0010011551983471114,0.001186610152257796,0.0007342809963780776,0.0027903683038268887,0.003500022490607071,0.006921641260861656,0.0059335533492399575,0.002452629200770032,0.0003643762644586629,0.0004473032763699439,0.0007513689867113121,0.0009363213526710178,0.0010795589186995969,0.002410914400838902,0.0009348135888180859,0.000782026851720935,0.002811476997767943,0.0027009076485528995,0.0005302302882812249,0.0022928062323591975,0.0033075313053827007,0.0010453829380331278,0.0006905558446430385,0.0011770609811892242,0.003072822732276225,0.001794741572940529,0.0018213787343423354,0.0033130597728434526,0.0008905858491320695,0.0008222338877991349,0.004331805549474776,0.004052869236682282,0.002420463571907474,0.001074030451238845,0.0012338534196496779,0.0001467556816854218,0.0009348135888180859,0.001182589448649976,0.0027426224484840295,0.0020254294424391864,0.0018731452932930145,0.0012836096267964479,0.0018309279054109073,0.0017168404405390227,0.0008584202202695113,0.002761720790621173,0.0012052059064439624,0.002940139513218174,0.002565208901788985,0.001331355482139307,0.0029486835083847914,0.002664721316082523,0.0049474757894221715,0.0028436426266304996,0.00334723575350992,0.0007383016999858959,0.000415640235458363,0.0010338234151606469,0.000774488032456274,0.0009423524080827486,0.0027406120966801204,0.0010167354248274123,0.0015791313419711971,0.002351609022623562,0.0046976895777863705,0.0024491110851131894,0.005086692651842929,0.0004558472715365629,0.0009348135888180859,6.48338456760919e-05,0.0005186707654087457,0.0015122871444911944,0.0006141624760944639,0.0022928062323591975,0.0004292101101347548,0.0015831520455790171,0.0029622533830611815,0.0017052809176665417,0.0005814942592809284,0.003229127585030217,0.0013122571400021633,0.002351609022623562,0.00046539644260513297,0.0023440702033588993,0.001485649983089388,0.0006257219989669466,0.0006181831797022821,0.002786850188170046,0.001485649983089388,0.0035151001291363945,0.001546965713108639,0.0006026029532219812,0.00017741354669504467,0.0017012602140587217,0.0009363213526710178,0.0040739779306233365,0.0036412497048317373,0.002355629726231382,0.0007991148420541695,0.0009634611020238014,0.0013579926435411116,0.0020751856495859547,0.0031683144429619434,0.0009539119309552296,0.002258127663741753,0.0012444077666202043,0.001765088883832859,0.0015163078480990144,0.0013826194531390088,0.0006865351410352168,0.002218423215614534,0.0029084764723065933,0.0030592528575998333,0.004488110402228768,0.002874300491640126,0.0027521716195526014,0.0003633710885567083,0.001111221959611176,0.00041413247160543287,0.001184599800453887,0.0017565448886662418,0.002735083629219367,0.0025501312632596612,0.002006331100302043,0.002677788602807936,0.0020430200207233983,0.0007991148420541695,0.003080361551540886,0.001668089409294209,0.00017188507923429283,0.0008393218781323694,0.00214956866633062,0.00023068786949865736,0.0018635961222244427,0.0009061660756123704,0.0006619083314373213,0.0016077788551769126,0.00185203659935196,0.0016233590816572135,0.001134843593307117,0.0010413622344253096,0.0002744130212336965,0.003662860986723769,0.001840477076479479,0.0011197659547777933,0.0029602430312572724,0.0031049883611387816,0.00204452778457633,0.0019053109221555727,--,--,--
59,0.0026968869449450796,0.001281599274992537,0.003912144610408593,0.002418453220103565,0.00204452778457633,0.0029049583566497506,0.003030605344394118,0.0016861825755293963,0.001186610152257796,0.000249786211635801,0.001184599800453887,0.0013981996796193098,0.0011996774389832106,0.0006789963217705558,0.001335376185747127,0.002922046346982985,0.0017851924018719573,0.0020410096689194874,0.0023918160587017585,0.0007056334831723604,0.0017701147633426336,0.0011328332415032078,0.0035130897773324836,0.001285619978600357,0.0024280023911721366,0.0024852974175835676,0.0004960543076147593,0.002115392685664153,0.0017108093851272935,0.001285619978600357,0.003032615696198027,0.002826554636297267,0.0015851623973829262,0.0037136223697724936,0.0010167354248274123,0.003391463493195938,0.0018656064740283518,0.00020957917555760458,0.0009348135888180859,0.0018349486090187273,0.0011212737186307251,0.0014534843542268298,0.0030748330840801343,0.001798762276548349,0.0019681344160277555,0.0007001050157116086,0.00204452778457633,0.0010850873861603487,0.0003759357873311456,0.006727139723833377,0.0009936163790824504,0.0027923786556307995,0.0017108093851272935,0.002000802632841291,0.0031909309007559297,0.0036241617144985045,0.001850026247548051,0.0019817042907041473,0.004957024960490743,0.0013162778436099833,0.000816202832387404,6.885454928391363e-05,0.001226314600385017,0.0008523891648577822,0.0022792363576828057,0.000715182654240934,0.0028913884819733587,0.00554253992337949,0.001808311447616921,0.000457857623340472,0.0009307928852102659,0.0018233890861462446,0.001232345655796746,0.0001412272142246665,0.0012931587978650197,0.0009001350202006413,0.0007096541867801821,0.0040322631306922065,0.0026094366414750013,0.0020158802713706146,0.001134843593307117,0.0015776235781182653,0.0028180106411306496,0.0009614507502198923,0.002204853340938142,0.0009328032370141768,0.0014343860120896862,0.001991253461772719,0.0017278973754605263,0.00160426073952007,0.0017108093851272935,0.003963408581408293,0.0049474757894221715,0.0012338534196496779,0.00045031880407581104,0.001850026247548051,0.0019284299679005364,0.0007192033578487522,0.0013047183207375006,0.0030099992384040406,0.003072822732276225,0.004054879588486193,0.001995274165380539,0.0016439651876472908,0.0016630635297844344,0.0025521416150635703,0.003953859410339721,0.0005226914690165639,0.0010604605765624532,0.0033723651510587944,0.0013921686242075806,0.0025385717403871785,0.0017831820500680481,0.0020294501460470064,0.0027104568196214714,0.0030195484094726124,0.001228324952188926,0.003084382255148706,0.0026380841546807168,0.001390660860354647,0.00044830845227189844,0.0004940439558108502,0.0005598829773888966,0.00022515940203790552,0.0025998874704064295,0.002826554636297267,0.002155097133791372,0.0017776535826072963,0.0028974195373850896,0.0013791013374821661,0.0032693346211084134,0.0009911034393275623,0.00012212887208752285,6.081314206827365e-05,0.0019264196160966255,0.002582799480073195,0.002571239957200714,0.0005131422979479938,0.0014610231734914925,0.0021741954759285156,0.002561690786132142,0.00179273122113662,0.0036889955601745964,0.003823186543085581,0.0009307928852102659,0.0010584502247585423,0.0019741654714394846,0.0011137348993660642,0.000978538740553125,0.002984869840855168,0.0015218363155597662,0.004200127506318679,0.002681809306415756,0.005062065842245033,0.0017299077272644372,0.002525504453661764,0.0032713449729123226,0.0006940739602998812,0.0009041557238084613,0.0004558472715365629,0.0011579626390520806,0.0015736028745104453,0.0015107793806382625,0.0012052059064439624,0.0030059785347962224,0.0030175380576687033,0.0011082064319053123,0.0007945915504953723,0.001186610152257796,0.0027903683038268887,0.00019098342137143648,0.001436396363893597,0.0010891080897681687,0.0014208161374132961,0.001373070282070437,0.002975320669786596,0.003072822732276225,0.005231940569675417,0.0010468907018860614,0.0011976670871793015,0.0009926112031804941,0.00010102017814647007,0.0005438001629576167,0.0008850573816713177,0.00175101642120549,0.002006331100302043,0.005393773889890161,0.003339696934245259,0.0010338234151606469,0.0012187757811203542,0.0005322406400851375,0.0007971044902502604,0.00024224739237114004,0.0001030305299503792,0.00038699272225264925,0.0007553896903191304,0.0006066236568298029,0.003680954152958958,0.0017052809176665417,0.0028476633302383196,0.004875103124481415,0.0021932938180656593,0.00529878476715542,0.001590690864843678,0.005048998555519619,0.0027788087809544077,0.0054721776102426446,0.002462178371838604,0.0016288875491179654,0.0014172980217564534,0.002811476997767943,0.0025425924439949985,0.0023420598515549902,0.0024415722658485284,0.0045469131924931305,0.004918828276216456,0.003551286461606771,0.0005262095846734066,0.0002744130212336965,0.0020430200207233983,0.002010351803909863,0.00204452778457633,0.002264158719153482,0.0021857549988009983,0.002571239957200714,0.0033170804764512726,0.002099812459183852,0.0013539719399332916,0.0026054159378671813,0.0016173280262454844,0.002351609022623562,0.0012187757811203542,0.0030019578311884024,0.0011212737186307251,0.0022505888444770902,0.00183846672467557,0.0011785687450421578,0.0021822368831441556,0.0002347085731064756,0.0012082214341498278,0.0007021153675155212,0.004589130580375238,0.0016801515201176672,0.0005206811172126548,0.0027104568196214714,0.0034753956810091736,0.0014002100314232189,0.0063039606691103495,0.0019530567774984318,0.001186610152257796,0.002050558839988059,0.0020294501460470064,0.006122526418807485,0.0004759507895756611,0.0012921536219630634,0.002422473923711385,0.0008141924805834949,0.000408101416193702,0.004375530701209815,0.00345629733887203,0.004037791598152958,0.001338894301403968,0.0038357512418600165,0.00046338609080122384,0.0028933988337772696,0.0014951991541579598,0.00017741354669504467,0.0011941489715224587,0.003297982134314129,0.003286422611441648,0.0009212437141416941,0.0014112669663447243,0.0030135173540608833,0.001224304248581106,0.005838564226505217,0.002359147841888223,0.0007533793385152213,0.0009383317044749286,0.0015776235781182653,0.0006448203411040902,0.0011122271355131323,0.00215358936993844,0.0029562223276494524,0.0016917110429901499,0.0028381141591697478,0.0001814342503028664,0.000869979743141994,0.0013082364363943434,0.0012625009328553934,0.00021359987916542283,0.0006468306929079994,0.0007021153675155212,0.00180077262835226,0.0014112669663447243,0.0017128197369312027,0.005128910039725036,0.007923299047159745,0.0034733853292052645,0.002058097659252722,0.004118205670309353,0.00038699272225264925,0.0038241917189875355,0.0023822668876331866,0.0012454129425221606,0.0010147250730235032,0.003341707286049168,0.00394229988746724,0.0019304403197044455,0.00175101642120549,0.0031110194165505124,0.0037191508372332455,0.002056087307448811,0.003423629122058496,0.005743072515819498,0.004016682904211906,0.002056087307448811,0.004589130580375238,0.002626524631808236,0.0026094366414750013,0.001739456898333009,0.0030039681829923115,0.002214402512006714,0.0039272222489379165,0.001794741572940529,0.0006905558446430385,0.000823741651652065,0.0010679993958271142,0.004003615617486491,0.0016384367201865372,0.003143185045413069,0.0017339284308722572,0.0025863175957300377,0.0021400194952620483,0.0011785687450421578,0.0010187457766313232,0.0014610231734914925,0.003967429285016113,0.0001346935708619601,0.0024832870657796567,0.0014650438770993125,0.0012052059064439624,0.0024335308586328885,0.003128107406883745,0.0025174630464461258,0.0043885979879352294,0.0012418948268653179,0.0055254519330462555,0.0006141624760944639,0.0007192033578487522,0.0007533793385152213,0.0019721551196355755,0.0016429600117453345,0.0011041857282974923,0.0012494336461299788,0.000707643834976273,0.002872290139836215,0.003385432437784209,0.006731160427441195,0.0059792888527789075,0.002319443393761004,0.00034728827412542837,0.00043373340169355207,0.0007342809963780776,0.0010489010536899705,0.0010489010536899705,0.0024471007333092803,0.0008810366780634977,0.0007589078059759731,0.0028476633302383196,0.0024852974175835676,0.0005186707654087457,0.002216412863810623,0.003343717637853079,0.0009669792176806441,0.0006885454928391294,0.0011614807547089233,0.003179371377883447,0.0017339284308722572,0.0018902332836262473,0.0033532668089216507,0.0009137048948770331,0.000806653661318834,0.004356432359072671,0.00379956490938964,0.002273707890222054,0.0010976520849347842,0.0011644962824147887,0.00013720651061684824,0.0008508814010048486,0.001169019573973586,0.0027009076485528995,0.0020942839917230983,0.0019796939389002365,0.0011785687450421578,0.0018289175536069981,0.0017319180790683463,0.0008564098684656022,0.0027561923231604214,0.0012207861329242634,0.002905963532551707,0.002571239957200714,0.0014650438770993125,0.003085890019001638,0.002567219253592894,0.004918828276216456,0.0028381141591697478,0.0032653139175005935,0.0007202085337507068,0.0003950341294682892,0.001012714721219594,0.0007589078059759731,0.0009443627598866577,0.0027923786556307995,0.0010529217572977905,0.0016746230526569154,0.002315422690153184,0.0045469131924931305,0.0023707073647607057,0.0049173205123635225,0.00045031880407581104,0.0009157152466809423,6.48338456760919e-05,0.0005186707654087457,0.0015012302095696907,0.0006558772760255939,0.0024320230947799566,0.0004176505872622756,0.0015489760649125498,0.003078351199736977,0.0016288875491179654,0.000548323454516414,0.003084382255148706,0.0012720501039239652,0.0023802565358292775,0.00045182656792874115,0.002315422690153184,0.001485649983089388,0.0006387892856923594,0.0006046133050258903,0.002674270487151095,0.001634416016578719,0.003375883266715637,0.001443935183158258,0.0006448203411040902,0.00018897306956752735,0.00160426073952007,0.0009252644177495141,0.004066439111358674,0.0036221513626945936,0.0024320230947799566,0.000749358634907403,0.001022263892288166,0.0014821318674325453,0.0021133823338602437,0.0030632735612076533,0.0008966169045437986,0.002161128189203103,0.0012464181184241151,0.0017012602140587217,0.0015238466673636753,0.0014459455349621689,0.0007704673288484558,0.002266169070957393,0.002929585166247646,0.0029562223276494524,0.004471022411895533,0.0029029480048458414,0.0025747580728575567,0.0003146200573118929,0.0010946365572289205,0.0004312204619386674,0.0011484134679835088,0.0017108093851272935,0.002943155040924038,0.002555659730720413,0.002052066603840993,0.0025446027957989076,0.001987232758164899,0.0008106743649266522,0.002931595518051557,0.0016841722237254872,0.0001849523659597091,0.000865959039534174,0.002157107485595283,0.00025380691524361926,0.0019033005703516619,0.0009765283887492159,0.0006674367988980731,0.0015756132263143544,0.0017490060694015808,0.0015756132263143544,0.0011403720607678688,0.0010167354248274123,0.0002975320669786584,0.00369452402763535,0.0019284299679005364,0.0011710299257774951,0.0030748330840801343,0.003173842910422695,0.002117403037468062,0.0018766634089498573,--,--,--
60,0.0023898057068978493,0.0010549321091016996,0.0033643237438431544,0.002164646304859944,0.0018786737607537664,0.0026838196582196668,0.002622503928200416,0.001443935183158258,0.0010564398729546332,0.00025179656343971013,0.0010383467067194441,0.0013047183207375006,0.0010755382150917769,0.0006352711700355167,0.001186610152257796,0.0026968869449450796,0.0015565148841772108,0.0020942839917230983,0.0021782161795363356,0.0007021153675155212,0.0015866701612358598,0.0010529217572977905,0.003021056173325546,0.0012036981425910306,0.002214402512006714,0.0021822368831441556,0.0004312204619386674,0.0018656064740283518,0.0014650438770993125,0.0010931287933759887,0.002965771498718024,0.002677788602807936,0.0013921686242075806,0.003219578413961645,0.0008905858491320695,0.0029602430312572724,0.0015565148841772108,0.0002231490502339964,0.0008332908227206386,0.0015620433516379626,0.0010091966055627514,0.001338894301403968,0.002922046346982985,0.0016610531779805236,0.001743477601940829,0.0006468306929079994,0.0019148600932241445,0.0009594403984159814,0.000366386616262572,0.006116997951346733,0.0009403420562788378,0.002477758598318905,0.0015333958384322471,0.0019304403197044455,0.002927574814443737,0.0035211311845481236,0.001590690864843678,0.0017796639344112054,0.004692161110325619,0.0011197659547777933,0.0008031355456619912,6.885454928391363e-05,0.0011082064319053123,0.0008011251938580821,0.0021229315049288155,0.0006448203411040902,0.002567219253592894,0.004932398150892846,0.0016610531779805236,0.00042518940652693654,0.0008393218781323694,0.0016308979009218762,0.0010891080897681687,0.00013519615881293912,0.0011026779644445605,0.0007925811986914631,0.000657887627829503,0.0036678868662335436,0.002361158193692134,0.0017681044115387245,0.0010509114054938814,0.0014972095059618707,0.0024259920393682258,0.0009086790153672586,0.0020369889653116674,0.0008222338877991349,0.0012609931690024615,0.0018022803922051918,0.0016957317465979699,0.0014193083735603625,0.0016173280262454844,0.0034829345002738363,0.004249381125514472,0.0011710299257774951,0.0004025729487329502,0.0016248668455101471,0.0017278973754605263,0.0007227214735055949,0.0011423824125717796,0.0027406120966801204,0.0028592228531108023,0.003433178293127068,0.0018806841125576755,0.0014343860120896862,0.0015298777227754062,0.0023229615094178466,0.0034713749774013553,0.0005015827750755111,0.0009594403984159814,0.0031758532622266043,0.0012358637714535887,0.0022847648251435593,0.0015736028745104453,0.001957077481106252,0.0025385717403871785,0.0026476333257492886,0.0011212737186307251,0.0026380841546807168,0.002422473923711385,0.0013177856074629152,0.0004473032763699439,0.00043674892939941923,0.0005141474738499484,0.00021359987916542283,0.0022772260058788966,0.0026627109642786122,0.002008341452105952,0.0016057685033730035,0.002626524631808236,0.0012454129425221606,0.0029029480048458414,0.0008895806732301149,0.00011710299257775003,6.181831797022821e-05,0.0017243792598036854,0.0022983346998199494,0.0023405520877020566,0.0005056034786833294,0.0013635211110018652,0.0019721551196355755,0.0022847648251435593,0.0016077788551769126,0.003492483671342408,0.003483939676175791,0.0009267721816024459,0.001006181077856886,0.0018274097897540646,0.0009519015791513204,0.0009212437141416941,0.002713974935278314,0.0014534843542268298,0.004011154436751152,0.0023938264105056693,0.004524296734699144,0.0014745930481678843,0.002311904574496341,0.002927574814443737,0.0006664316229961186,0.0009348135888180859,0.00041212211980152375,0.001077548566895686,0.0014474532988151007,0.001285619978600357,0.0011177556029738842,0.0027084464678175622,0.0026476333257492886,0.0009634611020238014,0.0007307628807212349,0.0010298027115528269,0.002607426289671092,0.00018897306956752735,0.0012911484460611088,0.0009976370826902687,0.0012891380942571997,0.0012514439979338897,0.0027677518460329023,0.0026797989546118468,0.0047092491006588515,0.0009519015791513204,0.0010720200994349342,0.000923254065945605,9.64968865876728e-05,0.0005045983027813748,0.0007383016999858959,0.0014992198577657798,0.0019113419775673018,0.0049132998087557025,0.0030517140383351706,0.0010644812801702715,0.0011730402775814042,0.0004749456136737065,0.000707643834976273,0.00022716975384181465,0.00012011852028361372,0.00035181156568422564,0.0006619083314373213,0.000515152649751903,0.0032577750982359325,0.0016439651876472908,0.0027501612677486922,0.004192588687054018,0.002065636478517383,0.0048007201077367515,0.0014761008120208162,0.004516757915434483,0.002569229605396805,0.004934408502696757,0.002138009143458139,0.0014248368410211144,0.0012971795014728397,0.002674270487151095,0.0024013652297703303,0.002252599196281001,0.002204853340938142,0.004041812301760778,0.004415737737288013,0.003234656052490969,0.000515152649751903,0.00029351136337084013,0.0019495386618415891,0.00179675192474444,0.0017776535826072963,0.002155097133791372,0.0019796939389002365,0.002462178371838604,0.0028707823759832832,0.00189375139928309,0.001281599274992537,0.002376738420172435,0.0014590128216875834,0.002218423215614534,0.0011675118101206524,0.002628534983612145,0.0010720200994349342,0.0021209211531249047,0.001739456898333009,0.0010850873861603487,0.0018691245896851946,0.0002668742019690355,0.0011006676126406496,0.0006558772760255939,0.004077998634231155,0.001396189327815399,0.0004709249100658848,0.002414935104446722,0.003169822206814875,0.0012474232943260697,0.005560130501663702,0.001804290744009101,0.0010755382150917769,0.00190179280649873,0.0017721251151465445,0.005723974173682355,0.0004261945824288911,0.0011700247498755405,0.002056087307448811,0.0008222338877991349,0.000366386616262572,0.003925211897134006,0.0029868801926590787,0.0036714049818903863,0.0011941489715224587,0.003339696934245259,0.000408101416193702,0.002569229605396805,0.0013238166628746443,0.00017540319489113554,0.0011026779644445605,0.002984869840855168,0.002885860014512607,0.0009001350202006413,0.0012986872653257715,0.0026968869449450796,0.0010850873861603487,0.005374675547753017,0.0020942839917230983,0.0007096541867801821,0.0008604305720734222,0.0014097592024917907,0.000616172827898373,0.0009594403984159814,0.0019932638135766283,0.002722016342493954,0.001539426893843978,0.002460670607985672,0.0001814342503028664,0.0007438301674466477,0.0011921386197185479,0.0010835796223074168,0.00020204035629294015,0.0006181831797022821,0.0006428099893001776,0.0015866701612358598,0.001274060455727876,0.001539426893843978,0.004657985129659151,0.007228722498908886,0.0031622833875502143,0.0018289175536069981,0.003706083550507831,0.00034879603797836195,0.003440717112391729,0.0022752156540749875,0.0011730402775814042,0.000919233362337785,0.0029029480048458414,0.00354374764234211,0.001640447071990448,0.0015982296841083408,0.0026416022703375595,0.003496001786999251,0.0018575650668127136,0.003082371903344797,0.005140469562597517,0.0035648563362831627,0.0019455179582337691,0.004154392002779731,0.002315422690153184,0.0023747280683685257,0.0017087990333233827,0.0026456229739453795,0.001996781929233471,0.003555307165214591,0.0015851623973829262,0.0006066236568298029,0.0007267421771134167,0.0009001350202006413,0.0036638661626257236,0.0015067586770304425,0.0028531917976990714,0.001531385486628338,0.002248578492673181,0.0018997824546948192,0.0009443627598866577,0.0008885754973281586,0.0014228264892172052,0.00365280922770422,0.00012112369618556829,0.0022546095480849102,0.0014002100314232189,0.001035833766964556,0.0022430500252124293,0.0028039381785032805,0.0022676768348103248,0.004007133733143334,0.0011770609811892242,0.004922848979824274,0.0005684269725555122,0.0006483384567609295,0.0007307628807212349,0.0017128197369312027,0.0014228264892172052,0.0010720200994349342,0.0011212737186307251,0.0006639186832412339,0.0026300427474650768,0.0030667916768644943,0.00609588925740568,0.0054304628103115146,0.002065636478517383,0.00031864076091971463,0.00039000824995851294,0.0006830170253783775,0.0010549321091016996,0.0009423524080827486,0.002151579018134531,0.0008639486877302632,0.0006980946639076994,0.002620493576396505,0.002204853340938142,0.0004980646594186684,0.0019033005703516619,0.003021056173325546,0.0008413322299362785,0.0006196909435552157,0.0010147250730235032,0.0027406120966801204,0.0016097892069808217,0.0018369589608226364,0.0029602430312572724,0.0008966169045437986,0.0007875553191816903,0.0038201710153797155,0.003276873440373076,0.0019148600932241445,0.0010720200994349342,0.001035833766964556,0.0001316780431560964,0.0008011251938580821,0.001022263892288166,0.0024586602561817612,0.0018826944643615864,0.0018766634089498573,0.0010870977379642578,0.0017052809176665417,0.0015087690288343517,0.0007574000421230395,0.0025405820921910894,0.0011423824125717796,0.002610944405327933,0.0022812467094867166,0.0014132773181486334,0.0028059485303071896,0.0023269822130256666,0.004322256378406204,0.0025747580728575567,0.002979341373394416,0.0006473332808589749,0.0003890030740565584,0.0009061660756123704,0.0006277323507708557,0.0008795289142105658,0.0026838196582196668,0.0009328032370141768,0.0015831520455790171,0.0019857249943119673,0.0040322631306922065,0.002157107485595283,0.004459462889023052,0.0004442877486640802,0.0008222338877991349,7.438301674466546e-05,0.0004749456136737065,0.001373070282070437,0.0006141624760944639,0.002264158719153482,0.0003699047319194147,0.0015032405613735998,0.002823036520640424,0.0013941789760114898,0.0004824844329383675,0.0028019278266993713,0.001130822889699297,0.002293811408261154,0.0004442877486640802,0.002105843514595581,0.001338894301403968,0.0005910434303494985,0.0005835046110848376,0.0023802565358292775,0.001636426368382628,0.003085890019001638,0.0012836096267964479,0.0006181831797022821,0.00020405070809685275,0.0013826194531390088,0.0008202235359952258,0.0035115820134795517,0.003242697459706607,0.0021741954759285156,0.000673467854309804,0.0009116945430731223,0.001489670686697208,0.0019319480835573773,0.0026853274220725986,0.0008086640131227431,0.0019399894907730173,0.0012036981425910306,0.0015087690288343517,0.0014037281470800616,0.0013409046532078788,0.0007935863745934177,0.002111371982056333,0.002660700612474703,0.0026436126221414686,0.003997584562074762,0.002555659730720413,0.0021857549988009983,0.0002729052573807629,0.001105190904199447,0.00041212211980152375,0.0010298027115528269,0.0015660640552457826,0.0028552021495029823,0.002273707890222054,0.0018806841125576755,0.0023269822130256666,0.00172538443570564,0.0007322706445741685,0.002576768424661466,0.0016153176744415753,0.0001829420141557965,0.0008508814010048486,0.001996781929233471,0.00025581726704753185,0.001798762276548349,0.0008488710492009395,0.0006121521242905548,0.0014017177952761525,0.0015218363155597662,0.0013715625182175034,0.0010720200994349342,0.0009172230105338741,0.00031663040911580204,0.0033331632908825525,0.001739456898333009,0.0011006676126406496,0.0030708123804723143,0.002777301017101474,0.001957077481106252,0.0018369589608226364,--,--,--
61,0.0020792063531937747,0.0008277623552598867,0.0028134873495718523,0.0019093316257633927,0.0017148300887351135,0.0024586602561817612,0.002214402512006714,0.0012036981425910306,0.0009267721816024459,0.00025380691524361926,0.0008905858491320695,0.0012072162582478733,0.0009508964032493659,0.0005910434303494985,0.001035833766964556,0.002470219779054244,0.001327334778531487,0.00214956866633062,0.001964616300370913,0.0007001050157116086,0.0014037281470800616,0.0009709999212884641,0.0025270122175146976,0.0011197659547777933,0.00199879228103738,0.0018766634089498573,0.0003643762644586629,0.0016117995587847326,0.001216765429316445,0.0009001350202006413,0.0028974195373850896,0.0025290225693186067,0.0011976670871793015,0.002722016342493954,0.000764938861387704,0.0025270122175146976,0.0012464181184241151,0.0002367189249103882,0.0007322706445741685,0.0012876303304042679,0.0008981246683967305,0.001224304248581106,0.002773280313493656,0.0015238466673636753,0.0015183181999029235,0.0005950641339573202,0.0017851924018719573,0.0008332908227206386,0.00035834520904693204,0.005502835475252271,0.0008870677334752268,0.002161128189203103,0.0013539719399332916,0.0018575650668127136,0.002664721316082523,0.0034181006545977426,0.001327334778531487,0.0015776235781182653,0.004423276556552674,0.0009222488900436504,0.0007895656709855994,6.885454928391363e-05,0.0009900982634256077,0.000749358634907403,0.0019666266521748237,0.0005739554400162675,0.0022410396734085184,0.004318235674798384,0.0015142974962951035,0.0003930237776643801,0.0007478508710544694,0.001437904127746529,0.0009458705237395913,0.00012966769135218728,0.0009096841912692132,0.0006845247892313076,0.0006066236568298029,0.0033015002499709716,0.002115392685664153,0.0015183181999029235,0.0009689895694845532,0.0014152876699525425,0.00203246567375287,0.0008554046925636459,0.0018671142378812854,0.0007096541867801821,0.0010850873861603487,0.0016138099105886417,0.0016650738815883435,0.0012338534196496779,0.0015218363155597662,0.003000450067335469,0.00354776834594993,0.0011082064319053123,0.0003528167415861802,0.001396189327815399,0.0015278673709714953,0.0007247318253095041,0.000978538740553125,0.002470219779054244,0.0026436126221414686,0.0028039381785032805,0.0017701147633426336,0.0012227964847281742,0.001396189327815399,0.00209026328811528,0.002988890544462988,0.00048047408113445836,0.0008584202202695113,0.002977331021590507,0.0010795589186995969,0.0020314604978509156,0.0013620133471489316,0.0018847048161654955,0.002365178897299954,0.0022716975384181447,0.0010147250730235032,0.0021877653506049075,0.002204853340938142,0.0012454129425221606,0.00044529292456603475,0.00037844872708603025,0.0004674067944090421,0.00020405070809685275,0.0019530567774984318,0.0024988672922599594,0.0018615857704205319,0.0014343860120896862,0.002351609022623562,0.0011122271355131323,0.0025330432729264267,0.0007865501432797323,0.00011257970101895276,6.382866977413734e-05,0.0015203285517068343,0.002010351803909863,0.00210785386639949,0.0004980646594186684,0.0012665216364632133,0.0017701147633426336,0.0020028129846452,0.0014228264892172052,0.0032919510789024,0.0031406721056581825,0.0009252644177495141,0.000952906755053275,0.0016766334044608245,0.0007875553191816903,0.0008639486877302632,0.0024450903815053694,0.0013921686242075806,0.0038201710153797155,0.00210383316279167,0.003984517275349347,0.0012187757811203542,0.002096294343527009,0.002582799480073195,0.0006387892856923594,0.0009669792176806441,0.0003678943801155056,0.0009976370826902687,0.0013197959592668243,0.0010604605765624532,0.0010318130633567377,0.002406893697231082,0.002273707890222054,0.000816202832387404,0.0006664316229961186,0.000873497858798835,0.002420463571907474,0.00018696271776361822,0.0011464031161795996,0.0009061660756123704,0.0011594704029050142,0.001127304774042456,0.002559680434328233,0.0022847648251435593,0.004183039515985447,0.0008564098684656022,0.0009458705237395913,0.0008523891648577822,9.147100707789999e-05,0.00046539644260513297,0.0005895356664965684,0.0012474232943260697,0.0018158502668815836,0.004430815375817337,0.002763731142425084,0.0010966469090328296,0.0011252944222385451,0.0004176505872622756,0.000616172827898373,0.0002115895273615137,0.00013720651061684824,0.00031663040911580204,0.0005684269725555122,0.00042368164267400296,0.002832585691708996,0.0015831520455790171,0.0026531617932100404,0.003504043194214891,0.0019339584353612882,0.004297126980857331,0.0013620133471489316,0.003980496571741527,0.002357640078035291,0.004392618691543049,0.0018103217994208318,0.0012187757811203542,0.0011785687450421578,0.0025365613885832694,0.002260138015545662,0.002163138541007012,0.001964616300370913,0.0035321881194696272,0.003908123906800773,0.0029165178795222332,0.0005015827750755111,0.0003111019416550502,0.00185605730295978,0.0015831520455790171,0.0015107793806382625,0.0020465381363802392,0.0017721251151465445,0.002351609022623562,0.002422473923711385,0.0016881929273333072,0.0012052059064439624,0.0021400194952620483,0.0012986872653257715,0.0020807141170467083,0.0011137348993660642,0.0022505888444770902,0.0010187457766313232,0.001995274165380539,0.001640447071990448,0.0009916060272785396,0.0015565148841772108,0.000299542418782571,0.0009911034393275623,0.0006101417724866422,0.0035668666880870736,0.0011102167837092215,0.0004196609390661847,0.0021189108013209956,0.0028612332049147114,0.0010986572608367405,0.004812279630609232,0.0016555247105197717,0.0009669792176806441,0.00175101642120549,0.0015122871444911944,0.0053214012249494045,0.00037694096323310014,0.0010463881139350841,0.0016861825755293963,0.000831783058867705,0.00032065111272362376,0.0034753956810091736,0.0025174630464461258,0.0033035106017748807,0.0010489010536899705,0.0028381141591697478,0.0003528167415861802,0.0022410396734085184,0.0011484134679835088,0.00017540319489113554,0.0010107043694156832,0.002672260135347184,0.0024832870657796567,0.0008830470298674068,0.0011881179161107296,0.0023802565358292775,0.0009443627598866577,0.004907771341294951,0.0018289175536069981,0.0006674367988980731,0.0007780061481131167,0.001239884475061407,0.0005895356664965684,0.0008051458974659004,0.0018349486090187273,0.0024873077693874767,0.001386640156746827,0.0020792063531937747,0.0001829420141557965,0.0006141624760944639,0.0010755382150917769,0.0009001350202006413,0.00019098342137143648,0.0005875253146926593,0.0005814942592809284,0.0013695521664135943,0.0011368539451110278,0.0013675418146096834,0.004183039515985447,0.006530627835001187,0.0028516840338461396,0.0015982296841083408,0.003289940727098489,0.00031009676575309564,0.0030557347419429906,0.002168667008467764,0.0010986572608367405,0.000823741651652065,0.002460670607985672,0.003143185045413069,0.0013504538242764506,0.0014459455349621689,0.002168667008467764,0.0032693346211084134,0.0016575350623236808,0.002739104332827187,0.004531835553963807,0.0031090090647466016,0.0018349486090187273,0.0037136223697724936,0.002004823336449111,0.002138009143458139,0.001682161871921578,0.0022847648251435593,0.0017776535826072963,0.003179371377883447,0.001373070282070437,0.000524701820820473,0.0006277323507708557,0.0007322706445741685,0.0033226089439120244,0.0013750806338743461,0.002559680434328233,0.0013293451303353961,0.0019113419775673018,0.0016595454141275917,0.000707643834976273,0.0007574000421230395,0.001384629804942918,0.003336178818588416,0.00010705123355820093,0.0020219113267823437,0.0013333658339432161,0.0008639486877302632,0.002050558839988059,0.0024797689501228157,0.0020178906231745238,0.0036221513626945936,0.0011137348993660642,0.004314214971190564,0.0005216862931146093,0.0005759657918201766,0.0007096541867801821,0.0014514740024229207,0.0012006826148851651,0.0010378441187684669,0.0009916060272785396,0.0006217012953591249,0.0023862875912410066,0.0027466431520918495,0.005455089619909412,0.004877113476285326,0.0018103217994208318,0.0002899932477139974,0.00034527792232151924,0.0006292401146237858,0.0010584502247585423,0.0008332908227206386,0.00185605730295978,0.0008488710492009395,0.0006407996374962685,0.0023918160587017585,0.0019223989124888055,0.00047695596547761565,0.001588680513039769,0.0026968869449450796,0.0007131723024370248,0.0005493286304183685,0.000865959039534174,0.0022983346998199494,0.0014916810385011189,0.0017831820500680481,0.002567219253592894,0.000877518562406655,0.0007669492131916131,0.003282401907833828,0.0027501612677486922,0.0015524941805693908,0.0010453829380331278,0.0009051608997104159,0.00012413922389143545,0.0007513689867113121,0.0008755082106027458,0.002218423215614534,0.0016690945851961635,0.0017736328789994763,0.0009956267308863596,0.0015811416937751063,0.0012836096267964479,0.000657887627829503,0.0023249718612217557,0.0010624709283663623,0.0023134123383492747,0.0019932638135766283,0.0013620133471489316,0.002523494101857855,0.0020887555242623465,0.0037191508372332455,0.002309894222692432,0.0026913584774843277,0.000574960615918222,0.00038347460659580654,0.0007971044902502604,0.0004940439558108502,0.0008126847167305613,0.002573250309004623,0.0008126847167305613,0.0014876603348932989,0.0016535143587158626,0.0035130897773324836,0.00194350760642986,0.003997584562074762,0.00043674892939941923,0.0007287525289173258,8.393218781323555e-05,0.0004292101101347548,0.0012454129425221606,0.0005739554400162675,0.002096294343527009,0.00032416922838046647,0.0014570024698836725,0.002565208901788985,0.0011594704029050142,0.00041664541136031755,0.002521483750053944,0.0009900982634256077,0.0022058585168400965,0.00043473857759550663,0.00189375139928309,0.0011901282679146388,0.0005417898111537076,0.0005628985050947603,0.0020847348206545265,0.0016384367201865372,0.0027923786556307995,0.0011212737186307251,0.0005895356664965684,0.00021912834662617467,0.0011594704029050142,0.000715182654240934,0.0029506938601887005,0.0028612332049147114,0.0019168704450280537,0.0005970744857612294,0.0008011251938580821,0.0014972095059618707,0.0017490060694015808,0.002305873519084612,0.0007192033578487522,0.0017168404405390227,0.0011594704029050142,0.001315272667708027,0.001281599274992537,0.0012358637714535887,0.0008202235359952258,0.001957077481106252,0.0023898057068978493,0.0023345210322903275,0.0035211311845481236,0.002206863692742051,0.001794741572940529,0.00023068786949865736,0.0011137348993660642,0.0003910134258604675,0.0009096841912692132,0.0014193083735603625,0.0027677518460329023,0.0019892431099688083,0.0017087990333233827,0.002111371982056333,0.001462028349393447,0.0006523591603687512,0.0022219413312713748,0.0015479708890105935,0.00017942389849895726,0.0008332908227206386,0.0018329382572148164,0.0002613457345082837,0.0016957317465979699,0.0007212137096526648,0.000556867449683033,0.001226314600385017,0.0012951691496689288,0.0011655014583167433,0.0010051759019549314,0.000816202832387404,0.0003377391030568583,0.002967781850521935,0.0015489760649125498,0.0010298027115528269,0.0030667916768644943,0.002376738420172435,0.00179675192474444,0.001794741572940529,--,--,--
62,0.0019681344160277555,0.0007669492131916131,0.0026416022703375595,0.00185605730295978,0.0017625759440779726,0.0025405820921910894,0.0021802265313402465,0.0010891080897681687,0.0009519015791513204,0.00028597254410617917,0.0008423374058382331,0.0011539419354442606,0.0009157152466809423,0.0005724476761633339,0.0010031655501510223,0.002470219779054244,0.001281599274992537,0.0022199309794674656,0.0020158802713706146,0.0007056334831723604,0.0013811116892860752,0.0009614507502198923,0.002363168545496043,0.001129315125846365,0.00189777210289091,0.00179675192474444,0.00035834520904693204,0.001531385486628338,0.0011921386197185479,0.0009383317044749286,0.0029944190119237397,0.0025385717403871785,0.0011675118101206524,0.0025405820921910894,0.0007383016999858959,0.0023385417358981475,0.001127304774042456,0.00025732503090046197,0.000707643834976273,0.0012358637714535887,0.000869979743141994,0.0015489760649125498,0.002868772024179374,0.0016153176744415753,0.0014821318674325453,0.0005684269725555122,0.0017374465465290981,0.0007971044902502604,0.00035834520904693204,0.0051630860203915035,0.0008564098684656022,0.0020942839917230983,0.0013484434724725398,0.0019666266521748237,0.0025843072439261285,0.0036658765144296345,0.0012474232943260697,0.0015298777227754062,0.004320246026602293,0.0008609331600243995,0.0007935863745934177,6.885454928391363e-05,0.000964968865876735,0.0007513689867113121,0.0020430200207233983,0.000556867449683033,0.002462178371838604,0.004100615092025141,0.0015238466673636753,0.00043674892939941923,0.0007609181577798822,0.001386640156746827,0.0008905858491320695,0.0001316780431560964,0.0008714875069949259,0.0006940739602998812,0.0007036231313684513,0.003229127585030217,0.002161128189203103,0.0014745930481678843,0.0010091966055627514,0.0014097592024917907,0.0019741654714394846,0.0008393218781323694,0.0018022803922051918,0.0007021153675155212,0.0010318130633567377,0.0015811416937751063,0.0017776535826072963,0.001123284070434636,0.0015715925227065344,0.0029451653927279487,0.0033205985921081153,0.0011082064319053123,0.00035834520904693204,0.0013162778436099833,0.0014343860120896862,0.0007247318253095041,0.0009478808755435005,0.0023747280683685257,0.0026893481256804186,0.0026395919185336486,0.0018158502668815836,0.0011770609811892242,0.001388650508550738,0.0020254294424391864,0.0028381141591697478,0.00044227739686017106,0.0008428399937892104,0.002918025643375165,0.0010679993958271142,0.0019208911486358737,0.0013559822917372025,0.00204452778457633,0.002363168545496043,0.002206863692742051,0.0010071862537588405,0.0020942839917230983,0.0021264496205856565,0.0012836096267964479,0.00046539644260513297,0.00036889955601746016,0.00046338609080122384,0.00021912834662617467,0.0019053109221555727,0.0024988672922599594,0.0019339584353612882,0.0014761008120208162,0.002412924752642813,0.0011197659547777933,0.0024415722658485284,0.0007679543890935676,0.00011358487692090732,6.885454928391363e-05,0.0014685619927561552,0.001991253461772719,0.0020143725075176828,0.0005588778014869421,0.0013177856074629152,0.0017681044115387245,0.002004823336449111,0.0014112669663447243,0.0032482259271673607,0.0030497036865312615,0.0009383317044749286,0.0009383317044749286,0.0016153176744415753,0.0007227214735055949,0.0008966169045437986,0.002424484275515294,0.0014343860120896862,0.003751819054046781,0.0020219113267823437,0.003862388403261823,0.0011443927643756888,0.0020465381363802392,0.0024812767139757476,0.0006483384567609295,0.0009478808755435005,0.000373925435527233,0.0010167354248274123,0.001331355482139307,0.0009956267308863596,0.0010011551983471114,0.0023877953550939385,0.0022335008541438574,0.0008056484854168759,0.0006759807940646921,0.0008051458974659004,0.002376738420172435,0.00019952741653805547,0.0011519315836403515,0.0009267721816024459,0.0010966469090328296,0.0013464331206686306,0.0023898057068978493,0.0022199309794674656,0.003990045742810099,0.0008584202202695113,0.0009212437141416941,0.000831783058867705,9.64968865876728e-05,0.000449313628173853,0.0005724476761633339,0.0011423824125717796,0.0018349486090187273,0.004264961351994773,0.0026913584774843277,0.0011710299257774951,0.001127304774042456,0.0003910134258604675,0.000616172827898373,0.0002211386984300838,0.0001497712093912855,0.00032065111272362376,0.0005453079268105503,0.0004694171462129547,0.002720005990690043,0.0015831520455790171,0.0026531617932100404,0.0033185882403042044,0.0019073212739594819,0.004163941173848303,0.0013197959592668243,0.00375382940585069,0.0022983346998199494,0.0041388117762994284,0.0017530267730094008,0.0011710299257774951,0.0011956567353753906,0.0026013952342593613,0.002294313996212131,0.0021400194952620483,0.0019304403197044455,0.0033150701246473634,0.003692513675831439,0.002761720790621173,0.0005131422979479938,0.0003397494548607674,0.0018465081318912082,0.0015524941805693908,0.0013770909856782552,0.002058097659252722,0.0017072912694704508,0.0023249718612217557,0.0023898057068978493,0.001594711568451498,0.0012016877907871197,0.002060108011056631,0.0012474232943260697,0.002052066603840993,0.0011157452511699733,0.0022430500252124293,0.0010870977379642578,0.0020827244688506174,0.0019495386618415891,0.0009745180369453068,0.0015067586770304425,0.00035482709339008933,0.0009735128610433505,0.0005920486062514531,0.003286422611441648,0.001035833766964556,0.00042518940652693654,0.0020983046953309183,0.002872290139836215,0.0011484134679835088,0.004728347442795995,0.001693721394794059,0.0009594403984159814,0.0017339284308722572,0.0014725826963639735,0.005090713355450749,0.0003709099078213693,0.001022263892288166,0.001478111163824727,0.0009423524080827486,0.00028597254410617917,0.00354776834594993,0.0025637011379360513,0.0032331482886380353,0.0010489010536899705,0.002722016342493954,0.000341257218713701,0.0021093616302524237,0.0011157452511699733,0.0001733928430872264,0.0010413622344253096,0.0026491410896022204,0.002519473398250035,0.0008925962009359786,0.0012016877907871197,0.0022928062323591975,0.0009116945430731223,0.004680601587453136,0.00179273122113662,0.0006428099893001776,0.000764938861387704,0.0011579626390520806,0.0005950641339573202,0.0007780061481131167,0.001798762276548349,0.0025863175957300377,0.0015374165420400671,0.002010351803909863,0.00019098342137143648,0.0005950641339573202,0.0010453829380331278,0.000831783058867705,0.00020606105990076187,0.0005814942592809284,0.0006181831797022821,0.001396189327815399,0.0010509114054938814,0.001342915005011788,0.003934761068202577,0.006427597305050808,0.0027903683038268887,0.001531385486628338,0.0031451953972169797,0.0002975320669786584,0.002880331547051855,0.00210785386639949,0.0011026779644445605,0.0008086640131227431,0.0025541519668674795,0.0030079888866001315,0.0013177856074629152,0.0014725826963639735,0.0020711649459781364,0.0032004800718245015,0.0016268771973140563,0.002582799480073195,0.004255412180926201,0.0028989273012380214,0.001844497780087299,0.003587472794077149,0.002000802632841291,0.002092273639919189,0.0016746230526569154,0.0022375215577516774,0.001693721394794059,0.0030059785347962224,0.0013177856074629152,0.0005091215943401721,0.0006005926014180721,0.0006905558446430385,0.0032442052235595407,0.0014057384988839707,0.0027330732774154577,0.0013811116892860752,0.0018022803922051918,0.0016022503877161608,0.0006407996374962685,0.0007513689867113121,0.0014248368410211144,0.0031547445682855516,0.00011257970101895276,0.0019681344160277555,0.0013047183207375006,0.0008428399937892104,0.0021264496205856565,0.0023877953550939385,0.0021304703241934765,0.0035191208327442144,0.001134843593307117,0.004080008986035066,0.0005443027509085957,0.0005739554400162675,0.0007267421771134167,0.0013770909856782552,0.0011102167837092215,0.0011122271355131323,0.0011594704029050142,0.0006810066735744649,0.0025064061115246204,0.002715985287082223,0.005229930217871506,0.004676580883845318,0.0017530267730094008,0.00027541819713565105,0.0003442727464195647,0.0006181831797022821,0.0010564398729546332,0.000823741651652065,0.0019681344160277555,0.0008830470298674068,0.0006749756181627375,0.002266169070957393,0.0018349486090187273,0.0004885154883500983,0.0014630335252954017,0.0025385717403871785,0.0006845247892313076,0.0005302302882812249,0.0008182131841913132,0.00219530416986957,0.0013579926435411116,0.0018766634089498573,0.0024511214369171003,0.0009669792176806441,0.0007629285095837914,0.003130117758687656,0.0026380841546807168,0.0014057384988839707,0.0010564398729546332,0.0008765133865047004,0.0001316780431560964,0.0008297727070637959,0.0009212437141416941,0.0020334708496548264,0.0016650738815883435,0.0016766334044608245,0.0010071862537588405,0.0015449553613047298,0.0012474232943260697,0.0006428099893001776,0.002164646304859944,0.0010413622344253096,0.0022752156540749875,0.0018465081318912082,0.0013197959592668243,0.0025918460631907895,0.0020827244688506174,0.003662358398772792,0.002269687186614234,0.002559680434328233,0.0005453079268105503,0.0003814642547918974,0.0006714575025058948,0.0004844947847422766,0.000869979743141994,0.002576768424661466,0.0007513689867113121,0.0015107793806382625,0.0016610531779805236,0.0034522766352642117,0.0018847048161654955,0.00389656438392829,0.0004709249100658848,0.0006905558446430385,9.549171068571824e-05,0.00042167129087009383,0.0012685319882671225,0.000616172827898373,0.0020751856495859547,0.0004196609390661847,0.0016173280262454844,0.002567219253592894,0.0011368539451110278,0.00039402895356633466,0.0022907958805552884,0.000978538740553125,0.0021706773602716747,0.0004462981004679893,0.001798762276548349,0.0011996774389832106,0.0005930537821534111,0.0005704373243594248,0.002096294343527009,0.0016173280262454844,0.0027677518460329023,0.0011102167837092215,0.0005759657918201766,0.0002347085731064756,0.0011006676126406496,0.000707643834976273,0.0027788087809544077,0.002759710438817264,0.0019530567774984318,0.0005739554400162675,0.0009458705237395913,0.0016610531779805236,0.0017128197369312027,0.002303863167280703,0.0007021153675155212,0.0016499962430590199,0.0011403720607678688,0.0012609931690024615,0.0012609931690024615,0.0012951691496689288,0.0010946365572289205,0.00194350760642986,0.002363168545496043,0.0022928062323591975,0.0033587952763824026,0.0021189108013209956,0.0016992498622548109,0.00023370339720452105,0.0011539419354442606,0.0003759357873311456,0.000865959039534174,0.0014474532988151007,0.002880331547051855,0.0019626059485670037,0.0017721251151465445,0.00204854848818415,0.001386640156746827,0.0006387892856923594,0.0020807141170467083,0.0015012302095696907,0.0001849523659597091,0.0008584202202695113,0.0017490060694015808,0.0002879828959100883,0.0016057685033730035,0.0008141924805834949,0.0005930537821534111,0.001216765429316445,0.0012187757811203542,0.0011102167837092215,0.0009996474344941796,0.0008051458974659004,0.00035683744519400193,0.0028431400386795223,0.0015087690288343517,0.0010413622344253096,0.003334168466784507,0.002509924227181463,0.0017660940597348136,0.0019530567774984318,--,--,--
63,0.00185203659935196,0.0006810066735744649,0.002418453220103565,0.0017319180790683463,0.0017223689079997745,0.0024988672922599594,0.00210383316279167,0.0009916060272785396,0.0009403420562788378,0.0003050708862433228,0.0007810216758189804,0.0010433725862292187,0.0008428399937892104,0.0005357587557419802,0.0009212437141416941,0.002376738420172435,0.0011484134679835088,0.0021857549988009983,0.0020349786135077583,0.0007398094638388295,0.001335376185747127,0.0009116945430731223,0.0021324806759973874,0.0010393518826213987,0.001804290744009101,0.0017052809176665417,0.00031663040911580204,0.0013559822917372025,0.0010584502247585423,0.0009021453720045505,0.0030461855708744188,0.002319443393761004,0.0011006676126406496,0.0023269822130256666,0.0007021153675155212,0.002092273639919189,0.000948886051445455,0.0002603405586063291,0.0006217012953591249,0.001077548566895686,0.0007478508710544694,0.00179675192474444,0.002918025643375165,0.0015831520455790171,0.0013921686242075806,0.000515152649751903,0.0016233590816572135,0.0007704673288484558,0.00036236591265475376,0.004760513071658553,0.0008141924805834949,0.001987232758164899,0.0012705423400710333,0.001995274165380539,0.002464188723642513,0.003658337695164972,0.0011403720607678688,0.0014745930481678843,0.004125744489574016,0.0007574000421230395,0.0007629285095837914,6.885454928391363e-05,0.0008810366780634977,0.000707643834976273,0.0019776835870963273,0.0005056034786833294,0.002363168545496043,0.0038337408900561074,0.0014459455349621689,0.0004613757389973147,0.0007362913481819867,0.0012931587978650197,0.000806653661318834,0.00012011852028361372,0.0007800164999170259,0.0006181831797022821,0.0007001050157116086,0.003131625522540588,0.002172687712075584,0.001342915005011788,0.0009820568562099678,0.0013695521664135943,0.0018339434331167727,0.000774488032456274,0.0016575350623236808,0.000623711647163034,0.0009614507502198923,0.0015142974962951035,0.0016670842333922527,0.0010167354248274123,0.0016424574237943572,0.002830575339905087,0.0030652839130115624,0.0010835796223074168,0.00034527792232151924,0.0011921386197185479,0.0012474232943260697,0.0006960843121037903,0.0008795289142105658,0.002202842989134231,0.0025270122175146976,0.0023918160587017585,0.00179273122113662,0.001012714721219594,0.0013197959592668243,0.001987232758164899,0.002626524631808236,0.0004060910643897929,0.0007609181577798822,0.002771269961689745,0.001022263892288166,0.00180077262835226,0.0013218063110707352,0.001957077481106252,0.002210381808398894,0.00204854848818415,0.000919233362337785,0.0019188807968319645,0.0019414972546259492,0.0012358637714535887,0.00045685244743851744,0.00033371839944903656,0.0004045833005368593,0.00019651188883218831,0.0017414672501369181,0.002307883870888521,0.0019761758232433955,0.0014570024698836725,0.0023938264105056693,0.0010946365572289205,0.0022772260058788966,0.0007212137096526648,0.0001085589974111345,6.382866977413734e-05,0.0013811116892860752,0.0018922436354301582,0.0018731452932930145,0.0005438001629576167,0.0012951691496689288,0.00175101642120549,0.0019319480835573773,0.001335376185747127,0.003093931426217278,0.002800922650797415,0.0009096841912692132,0.0008765133865047004,0.0014821318674325453,0.0006468306929079994,0.0008141924805834949,0.0022752156540749875,0.0014685619927561552,0.003680954152958958,0.0018213787343423354,0.0036065711362142927,0.0010549321091016996,0.0018786737607537664,0.002303863167280703,0.0006302452905257439,0.0009363213526710178,0.00032065111272362376,0.0009348135888180859,0.0011996774389832106,0.000923254065945605,0.0009745180369453068,0.002269687186614234,0.0021209211531249047,0.0007398094638388295,0.0006789963217705558,0.0007307628807212349,0.0022792363576828057,0.00020907658760662556,0.0010720200994349342,0.0009076738394653023,0.0010891080897681687,0.0014554947060307407,0.0022887855287513775,0.0019721551196355755,0.0036256694783514364,0.000823741651652065,0.0008830470298674068,0.0007704673288484558,9.64968865876728e-05,0.000415640235458363,0.0004920336040069376,0.001012714721219594,0.0018575650668127136,0.003963408581408293,0.0026476333257492886,0.0011881179161107296,0.0011177556029738842,0.00035683744519400193,0.0005835046110848376,0.00021762058277324456,0.00016685919972452,0.0003090915898511411,0.0004749456136737065,0.00041212211980152375,0.002555659730720413,0.0016138099105886417,0.0025043957597207112,0.0030974495418741206,0.0018847048161654955,0.003852839232193251,0.001228324952188926,0.0034105618353330817,0.0021857549988009983,0.0037784562154485855,0.0016138099105886417,0.0010051759019549314,0.0011368539451110278,0.0026531617932100404,0.002210381808398894,0.002004823336449111,0.001854046951155871,0.0031034805972858497,0.0034065411317252617,0.002462178371838604,0.0004900232522030284,0.00033371839944903656,0.0017168404405390227,0.0015032405613735998,0.0012589828171985507,0.002050558839988059,0.0015736028745104453,0.0022546095480849102,0.0022355112059477666,0.0015278673709714953,0.0011484134679835088,0.001895761751087001,0.0011785687450421578,0.0019626059485670037,0.0010318130633567377,0.002010351803909863,0.0010911184415720778,0.0021209211531249047,0.001991253461772719,0.0008523891648577822,0.0014228264892172052,0.0003774435511840757,0.0008488710492009395,0.0005523441581242357,0.002981351725198325,0.0009478808755435005,0.000408101416193702,0.0019495386618415891,0.002761720790621173,0.0011102167837092215,0.0044403645468859086,0.001652006594862929,0.0008905858491320695,0.0016610531779805236,0.0013579926435411116,0.004695679225982461,0.0003357287512529457,0.0009604455743179377,0.0012876303304042679,0.0008885754973281586,0.0002593353827043711,0.003639239353027828,0.002464188723642513,0.0030919210744133688,0.0010262845958959842,0.002519473398250035,0.0003126097055079838,0.001886212580018429,0.0010413622344253096,0.00015429450095008276,0.0009900982634256077,0.0025461105596518412,0.0023938264105056693,0.0009172230105338741,0.0011996774389832106,0.0021359987916542283,0.0008488710492009395,0.004453431833611323,0.0016706023490490954,0.0005835046110848376,0.000715182654240934,0.0010549321091016996,0.0005759657918201766,0.0006865351410352168,0.0016575350623236808,0.0026013952342593613,0.0016213487298533044,0.0018424874282833882,0.00016032555636181015,0.0005262095846734066,0.0009519015791513204,0.0007362913481819867,0.0002211386984300838,0.000515152649751903,0.0006086340086337121,0.0013579926435411116,0.0009157152466809423,0.0013218063110707352,0.0035668666880870736,0.006149163580209291,0.0027124671714253822,0.001478111163824727,0.0029964293637276505,0.0002678793778709901,0.002580789128269286,0.001996781929233471,0.0010870977379642578,0.0007342809963780776,0.0024415722658485284,0.0027406120966801204,0.0012016877907871197,0.0014077488506878816,0.0019053109221555727,0.003015527705864794,0.0015736028745104453,0.002367189249103863,0.0038719375743303946,0.0025958667667986095,0.0017625759440779726,0.003336178818588416,0.0018369589608226364,0.0021400194952620483,0.0016022503877161608,0.0021762058277324265,0.0015982296841083408,0.002727544809954706,0.0011730402775814042,0.00046338609080122384,0.0005438001629576167,0.0005950641339573202,0.0030476933347273506,0.0013981996796193098,0.002660700612474703,0.0013258270146785552,0.0017278973754605263,0.0015489760649125498,0.0005684269725555122,0.0007171930060448431,0.0013449253568156988,0.0028516840338461396,9.750206248962737e-05,0.00185203659935196,0.001216765429316445,0.0007589078059759731,0.0020465381363802392,0.0022887855287513775,0.00210785386639949,0.0033799039703234553,0.0011328332415032078,0.0038282124225953555,0.0005166604136048365,0.0005397794593497984,0.0007021153675155212,0.0012494336461299788,0.0010081914296607968,0.0010624709283663623,0.001180579096846067,0.0007036231313684513,0.0025481209114557504,0.002628534983612145,0.00495149649302999,0.004490120754032677,0.0015791313419711971,0.000249786211635801,0.0003116045296060292,0.0006086340086337121,0.0009860775598177877,0.0007629285095837914,0.0018349486090187273,0.0010011551983471114,0.0007056334831723604,0.0020751856495859547,0.0017223689079997745,0.0004674067944090421,0.0012665216364632133,0.0022847648251435593,0.0006674367988980731,0.0004558472715365629,0.0007362913481819867,0.0019837146425080564,0.0012016877907871197,0.001959087832910161,0.002319443393761004,0.0009956267308863596,0.000715182654240934,0.0028401245109736586,0.0023802565358292775,0.001186610152257796,0.0010011551983471114,0.0008222338877991349,0.00012413922389143545,0.0007589078059759731,0.0008543995166616913,0.001840477076479479,0.0016077788551769126,0.0015238466673636753,0.0010051759019549314,0.0014514740024229207,0.0011328332415032078,0.0005910434303494985,0.002004823336449111,0.0009539119309552296,0.0021324806759973874,0.0016329082527257854,0.001274060455727876,0.0025385717403871785,0.0020942839917230983,0.0034849448520777454,0.002155097133791372,0.00234608055516281,0.0004789663172815248,0.000366386616262572,0.0006066236568298029,0.00043674892939941923,0.0008508814010048486,0.0024546395525739412,0.000657887627829503,0.0014610231734914925,0.001588680513039769,0.0032482259271673607,0.001808311447616921,0.003747798350438961,0.00045986797514438113,0.0006026029532219812,9.348135888180911e-05,0.0004045833005368593,0.0012016877907871197,0.0006141624760944639,0.0019128497414202337,0.00048650513654618574,0.0016706023490490954,0.002452629200770032,0.0011061960801014015,0.00036236591265475376,0.0021741954759285156,0.0009041557238084613,0.002115392685664153,0.00044830845227189844,0.0016861825755293963,0.001134843593307117,0.0005438001629576167,0.0005814942592809284,0.0020349786135077583,0.0015374165420400671,0.002664721316082523,0.0010720200994349342,0.0005357587557419802,0.0002367189249103882,0.0009860775598177877,0.0006277323507708557,0.002515955282593192,0.0025787787764653767,0.0018751556450969237,0.0005377691075458893,0.0010298027115528269,0.0016786437562647354,0.0016610531779805236,0.0021973145216734793,0.0006407996374962685,0.0015640537034418735,0.0011082064319053123,0.0011328332415032078,0.0011655014583167433,0.0012685319882671225,0.0011634911065128324,0.0018751556450969237,0.002303863167280703,0.0021209211531249047,0.0031130297683544216,0.0019359687871651973,0.0014745930481678843,0.00020606105990076187,0.001156957463150126,0.00035482709339008933,0.0007971044902502604,0.0013635211110018652,0.0028039381785032805,0.0019304403197044455,0.0017414672501369181,0.0019188807968319645,0.001257977641296596,0.0005910434303494985,0.00189777210289091,0.0013931738001095352,0.0001814342503028664,0.0008297727070637959,0.0016288875491179654,0.00031663040911580204,0.0015565148841772108,0.0007971044902502604,0.0005644062689476939,0.001169019573973586,0.0011041857282974923,0.0010167354248274123,0.0009669792176806441,0.0007418198156427386,0.00034728827412542837,0.0026436126221414686,0.0013770909856782552,0.0010262845958959842,0.0035668666880870736,0.002582799480073195,0.001697742098401879,0.002069657182125203,--,--,--
64,0.0016957317465979699,0.0005724476761633339,0.002138009143458139,0.0015791313419711971,0.0017032705658626308,0.002353619374427471,0.001987232758164899,0.0008925962009359786,0.0008830470298674068,0.00032416922838046647,0.0007056334831723604,0.0009212437141416941,0.0007448353433486057,0.0004900232522030284,0.000816202832387404,0.002273707890222054,0.000964968865876735,0.002200832637330322,0.002056087307448811,0.000782026851720935,0.0012434025907182497,0.0008523891648577822,0.0018480158957441418,0.000919233362337785,0.0016861825755293963,0.0015756132263143544,0.00026888455377294465,0.0011328332415032078,0.0008925962009359786,0.0008141924805834949,0.0030135173540608833,0.0021359987916542283,0.0010011551983471114,0.002054076955644902,0.0006448203411040902,0.0017892131054797773,0.0007277473530153712,0.00026888455377294465,0.0005322406400851375,0.0008981246683967305,0.0006558772760255939,0.0019761758232433955,0.0029718025541297533,0.0015374165420400671,0.0012514439979338897,0.00044830845227189844,0.0014841422192364562,0.0007458405192505603,0.0003643762644586629,0.00430315803626906,0.0007684569770445467,0.0018656064740283518,0.0011559522872481715,0.0019857249943119673,0.0022867751769474684,0.0036889955601745964,0.0010187457766313232,0.0014017177952761525,0.003866409106869643,0.0006206961194571703,0.0007267421771134167,6.885454928391363e-05,0.0007629285095837914,0.0006639186832412339,0.0018826944643615864,0.0004940439558108502,0.0021973145216734793,0.0035130897773324836,0.0013333658339432161,0.0004694171462129547,0.0006885454928391294,0.0011655014583167433,0.0007001050157116086,0.00010705123355820093,0.0006619083314373213,0.000533245815987092,0.0006639186832412339,0.003032615696198027,0.0021666566566638547,0.001224304248581106,0.0009634611020238014,0.0013006976171296807,0.0016329082527257854,0.000691561020544993,0.0014630335252954017,0.0005282199364773157,0.0008679693913380832,0.001437904127746529,0.0015333958384322471,0.0008885754973281586,0.0017148300887351135,0.002622503928200416,0.0027582026749643305,0.0010318130633567377,0.00031864076091971463,0.0010489010536899705,0.001020253540484255,0.0006503488085648421,0.0007935863745934177,0.0020028129846452,0.0023249718612217557,0.0020676468303212937,0.001743477601940829,0.0008051458974659004,0.0012454129425221606,0.0019264196160966255,0.0023747280683685257,0.0003699047319194147,0.0006714575025058948,0.0025863175957300377,0.0009574300466120723,0.001652006594862929,0.0012418948268653179,0.001854046951155871,0.002096294343527009,0.00183846672467557,0.0008182131841913132,0.0016881929273333072,0.0016861825755293963,0.0011785687450421578,0.00044529292456603475,0.0002930087754198611,0.00033070287174317287,0.0001814342503028664,0.001535406190236158,0.0021324806759973874,0.0019776835870963273,0.0014152876699525425,0.002317433041957093,0.0010604605765624532,0.0020430200207233983,0.0006543695121726603,0.00010403570585233723,6.081314206827365e-05,0.0012494336461299788,0.00174699571759767,0.0017168404405390227,0.0005282199364773157,0.001239884475061407,0.001682161871921578,0.00180077262835226,0.001224304248581106,0.0028592228531108023,0.002482281889877702,0.000869979743141994,0.0007935863745934177,0.0013122571400021633,0.0005453079268105503,0.0007533793385152213,0.00209026328811528,0.0015449553613047298,0.0036317005337631655,0.0015715925227065344,0.003276873440373076,0.0009328032370141768,0.0016439651876472908,0.002065636478517383,0.000616172827898373,0.0009116945430731223,0.0002633560863121928,0.0008257520034559776,0.0010318130633567377,0.0008543995166616913,0.0009443627598866577,0.0020942839917230983,0.0019359687871651973,0.0006438151652021322,0.0006749756181627375,0.0006372815218394258,0.002168667008467764,0.0002231490502339964,0.0009976370826902687,0.0008714875069949259,0.0010966469090328296,0.0015238466673636753,0.0021837446469970875,0.0016595454141275917,0.0031145375322073534,0.0007764983842601832,0.0008257520034559776,0.0006875403169371748,9.549171068571824e-05,0.000374930611429191,0.00040056259692904106,0.0008925962009359786,0.0018615857704205319,0.003591493497684969,0.0025637011379360513,0.001186610152257796,0.0011041857282974923,0.0003111019416550502,0.0005302302882812249,0.0002115895273615137,0.0001879678936655728,0.0002975320669786584,0.00041011176799761115,0.00038548495839971567,0.0023345210322903275,0.0016439651876472908,0.0023877953550939385,0.0027923786556307995,0.0018233890861462446,0.0034733853292052645,0.0011061960801014015,0.0030079888866001315,0.0020334708496548264,0.0033266296475198444,0.001430365308481868,0.0007684569770445467,0.001022263892288166,0.0027084464678175622,0.002117403037468062,0.0018786737607537664,0.0017339284308722572,0.0028401245109736586,0.003032615696198027,0.0020731752977820456,0.0004674067944090421,0.0003261795801843756,0.0015791313419711971,0.0014077488506878816,0.0011082064319053123,0.0020751856495859547,0.0014097592024917907,0.0021359987916542283,0.0020178906231745238,0.0014343860120896862,0.0010755382150917769,0.0016861825755293963,0.0010911184415720778,0.0018213787343423354,0.0009363213526710178,0.001739456898333009,0.0010755382150917769,0.0021249418567327247,0.0020028129846452,0.0007227214735055949,0.0013082364363943434,0.0003950341294682892,0.0006845247892313076,0.0004980646594186684,0.002626524631808236,0.0008277623552598867,0.0003890030740565584,0.0017892131054797773,0.0025747580728575567,0.001022263892288166,0.004080008986035066,0.0015524941805693908,0.0007955967263973268,0.0015333958384322471,0.0012092266100517824,0.00418203434008349,0.00028597254410617917,0.0008724926828968804,0.001065989044023205,0.000816202832387404,0.00024023704056722744,0.003662358398772792,0.002262148367349573,0.0028974195373850896,0.000964968865876735,0.0022375215577516774,0.0002764233730376056,0.0016153176744415753,0.0009363213526710178,0.00013720651061684824,0.0009096841912692132,0.002399354877966421,0.0022259620348791948,0.0009840672080138786,0.0011614807547089233,0.0019148600932241445,0.000774488032456274,0.004150371299171911,0.0015238466673636753,0.0005056034786833294,0.0006558772760255939,0.0009287825334063568,0.0005533493340261902,0.0005608881532908512,0.0015067586770304425,0.0024757482465149958,0.0016555247105197717,0.0016097892069808217,0.00013720651061684824,0.00042719975833084567,0.0008297727070637959,0.0006217012953591249,0.00023269822130256648,0.0004327282257915975,0.0005910434303494985,0.0013082364363943434,0.0008031355456619912,0.0013027079689335915,0.0031663040911580325,0.0057867976675545375,0.0026054159378671813,0.0013791013374821661,0.002784839836366137,0.0002281749297437692,0.0022335008541438574,0.0018480158957441418,0.0010549321091016996,0.0006372815218394258,0.0022983346998199494,0.0024491110851131894,0.0010911184415720778,0.0013006976171296807,0.0016801515201176672,0.0027582026749643305,0.0014791163397266816,0.002105843514595581,0.0034160903027938335,0.002206863692742051,0.0016630635297844344,0.0030059785347962224,0.0015600329998340535,0.0021284599723895674,0.0015298777227754062,0.0020410096689194874,0.0014685619927561552,0.002368697012956795,0.0009880879116216969,0.000415640235458363,0.0004674067944090421,0.0004709249100658848,0.0027883579520229795,0.0013635211110018652,0.0024908258850443194,0.0012418948268653179,0.0016308979009218762,0.0014419248313543489,0.00046338609080122384,0.000657887627829503,0.001232345655796746,0.002468209427250333,8.393218781323555e-05,0.001697742098401879,0.001123284070434636,0.0006468306929079994,0.0019530567774984318,0.0021359987916542283,0.0020254294424391864,0.003126097055079836,0.0011041857282974923,0.003500022490607071,0.00046841197031099666,0.0004940439558108502,0.0006769859699666467,0.0010911184415720778,0.000873497858798835,0.0009554196948081631,0.0011539419354442606,0.0006769859699666467,0.002523494101857855,0.0024586602561817612,0.004604208218904561,0.004196106802710859,0.0013484434724725398,0.0002231490502339964,0.00026536643811610194,0.0005910434303494985,0.0009041557238084613,0.0006694471507019857,0.0016650738815883435,0.0010891080897681687,0.0007212137096526648,0.00183846672467557,0.0015565148841772108,0.00043674892939941923,0.0010167354248274123,0.0019414972546259492,0.000657887627829503,0.00035834520904693204,0.0006332608182316075,0.0017223689079997745,0.0011579626390520806,0.0020369889653116674,0.00215358936993844,0.0009936163790824504,0.0006619083314373213,0.0024511214369171003,0.0020274397942430956,0.000919233362337785,0.0009287825334063568,0.0007553896903191304,0.00011609781667579547,0.0006905558446430385,0.000806653661318834,0.0017278973754605263,0.0015409346576969098,0.001338894301403968,0.0009860775598177877,0.0013258270146785552,0.0009745180369453068,0.000515152649751903,0.0018178606186854927,0.000861938335926354,0.0019882379340668537,0.0013620133471489316,0.0012760708075317852,0.0024375515622407085,0.0021440401988698683,0.0032235991175694634,0.0019837146425080564,0.0020771960013898656,0.0003930237776643801,0.00034879603797836195,0.0005342509918890466,0.000366386616262572,0.0008182131841913132,0.0022792363576828057,0.0005759657918201766,0.0014228264892172052,0.001432375660285777,0.002943155040924038,0.0016992498622548109,0.003538219174881358,0.00044227739686017106,0.0004900232522030284,9.348135888180911e-05,0.0003814642547918974,0.001127304774042456,0.0006026029532219812,0.0017263896116075945,0.000524701820820473,0.0017012602140587217,0.002262148367349573,0.001020253540484255,0.0003196459368216692,0.00204452778457633,0.0007955967263973268,0.002030455321948961,0.00044227739686017106,0.0015504838287654817,0.0010489010536899705,0.0004885154883500983,0.0006066236568298029,0.0019208911486358737,0.0014554947060307407,0.0025064061115246204,0.0010107043694156832,0.0004824844329383675,0.00023269822130256648,0.0008448503455931195,0.0005397794593497984,0.0021877653506049075,0.0023249718612217557,0.0018922436354301582,0.0005302302882812249,0.0010529217572977905,0.0016535143587158626,0.0015680744070496935,0.0020158802713706146,0.000556867449683033,0.0014459455349621689,0.0010604605765624532,0.0009870827357197423,0.0010413622344253096,0.0012207861329242634,0.0011976670871793015,0.0018595754186166227,0.0022314905023399466,0.0019033005703516619,0.002807456294160123,0.001682161871921578,0.0011901282679146388,0.00017238766718527185,0.001134843593307117,0.0003397494548607674,0.0007131723024370248,0.0012494336461299788,0.0026853274220725986,0.0018691245896851946,0.0016610531779805236,0.001804290744009101,0.0010730252753368887,0.0005206811172126548,0.0016726127008530062,0.0012549621135907324,0.00017942389849895726,0.0007860475553287567,0.0014685619927561552,0.000341257218713701,0.0015695821709026253,0.0007609181577798822,0.0005588778014869421,0.0010835796223074168,0.0009574300466120723,0.000877518562406655,0.0009157152466809423,0.000665426447094164,0.0003357287512529457,0.0023822668876331866,0.0012036981425910306,0.0009900982634256077,0.0037271922444488854,0.0025174630464461258,0.0016706023490490954,0.00215358936993844,--,--,--
65,0.0015962193323044317,0.0004900232522030284,0.0019264196160966255,0.0014916810385011189,0.0017183482043919545,0.0022505888444770902,0.001886212580018429,0.0008413322299362785,0.0008488710492009395,0.000373925435527233,0.0006312504664276984,0.0008564098684656022,0.0006905558446430385,0.00046539644260513297,0.0007478508710544694,0.0021782161795363356,0.0008508814010048486,0.00204452778457633,0.0020410096689194874,0.000831783058867705,0.0011901282679146388,0.000831783058867705,0.001647985891255109,0.000861938335926354,0.0014992198577657798,0.0014705723445600644,0.00024224739237114004,0.0009996474344941796,0.0008141924805834949,0.0008086640131227431,0.0029944190119237397,0.001995274165380539,0.0009443627598866577,0.0018118295632737636,0.0006086340086337121,0.0015620433516379626,0.0005865201387907013,0.00029200359951790655,0.0004920336040069376,0.0007840372035248476,0.000616172827898373,0.0018615857704205319,0.003036636399805847,0.0015163078480990144,0.0011881179161107296,0.00041212211980152375,0.0013600029953450225,0.0007418198156427386,0.000373925435527233,0.003889025564663629,0.0007589078059759731,0.001854046951155871,0.001081569270503506,0.0019932638135766283,0.0022294801505360375,0.0037271922444488854,0.0009539119309552296,0.0013675418146096834,0.0036412497048317373,0.0005367639316439347,0.0006789963217705558,7.438301674466546e-05,0.0007036231313684513,0.0006483384567609295,0.001804290744009101,0.0004980646594186684,0.0020676468303212937,0.003276873440373076,0.001278081159335696,0.0004920336040069376,0.0006810066735744649,0.0010644812801702715,0.0006217012953591249,0.0001050408817542918,0.0005910434303494985,0.0005131422979479938,0.0006694471507019857,0.002924056698786894,0.00204854848818415,0.0011252944222385451,0.0009363213526710178,0.001232345655796746,0.0015067586770304425,0.0006151676519964185,0.0012891380942571997,0.000457857623340472,0.0008011251938580821,0.0014172980217564534,0.0014268471928250252,0.0008086640131227431,0.0017414672501369181,0.0025174630464461258,0.0025446027957989076,0.0010107043694156832,0.0003090915898511411,0.0009252644177495141,0.000865959039534174,0.0006086340086337121,0.0007383016999858959,0.0018691245896851946,0.00219530416986957,0.0018882229318223382,0.0017168404405390227,0.0006543695121726603,0.001184599800453887,0.00189375139928309,0.002155097133791372,0.00035834520904693204,0.0006101417724866422,0.002424484275515294,0.0009383317044749286,0.0015258570191675862,0.0012036981425910306,0.001808311447616921,0.0018691245896851946,0.0017243792598036854,0.000749358634907403,0.0015409346576969098,0.0014916810385011189,0.0011102167837092215,0.0004261945824288911,0.0002613457345082837,0.00028345960435129103,0.0001814342503028664,0.001384629804942918,0.002060108011056631,0.002010351803909863,0.0014002100314232189,0.0022676768348103248,0.0010468907018860614,0.001850026247548051,0.0006292401146237858,0.0001050408817542918,5.830020231338551e-05,0.0011403720607678688,0.0016439651876472908,0.0015524941805693908,0.000515152649751903,0.0011102167837092215,0.0016193383780493936,0.0017756432308033854,0.0011785687450421578,0.002571239957200714,0.0022038481650361874,0.0007991148420541695,0.000740814639740784,0.0011770609811892242,0.000499572423271602,0.0007322706445741685,0.0019148600932241445,0.0015449553613047298,0.003612602191626022,0.0013791013374821661,0.0030195484094726124,0.0008523891648577822,0.0014258420169230707,0.0018575650668127136,0.0006111469483885967,0.0008885754973281586,0.00024023704056722744,0.000782026851720935,0.0009614507502198923,0.000869979743141994,0.0009328032370141768,0.001987232758164899,0.0018193683825384263,0.0005799864954279949,0.0006950791362018358,0.0005814942592809284,0.00210785386639949,0.0002462680959789583,0.0009539119309552296,0.0008564098684656022,0.0010604605765624532,0.001594711568451498,0.0021093616302524237,0.0014590128216875834,0.0027084464678175622,0.0007533793385152213,0.0007935863745934177,0.0006171780038003276,0.0001030305299503792,0.0003578426210959565,0.00034728827412542837,0.0008051458974659004,0.0019339584353612882,0.0032788837921769853,0.0024893181211913876,0.0011921386197185479,0.0010911184415720778,0.00027843372484151474,0.00048650513654618574,0.00020204035629294015,0.0002115895273615137,0.000299542418782571,0.00036236591265475376,0.000366386616262572,0.0020334708496548264,0.0016213487298533044,0.0023420598515549902,0.002576768424661466,0.0017640837079309045,0.003215557710353825,0.001022263892288166,0.0026511514414061313,0.0019033005703516619,0.0029562223276494524,0.0012876303304042679,0.0006845247892313076,0.0009745180369453068,0.0026395919185336486,0.001996781929233471,0.0017816742862151163,0.0016650738815883435,0.0026416022703375595,0.0026913584774843277,0.0017701147633426336,0.0004442877486640802,0.00033371839944903656,0.0014876603348932989,0.0013082364363943434,0.0010051759019549314,0.002164646304859944,0.001390660860354647,0.002012362155713772,0.0018766634089498573,0.001327334778531487,0.0009916060272785396,0.0014916810385011189,0.0010031655501510223,0.0017148300887351135,0.0009096841912692132,0.0015831520455790171,0.0010679993958271142,0.002200832637330322,0.00204854848818415,0.0006292401146237858,0.001228324952188926,0.0004327282257915975,0.0005990848375651385,0.00045986797514438113,0.0023385417358981475,0.0007458405192505603,0.00039654189332121934,0.0017087990333233827,0.002509924227181463,0.0009689895694845532,0.0037859950347132482,0.0014876603348932989,0.0007609181577798822,0.001485649983089388,0.0010850873861603487,0.003710606842066628,0.0002603405586063291,0.0007810216758189804,0.0009423524080827486,0.0008126847167305613,0.00022515940203790552,0.0036317005337631655,0.0021209211531249047,0.0028094666459640323,0.0009498912273474096,0.002069657182125203,0.0002347085731064756,0.0013921686242075806,0.0008543995166616913,0.00013368839496000554,0.0008850573816713177,0.0024546395525739412,0.0020636261267134737,0.000964968865876735,0.0011675118101206524,0.0017892131054797773,0.0007383016999858959,0.003852839232193251,0.0014761008120208162,0.00043674892939941923,0.0006217012953591249,0.000816202832387404,0.0005548570978791238,0.0004674067944090421,0.0013921686242075806,0.0024491110851131894,0.0016957317465979699,0.0014685619927561552,0.0001432375660285791,0.0003774435511840757,0.0007764983842601832,0.0005417898111537076,0.00025380691524361926,0.00038699272225264925,0.0006181831797022821,0.0012589828171985507,0.0007322706445741685,0.0012720501039239652,0.0028531917976990714,0.005409354116370462,0.0026511514414061313,0.0013368839496000588,0.0025174630464461258,0.00022013352252812923,0.001957077481106252,0.00175101642120549,0.0010911184415720778,0.0005970744857612294,0.002164646304859944,0.0023440702033588993,0.001070009747631025,0.0011901282679146388,0.0015183181999029235,0.0025481209114557504,0.0013780961615802115,0.001895761751087001,0.003023066525129455,0.0018711349414891037,0.0016630635297844344,0.0028059485303071896,0.0014002100314232189,0.0021762058277324265,0.0015107793806382625,0.0019414972546259492,0.0013695521664135943,0.0020827244688506174,0.000869979743141994,0.0004025729487329502,0.0004060910643897929,0.00038699272225264925,0.0025521416150635703,0.0013333658339432161,0.0024430800297014603,0.0012036981425910306,0.0015203285517068343,0.0013811116892860752,0.0004196609390661847,0.0005875253146926593,0.001129315125846365,0.0021706773602716747,7.438301674466546e-05,0.001539426893843978,0.0010529217572977905,0.0005970744857612294,0.0018118295632737636,0.002012362155713772,0.001957077481106252,0.002927574814443737,0.0011026779644445605,0.003185402433295176,0.0004442877486640802,0.0004674067944090421,0.0006387892856923594,0.0009840672080138786,0.0008051458974659004,0.0008795289142105658,0.0011061960801014015,0.0006925661964469476,0.002521483750053944,0.0023938264105056693,0.0042780286387201875,0.0038910359164675383,0.001184599800453887,0.00020907658760662556,0.00023722151286136375,0.0005875253146926593,0.0008755082106027458,0.0006196909435552157,0.0015545045323733016,0.0010795589186995969,0.0007362913481819867,0.0016917110429901499,0.0014268471928250252,0.0004196609390661847,0.000831783058867705,0.0016841722237254872,0.000665426447094164,0.00028396219230227004,0.0005950641339573202,0.0015183181999029235,0.001182589448649976,0.0019761758232433955,0.0020711649459781364,0.000964968865876735,0.0006428099893001776,0.00210785386639949,0.0018063010958130118,0.0007438301674466477,0.000865959039534174,0.000707643834976273,0.00013368839496000554,0.0006674367988980731,0.000749358634907403,0.0016555247105197717,0.0014876603348932989,0.001232345655796746,0.001012714721219594,0.0012378741232574979,0.0008523891648577822,0.00046338609080122384,0.001689700691186239,0.0008106743649266522,0.001883699640263541,0.0012187757811203542,0.0012072162582478733,0.0023747280683685257,0.0021359987916542283,0.0030517140383351706,0.0018691245896851946,0.0019284299679005364,0.0003508063897822711,0.0003432675705176101,0.0004824844329383675,0.0003281899319882847,0.000823741651652065,0.0020983046953309183,0.0005453079268105503,0.0013811116892860752,0.0013695521664135943,0.0027330732774154577,0.001647985891255109,0.0033281374113727762,0.00043473857759550663,0.00043875928120332836,0.00010102017814647007,0.0003759357873311456,0.0010986572608367405,0.0006468306929079994,0.0015982296841083408,0.0005739554400162675,0.0017278973754605263,0.0021762058277324265,0.0009916060272785396,0.00029552171517474926,0.0019223989124888055,0.0007131723024370248,0.001883699640263541,0.00043473857759550663,0.001478111163824727,0.000978538740553125,0.00045031880407581104,0.0006483384567609295,0.001951046425694521,0.0014474532988151007,0.0024013652297703303,0.0009996474344941796,0.0004538369197326503,0.00024224739237114004,0.0007362913481819867,0.0004824844329383675,0.0019148600932241445,0.0021189108013209956,0.00175101642120549,0.00048650513654618574,0.001077548566895686,0.0016670842333922527,0.0015218363155597662,0.0019208911486358737,0.0005035931268794203,0.0013635211110018652,0.000980549092357036,0.0008724926828968804,0.000980549092357036,0.0011941489715224587,0.001228324952188926,0.0018465081318912082,0.00214956866633062,0.0017776535826072963,0.0025903382993378576,0.0015183181999029235,0.0009745180369453068,0.00015379191299910375,0.0010860925620623033,0.00034728827412542837,0.0006694471507019857,0.0011770609811892242,0.002559680434328233,0.0018635961222244427,0.0016499962430590199,0.0017072912694704508,0.0009624559261218468,0.0004749456136737065,0.0015183181999029235,0.0011539419354442606,0.0001829420141557965,0.0007438301674466477,0.0013238166628746443,0.0003528167415861802,0.00160024003591225,0.0007096541867801821,0.0005704373243594248,0.001028294947699895,0.0008679693913380832,0.0007764983842601832,0.0008543995166616913,0.0006005926014180721,0.00033020028379219385,0.0021189108013209956,0.001070009747631025,0.0009574300466120723,0.00374980870224287,0.002464188723642513,0.0016555247105197717,0.0021822368831441556,--,--,--
66,0.0015258570191675862,0.00042368164267400296,0.00175101642120549,0.001437904127746529,0.0017530267730094008,0.0021706773602716747,0.001794741572940529,0.0008126847167305613,0.000823741651652065,0.00043875928120332836,0.000556867449683033,0.0008202235359952258,0.0006588928037314576,0.00045031880407581104,0.0006980946639076994,0.0020887555242623465,0.0007780061481131167,0.0018022803922051918,0.002008341452105952,0.0008870677334752268,0.0011559522872481715,0.0008297727070637959,0.0014876603348932989,0.0008353011745245477,0.001278081159335696,0.0013770909856782552,0.00022716975384181465,0.0009096841912692132,0.0007800164999170259,0.0008413322299362785,0.002981351725198325,0.0018751556450969237,0.0009061660756123704,0.0015866701612358598,0.0005814942592809284,0.0013695521664135943,0.0004854999606442312,0.0003211537006745993,0.0004749456136737065,0.0007036231313684513,0.0005990848375651385,0.0016022503877161608,0.0031049883611387816,0.0015087690288343517,0.0011614807547089233,0.0003930237776643801,0.0012434025907182497,0.0007513689867113121,0.00038347460659580654,0.00349801213880316,0.000764938861387704,0.0018997824546948192,0.001028294947699895,0.002008341452105952,0.0022355112059477666,0.0037729277479878337,0.000919233362337785,0.0013484434724725398,0.0034296601774702253,0.0004789663172815248,0.0006257219989669466,8.393218781323555e-05,0.0006769859699666467,0.0006483384567609295,0.001735436194725189,0.0005091215943401721,0.001957077481106252,0.003085890019001638,0.0012514439979338897,0.0005226914690165639,0.0006925661964469476,0.0009765283887492159,0.0005588778014869421,0.00010705123355820093,0.0005453079268105503,0.0005257069967224276,0.0006960843121037903,0.0028094666459640323,0.0018751556450969237,0.0010338234151606469,0.0009076738394653023,0.0011655014583167433,0.001418303197658408,0.000540784635251753,0.0011252944222385451,0.00040056259692904106,0.0007458405192505603,0.0014228264892172052,0.001331355482139307,0.0007533793385152213,0.0017449853657937608,0.002466199075446424,0.002376738420172435,0.0010051759019549314,0.0003090915898511411,0.0008106743649266522,0.0007478508710544694,0.0005684269725555122,0.0006980946639076994,0.0017701147633426336,0.002101822810987761,0.0017851924018719573,0.001697742098401879,0.0005342509918890466,0.0011328332415032078,0.0018751556450969237,0.001955067129302341,0.00035683744519400193,0.0005608881532908512,0.0022716975384181447,0.0009443627598866577,0.0014112669663447243,0.0011881179161107296,0.0017892131054797773,0.0015851623973829262,0.0016555247105197717,0.0006960843121037903,0.0014343860120896862,0.0013293451303353961,0.001035833766964556,0.00040357812463490475,0.00023269822130256648,0.00024878103573384644,0.00018696271776361822,0.0012609931690024615,0.0020369889653116674,0.002060108011056631,0.0014002100314232189,0.0022314905023399466,0.0010453829380331278,0.0016786437562647354,0.0006257219989669466,0.00010956417331308907,5.427949870556725e-05,0.0010433725862292187,0.0015585252359811216,0.0013826194531390088,0.0005056034786833294,0.0009423524080827486,0.0015585252359811216,0.0018063010958130118,0.0011655014583167433,0.0022546095480849102,0.0019465231341357237,0.0007131723024370248,0.0007036231313684513,0.0010584502247585423,0.0004824844329383675,0.0007342809963780776,0.0017449853657937608,0.0015107793806382625,0.0036065711362142927,0.001216765429316445,0.0027999174748954605,0.0007915760227895086,0.0012132473136596024,0.0016670842333922527,0.0006111469483885967,0.000865959039534174,0.0002367189249103882,0.0007724776806523649,0.0009383317044749286,0.0009267721816024459,0.0009328032370141768,0.0019148600932241445,0.0017374465465290981,0.000533245815987092,0.0007277473530153712,0.0005453079268105503,0.0020711649459781364,0.00027391043328271747,0.0009252644177495141,0.0008508814010048486,0.0010071862537588405,0.0016706023490490954,0.002052066603840993,0.0013142674918060725,0.002351609022623562,0.0007438301674466477,0.000774488032456274,0.0005533493340261902,0.00011358487692090732,0.0003528167415861802,0.0003126097055079838,0.0007307628807212349,0.0020410096689194874,0.0029984397155315597,0.002416442868299654,0.0012036981425910306,0.001077548566895686,0.00025380691524361926,0.00044830845227189844,0.00019098342137143648,0.0002367189249103882,0.00030708123804723195,0.00032215887657655734,0.00035482709339008933,0.001693721394794059,0.0015715925227065344,0.002331002916633485,0.0024053859333781503,0.0017052809176665417,0.0030195484094726124,0.0009574300466120723,0.002315422690153184,0.0017851924018719573,0.002626524631808236,0.0011614807547089233,0.000673467854309804,0.0009614507502198923,0.002511934578985372,0.0018656064740283518,0.0016957317465979699,0.0016233590816572135,0.0024757482465149958,0.002367189249103863,0.0015107793806382625,0.00042167129087009383,0.00034879603797836195,0.0014172980217564534,0.0012052059064439624,0.0009252644177495141,0.0022867751769474684,0.0014459455349621689,0.0018882229318223382,0.0017736328789994763,0.001216765429316445,0.0009001350202006413,0.0013047183207375006,0.0009172230105338741,0.0016233590816572135,0.0009137048948770331,0.0014761008120208162,0.0010604605765624532,0.002311904574496341,0.0021093616302524237,0.0005513389822222811,0.0011675118101206524,0.0004844947847422766,0.0005533493340261902,0.00043021528603670936,0.0020807141170467083,0.0006789963217705558,0.0004196609390661847,0.0016690945851961635,0.0025064061115246204,0.0009307928852102659,0.0035211311845481236,0.0014399144795504398,0.0007574000421230395,0.001478111163824727,0.0009725076851413959,0.003260790625941796,0.00024526292007700373,0.0006875403169371748,0.000865959039534174,0.0008428399937892104,0.00021359987916542283,0.0035819443266163972,0.002006331100302043,0.002775290665297565,0.0009574300466120723,0.001959087832910161,0.00018897306956752735,0.0011901282679146388,0.0007800164999170259,0.00013519615881293912,0.0008905858491320695,0.002610944405327933,0.00190179280649873,0.0009041557238084613,0.0011976670871793015,0.0017168404405390227,0.0007212137096526648,0.003559327868822411,0.001478111163824727,0.00037191508372332385,0.0005990848375651385,0.0007096541867801821,0.0005704373243594248,0.0003890030740565584,0.0012971795014728397,0.002473737894711085,0.001743477601940829,0.0013770909856782552,0.00016233590816572274,0.00035834520904693204,0.0007553896903191304,0.00047695596547761565,0.00028245442844933646,0.00035834520904693204,0.0006674367988980731,0.0012092266100517824,0.0006845247892313076,0.0012378741232574979,0.002582799480073195,0.005016330338706083,0.002773280313493656,0.0013238166628746443,0.0022219413312713748,0.00022867751769474823,0.0017128197369312027,0.0016746230526569154,0.0011594704029050142,0.0005855149628887467,0.0020369889653116674,0.0023345210322903275,0.0010931287933759887,0.0010795589186995969,0.0013826194531390088,0.002359147841888223,0.0012730552798259197,0.0017087990333233827,0.0026586902606707923,0.0015600329998340535,0.0017108093851272935,0.002668239431739364,0.0012971795014728397,0.002252599196281001,0.0015142974962951035,0.0018615857704205319,0.001285619978600357,0.0018329382572148164,0.0007860475553287567,0.0004060910643897929,0.0003528167415861802,0.00032065111272362376,0.0023269822130256666,0.0013067286725414115,0.002456649904377852,0.0011881179161107296,0.0014057384988839707,0.001342915005011788,0.000408101416193702,0.0005111319461440812,0.0010318130633567377,0.0019168704450280537,6.784937338195907e-05,0.0013750806338743461,0.0009900982634256077,0.0005779761436240857,0.001647985891255109,0.0019033005703516619,0.00189777210289091,0.0027561923231604214,0.0011122271355131323,0.002880331547051855,0.00043222563784062196,0.00044830845227189844,0.0005970744857612294,0.0009001350202006413,0.0007684569770445467,0.0008141924805834949,0.0010489010536899705,0.0007307628807212349,0.0025310329211225176,0.0023802565358292775,0.003959890465751452,0.0035819443266163972,0.0010549321091016996,0.00020003000448903102,0.00021862575867519912,0.0005875253146926593,0.0008755082106027458,0.0005930537821534111,0.001478111163824727,0.001024274244092075,0.0007513689867113121,0.001592701216647589,0.0013122571400021633,0.00041011176799761115,0.0006789963217705558,0.0014705723445600644,0.0006830170253783775,0.00021912834662617467,0.0005855149628887467,0.001342915005011788,0.0012418948268653179,0.0018465081318912082,0.0020314604978509156,0.000923254065945605,0.0006428099893001776,0.0017892131054797773,0.001652006594862929,0.000616172827898373,0.0008086640131227431,0.0006694471507019857,0.00016233590816572274,0.0006674367988980731,0.0006865351410352168,0.0016057685033730035,0.0014399144795504398,0.0011634911065128324,0.0010644812801702715,0.0011675118101206524,0.0007458405192505603,0.00042719975833084567,0.001592701216647589,0.0007800164999170259,0.001798762276548349,0.0011403720607678688,0.0011082064319053123,0.0023325106804864184,0.00210383316279167,0.002922046346982985,0.0017831820500680481,0.0018424874282833882,0.00033070287174317287,0.0003432675705176101,0.0004407696330072375,0.0003050708862433228,0.0008523891648577822,0.0019113419775673018,0.0005377691075458893,0.001335376185747127,0.0013524641760803598,0.002569229605396805,0.0016233590816572135,0.0031185582358151734,0.0004312204619386674,0.0004176505872622756,0.00011459005282286189,0.0003794539029879883,0.0010891080897681687,0.0007212137096526648,0.0014972095059618707,0.0006292401146237858,0.0017545345368623327,0.002142029847065959,0.0009956267308863596,0.00028044407664542734,0.0018063010958130118,0.0006428099893001776,0.0017042757417645854,0.00042518940652693654,0.001436396363893597,0.0009116945430731223,0.00042368164267400296,0.0007001050157116086,0.002056087307448811,0.0014801215156286362,0.002321453745564913,0.0010107043694156832,0.00043875928120332836,0.0002593353827043711,0.0006468306929079994,0.00044227739686017106,0.0016690945851961635,0.0019339584353612882,0.0015333958384322471,0.00042518940652693654,0.0011061960801014015,0.0016992498622548109,0.0015012302095696907,0.0018635961222244427,0.00046539644260513297,0.0013006976171296807,0.0008840522057693614,0.0007724776806523649,0.0009519015791513204,0.001175050629385315,0.0012625009328553934,0.0018349486090187273,0.0020636261267134737,0.0017012602140587217,0.002414935104446722,0.001396189327815399,0.0007935863745934177,0.0001432375660285791,0.001024274244092075,0.0003643762644586629,0.0006448203411040902,0.0011252944222385451,0.0024280023911721366,0.0018847048161654955,0.0016726127008530062,0.0016193383780493936,0.0008885754973281586,0.0004407696330072375,0.0014002100314232189,0.0010710149235329796,0.00018897306956752735,0.0007001050157116086,0.001184599800453887,0.00035834520904693204,0.001640447071990448,0.0006523591603687512,0.0005930537821534111,0.0009860775598177877,0.0008051458974659004,0.0006960843121037903,0.0007915760227895086,0.0005453079268105503,0.0003261795801843756,0.0018550521270578255,0.0009574300466120723,0.0009287825334063568,0.003704073198703922,0.002414935104446722,0.001652006594862929,0.0021857549988009983,--,--,--
67,0.0015087690288343517,0.0003774435511840757,0.0016384367201865372,0.0013981996796193098,0.0017414672501369181,0.0020942839917230983,0.0017278973754605263,0.000782026851720935,0.0008202235359952258,0.0004885154883500983,0.0005236966449185185,0.0007895656709855994,0.0006438151652021322,0.0004407696330072375,0.000673467854309804,0.0020465381363802392,0.0006980946639076994,0.0013524641760803598,0.0017851924018719573,0.0008679693913380832,0.0011519315836403515,0.0008031355456619912,0.001384629804942918,0.0008031355456619912,0.0011655014583167433,0.0013579926435411116,0.00021912834662617467,0.000873497858798835,0.0007574000421230395,0.0008141924805834949,0.0029069687084536614,0.0017319180790683463,0.0008946065527398895,0.0014534843542268298,0.0005814942592809284,0.0012705423400710333,0.00041664541136031755,0.0003377391030568583,0.0004558472715365629,0.0006619083314373213,0.0005397794593497984,0.0011328332415032078,0.003025076876933366,0.0014685619927561552,0.0011443927643756888,0.00038548495839971567,0.0011770609811892242,0.0007704673288484558,0.00039654189332121934,0.003231137936834126,0.0007935863745934177,0.001951046425694521,0.0010031655501510223,0.002052066603840993,0.002202842989134231,0.0037804665672524964,0.000919233362337785,0.0013635211110018652,0.0033567849245784917,0.0004377541053013738,0.0005950641339573202,9.348135888180911e-05,0.0006674367988980731,0.0006619083314373213,0.0017168404405390227,0.0004292101101347548,0.001588680513039769,0.0029718025541297533,0.0012187757811203542,0.0005644062689476939,0.0007056334831723604,0.0009287825334063568,0.0005226914690165639,0.00011459005282286189,0.0005091215943401721,0.0005262095846734066,0.0006523591603687512,0.0026456229739453795,0.0014590128216875834,0.0009383317044749286,0.0008031355456619912,0.0011177556029738842,0.0013579926435411116,0.00048348960884032205,0.0010433725862292187,0.00035683744519400193,0.0007227214735055949,0.0014650438770993125,0.0012052059064439624,0.0006749756181627375,0.0017299077272644372,0.0024471007333092803,0.002294313996212131,0.0010318130633567377,0.00031663040911580204,0.0007513689867113121,0.0006830170253783775,0.0005950641339573202,0.0006714575025058948,0.0017168404405390227,0.0020369889653116674,0.0017776535826072963,0.0014725826963639735,0.0003261795801843756,0.0010931287933759887,0.0019093316257633927,0.0018193683825384263,0.0003794539029879883,0.0005091215943401721,0.0021666566566638547,0.0009634611020238014,0.0013620133471489316,0.001180579096846067,0.0016746230526569154,0.001127304774042456,0.0015695821709026253,0.0006277323507708557,0.0014057384988839707,0.0012434025907182497,0.0010011551983471114,0.00039855224512513193,0.00021661540687128653,0.00022716975384181465,0.00017741354669504467,0.0011328332415032078,0.0018615857704205319,0.001964616300370913,0.0012705423400710333,0.002248578492673181,0.0010433725862292187,0.0015811416937751063,0.0006352711700355167,0.00011358487692090732,5.126397099970356e-05,0.0009900982634256077,0.0015258570191675862,0.0012705423400710333,0.0003794539029879883,0.0007036231313684513,0.001489670686697208,0.0018595754186166227,0.0011770609811892242,0.0020792063531937747,0.0017917260452346654,0.0006619083314373213,0.000673467854309804,0.000980549092357036,0.0004885154883500983,0.0007192033578487522,0.001335376185747127,0.0012891380942571997,0.003650798875900309,0.0011026779644445605,0.0026838196582196668,0.0007669492131916131,0.0010679993958271142,0.0015660640552457826,0.0006036081291239358,0.0009021453720045505,0.00023068786949865736,0.0007362913481819867,0.0009172230105338741,0.000919233362337785,0.0007895656709855994,0.0018997824546948192,0.0017414672501369181,0.0005196759413107002,0.0007609181577798822,0.0005262095846734066,0.002058097659252722,0.0002985372428806164,0.000923254065945605,0.0008468606973970304,0.000749358634907403,0.0015600329998340535,0.001995274165380539,0.0012052059064439624,0.002161128189203103,0.0007533793385152213,0.0007724776806523649,0.0005226914690165639,0.00012313404798948088,0.00036236591265475376,0.0003015527705864801,0.0006558772760255939,0.0020178906231745238,0.0027521716195526014,0.0022716975384181447,0.0012227964847281742,0.0010835796223074168,0.0002347085731064756,0.0004312204619386674,0.0001829420141557965,0.00026586902606708096,0.0003116045296060292,0.00028044407664542734,0.00024425774417504917,0.0013981996796193098,0.0013655314628057743,0.002151579018134531,0.0023420598515549902,0.0016766334044608245,0.0028838496627086978,0.0008966169045437986,0.0020751856495859547,0.0017128197369312027,0.0024450903815053694,0.0010891080897681687,0.0006830170253783775,0.0008584202202695113,0.002262148367349573,0.001743477601940829,0.0016022503877161608,0.0016288875491179654,0.0023862875912410066,0.002155097133791372,0.001342915005011788,0.00041011176799761115,0.00036236591265475376,0.0013791013374821661,0.0011328332415032078,0.0008508814010048486,0.0022963243480160402,0.0014761008120208162,0.0017851924018719573,0.0017087990333233827,0.0011579626390520806,0.000861938335926354,0.0011901282679146388,0.0008810366780634977,0.001588680513039769,0.0009348135888180859,0.0013539719399332916,0.000823741651652065,0.002262148367349573,0.0019721551196355755,0.0004729352618697939,0.001129315125846365,0.0005397794593497984,0.0005438001629576167,0.00042368164267400296,0.0019223989124888055,0.0006543695121726603,0.00045986797514438113,0.001640447071990448,0.0024797689501228157,0.0007589078059759731,0.0032120395946969825,0.0014208161374132961,0.0007895656709855994,0.0015107793806382625,0.0008905858491320695,0.0029924086601198305,0.00023923186466527288,0.0006362763459374712,0.0008051458974659004,0.0008413322299362785,0.00016786437562647458,0.0034713749774013553,0.0018118295632737636,0.002773280313493656,0.0009996474344941796,0.0019168704450280537,0.00015077638529324006,0.001081569270503506,0.0007418198156427386,0.0001467556816854218,0.0009076738394653023,0.002720005990690043,0.0017319180790683463,0.0006217012953591249,0.0010986572608367405,0.001689700691186239,0.0007247318253095041,0.0033683444474509744,0.0014916810385011189,0.0003261795801843756,0.0005970744857612294,0.0006523591603687512,0.0005990848375651385,0.0003432675705176101,0.0009820568562099678,0.002414935104446722,0.0017319180790683463,0.001327334778531487,0.0001814342503028664,0.0003357287512529457,0.0007669492131916131,0.00044227739686017106,0.00030708123804723195,0.0003397494548607674,0.0007247318253095041,0.0011675118101206524,0.00044227739686017106,0.0010835796223074168,0.0023480909069667193,0.00474543543312923,0.002868772024179374,0.001331355482139307,0.0020711649459781364,0.00024124221646918548,0.0015489760649125498,0.0016499962430590199,0.0012494336461299788,0.0005608881532908512,0.001964616300370913,0.0021666566566638547,0.0010107043694156832,0.0009423524080827486,0.0013333658339432161,0.0022375215577516774,0.001206211082345917,0.001594711568451498,0.0024013652297703303,0.0013770909856782552,0.0017605655922740618,0.0025938564149947003,0.0011559522872481715,0.0023269822130256666,0.001388650508550738,0.0018465081318912082,0.0012358637714535887,0.0016881929273333072,0.000740814639740784,0.0004060910643897929,0.00033020028379219385,0.00029552171517474926,0.0022239516830752856,0.0012705423400710333,0.002365178897299954,0.0011061960801014015,0.0012705423400710333,0.0012207861329242634,0.00041011176799761115,0.0004749456136737065,0.0009594403984159814,0.00175101642120549,5.930537821534007e-05,0.0012685319882671225,0.0009634611020238014,0.0005377691075458893,0.0013655314628057743,0.0016726127008530062,0.0017223689079997745,0.0026913584774843277,0.001129315125846365,0.002725534458150795,0.00043373340169355207,0.0004407696330072375,0.0005628985050947603,0.0008488710492009395,0.0007724776806523649,0.0007860475553287567,0.0007895656709855994,0.0006046133050258903,0.0024893181211913876,0.0024280023911721366,0.0037271922444488854,0.00345629733887203,0.0009765283887492159,0.00019349636112632462,0.000208071411704671,0.0005950641339573202,0.0008850573816713177,0.0005814942592809284,0.0011956567353753906,0.0008182131841913132,0.0006448203411040902,0.0015122871444911944,0.001278081159335696,0.00041011176799761115,0.0005814942592809284,0.0013409046532078788,0.0007362913481819867,0.00017188507923429283,0.0005990848375651385,0.001239884475061407,0.0010433725862292187,0.0015107793806382625,0.0019359687871651973,0.0009021453720045505,0.0006598979796334122,0.0015620433516379626,0.0015982296841083408,0.0005357587557419802,0.0007669492131916131,0.000657887627829503,0.0001945015370282792,0.0005644062689476939,0.00045182656792874115,0.0013750806338743461,0.0013177856074629152,0.0011122271355131323,0.0010966469090328296,0.0011177556029738842,0.0006940739602998812,0.00041011176799761115,0.0015449553613047298,0.0007533793385152213,0.001765088883832859,0.0010509114054938814,0.0008639486877302632,0.0020983046953309183,0.0019319480835573773,0.002826554636297267,0.0017681044115387245,0.0018213787343423354,0.00031562523321384747,0.00033170804764512743,0.00042368164267400296,0.00030708123804723195,0.0008679693913380832,0.0017892131054797773,0.00041413247160543287,0.001239884475061407,0.0013620133471489316,0.0024852974175835676,0.0016308979009218762,0.003021056173325546,0.00042368164267400296,0.00041413247160543287,0.00012765733954827815,0.00040056259692904106,0.0010795589186995969,0.0007589078059759731,0.001384629804942918,0.0006277323507708557,0.001693721394794059,0.002163138541007012,0.001012714721219594,0.0002794389007434728,0.0017605655922740618,0.0005990848375651385,0.0015992348600102953,0.00042518940652693654,0.0014077488506878816,0.0008810366780634977,0.00034527792232151924,0.0007056334831723604,0.0020711649459781364,0.0014821318674325453,0.0022928062323591975,0.001065989044023205,0.00043473857759550663,0.00028044407664542734,0.0005875253146926593,0.00041212211980152375,0.0014951991541579598,0.0017183482043919545,0.0011423824125717796,0.00017188507923429283,0.0010298027115528269,0.0016881929273333072,0.0015218363155597662,0.001850026247548051,0.00044227739686017106,0.001274060455727876,0.0008353011745245477,0.0007011101916135631,0.0009267721816024459,0.001216765429316445,0.0009689895694845532,0.0017912234572836881,0.0019455179582337691,0.0016329082527257854,0.002331002916633485,0.001335376185747127,0.0006387892856923594,0.00013268321905805097,0.0010147250730235032,0.00038699272225264925,0.0006312504664276984,0.001081569270503506,0.0022355112059477666,0.0018213787343423354,0.0015776235781182653,0.0014951991541579598,0.0008523891648577822,0.0004292101101347548,0.0013409046532078788,0.0010262845958959842,0.00019098342137143648,0.0006865351410352168,0.0011026779644445605,0.0002613457345082837,0.0015298777227754062,0.0004407696330072375,0.000507111242536263,0.0009634611020238014,0.0007684569770445467,0.0006448203411040902,0.0007609181577798822,0.0005206811172126548,0.00033371839944903656,0.0016861825755293963,0.0009096841912692132,0.0007875553191816903,0.003234656052490969,0.002269687186614234,0.0015600329998340535,0.00219932487347739,--,--,--
68,0.001485649983089388,0.0003699047319194147,0.0015831520455790171,0.001384629804942918,0.0017625759440779726,0.0020158802713706146,0.0015620433516379626,0.0007875553191816903,0.0008031355456619912,0.0004729352618697939,0.0005473182786144594,0.0007609181577798822,0.0006312504664276984,0.0004729352618697939,0.0006448203411040902,0.0019837146425080564,0.0006749756181627375,0.0009574300466120723,0.001489670686697208,0.0007955967263973268,0.0011921386197185479,0.0008141924805834949,0.0013750806338743461,0.0007895656709855994,0.0011423824125717796,0.001390660860354647,0.00021762058277324456,0.0008885754973281586,0.000749358634907403,0.0006789963217705558,0.002832585691708996,0.0015183181999029235,0.0008885754973281586,0.0014077488506878816,0.0006639186832412339,0.0012474232943260697,0.00039402895356633466,0.0003709099078213693,0.0004694171462129547,0.0006503488085648421,0.0005035931268794203,0.000774488032456274,0.0028154977013757614,0.0014097592024917907,0.0011252944222385451,0.0004045833005368593,0.001130822889699297,0.0008086640131227431,0.00042167129087009383,0.0030592528575998333,0.000816202832387404,0.002151579018134531,0.0009554196948081631,0.0019339584353612882,0.0021133823338602437,0.0037191508372332455,0.0009116945430731223,0.001386640156746827,0.003341707286049168,0.00046338609080122384,0.0005835046110848376,0.00011056934921504363,0.0006639186832412339,0.0006830170253783775,0.001682161871921578,0.0003794539029879883,0.0013539719399332916,0.0030748330840801343,0.0011956567353753906,0.0005970744857612294,0.0007192033578487522,0.0009307928852102659,0.0005262095846734066,0.0001085589974111345,0.0005226914690165639,0.0005352561677910012,0.00048650513654618574,0.002521483750053944,0.0012036981425910306,0.0008850573816713177,0.0007362913481819867,0.0010071862537588405,0.0013836246290409634,0.00047394043777175196,0.001022263892288166,0.00034527792232151924,0.0007342809963780776,0.001493691390305028,0.0010795589186995969,0.0006217012953591249,0.0015585252359811216,0.0023898057068978493,0.002319443393761004,0.001070009747631025,0.0002764233730376056,0.0007533793385152213,0.000707643834976273,0.0006407996374962685,0.0006674367988980731,0.0016595454141275917,0.0020636261267134737,0.0018158502668815836,0.0011976670871793015,0.00030708123804723195,0.0009936163790824504,0.0019666266521748237,0.0017605655922740618,0.000373925435527233,0.000507111242536263,0.0020867451724584374,0.0009996474344941796,0.0013484434724725398,0.0011675118101206524,0.0014801215156286362,0.001024274244092075,0.00160426073952007,0.0006066236568298029,0.0014097592024917907,0.0012338534196496779,0.000978538740553125,0.00040508588848783833,0.00021359987916542283,0.0002231490502339964,0.00016233590816572274,0.0010604605765624532,0.0016555247105197717,0.001840477076479479,0.001228324952188926,0.0023229615094178466,0.0010966469090328296,0.0015012302095696907,0.000673467854309804,0.00010755382150917647,5.327432280361269e-05,0.0010031655501510223,0.0015640537034418735,0.001180579096846067,0.00033170804764512743,0.0005453079268105503,0.0013750806338743461,0.0020314604978509156,0.0012072162582478733,0.002008341452105952,0.0017605655922740618,0.0006046133050258903,0.0006493436326628875,0.0009900982634256077,0.000499572423271602,0.0007056334831723604,0.0011484134679835088,0.000980549092357036,0.0037689070443800137,0.0009956267308863596,0.002610944405327933,0.0007669492131916131,0.0010489010536899705,0.0015600329998340535,0.000616172827898373,0.0009307928852102659,0.00021762058277324456,0.0006789963217705558,0.0008795289142105658,0.0009689895694845532,0.0007478508710544694,0.0018847048161654955,0.00179273122113662,0.0005377691075458893,0.0007955967263973268,0.0005322406400851375,0.002054076955644902,0.0003111019416550502,0.0009594403984159814,0.0008257520034559776,0.0005628985050947603,0.0012876303304042679,0.0019359687871651973,0.0011655014583167433,0.00204854848818415,0.0007704673288484558,0.0007724776806523649,0.000515152649751903,0.00014022203832271193,0.00035181156568422564,0.00027843372484151474,0.0006026029532219812,0.001808311447616921,0.0024948465886521394,0.00214956866633062,0.0012072162582478733,0.0010835796223074168,0.0002347085731064756,0.00043674892939941923,0.00019249118522437006,0.0002899932477139974,0.00032065111272362376,0.0002593353827043711,0.00023269822130256648,0.001224304248581106,0.0010298027115528269,0.0019761758232433955,0.0024511214369171003,0.0016459755394512,0.0027963993592386178,0.0008413322299362785,0.001955067129302341,0.0017414672501369181,0.002353619374427471,0.0010624709283663623,0.0006845247892313076,0.0007589078059759731,0.0019093316257633927,0.001647985891255109,0.0015565148841772108,0.0016097892069808217,0.0024053859333781503,0.0020711649459781364,0.0012891380942571997,0.0004312204619386674,0.0003794539029879883,0.0013006976171296807,0.0010187457766313232,0.0007669492131916131,0.0022430500252124293,0.0014630335252954017,0.00185605730295978,0.0016630635297844344,0.0011594704029050142,0.0008543995166616913,0.0011368539451110278,0.0008523891648577822,0.0016459755394512,0.0009061660756123704,0.0012474232943260697,0.0006448203411040902,0.001960595596763093,0.0016439651876472908,0.00041413247160543287,0.0011368539451110278,0.0005513389822222811,0.0005282199364773157,0.00042719975833084567,0.0018731452932930145,0.0006830170253783775,0.0004558472715365629,0.001647985891255109,0.002525504453661764,0.0005799864954279949,0.002977331021590507,0.001384629804942918,0.000816202832387404,0.001594711568451498,0.0009001350202006413,0.0028989273012380214,0.00023822668876331832,0.000623711647163034,0.0007764983842601832,0.0007875553191816903,0.00015278673709714918,0.003234656052490969,0.0016057685033730035,0.0028436426266304996,0.0010107043694156832,0.001996781929233471,0.0001432375660285791,0.0010338234151606469,0.0007247318253095041,0.0001412272142246665,0.0009137048948770331,0.0027677518460329023,0.0016077788551769126,0.000457857623340472,0.0009348135888180859,0.0017585552404701527,0.000774488032456274,0.0033321581149805962,0.0016022503877161608,0.0003281899319882847,0.0006121521242905548,0.0006046133050258903,0.0005759657918201766,0.00033371839944903656,0.0008543995166616913,0.00204452778457633,0.0015504838287654817,0.001342915005011788,0.00018696271776361822,0.0003357287512529457,0.0008508814010048486,0.000457857623340472,0.0003528167415861802,0.0003357287512529457,0.0007589078059759731,0.0011252944222385451,0.0003930237776643801,0.0007935863745934177,0.0021917860542127274,0.004589130580375238,0.002977331021590507,0.0013484434724725398,0.0020410096689194874,0.00020103518039098559,0.0014665516409522444,0.0017012602140587217,0.0013600029953450225,0.0005397794593497984,0.0017796639344112054,0.001991253461772719,0.0010393518826213987,0.0008126847167305613,0.0013524641760803598,0.0022314905023399466,0.0011675118101206524,0.0015333958384322471,0.0023289925648295757,0.0012971795014728397,0.0017912234572836881,0.0025958667667986095,0.0009976370826902687,0.0021932938180656593,0.0012514439979338897,0.0018480158957441418,0.0012338534196496779,0.0016233590816572135,0.0007770009722111622,0.0004196609390661847,0.0003126097055079838,0.0002668742019690355,0.002204853340938142,0.0012227964847281742,0.0022390293216046093,0.0009709999212884641,0.0012358637714535887,0.0011368539451110278,0.0004407696330072375,0.0004844947847422766,0.0009061660756123704,0.0016746230526569154,6.48338456760919e-05,0.001224304248581106,0.0009383317044749286,0.000515152649751903,0.001239884475061407,0.0014821318674325453,0.0017148300887351135,0.002715985287082223,0.0011579626390520806,0.002607426289671092,0.00043373340169355207,0.0004442877486640802,0.0005533493340261902,0.0008126847167305613,0.0007875553191816903,0.0008031355456619912,0.0006332608182316075,0.000515152649751903,0.0024395619140446176,0.0024395619140446176,0.00360305302055745,0.003490473319538499,0.0009840672080138786,0.0001814342503028664,0.0002030455321948947,0.0005895356664965684,0.000865959039534174,0.000556867449683033,0.0010378441187684669,0.0006005926014180721,0.0005533493340261902,0.0014554947060307407,0.0012378741232574979,0.00039654189332121934,0.0005186707654087457,0.001285619978600357,0.000774488032456274,0.00017942389849895726,0.0006005926014180721,0.0011730402775814042,0.0007895656709855994,0.001028294947699895,0.0019093316257633927,0.0007704673288484558,0.0006196909435552157,0.0014474532988151007,0.0017072912694704508,0.0005206811172126548,0.0007011101916135631,0.0006724626784078494,0.00019249118522437006,0.00046338609080122384,0.0004025729487329502,0.0013006976171296807,0.0011770609811892242,0.0010835796223074168,0.0011122271355131323,0.001081569270503506,0.0007021153675155212,0.00041212211980152375,0.0015032405613735998,0.0007860475553287567,0.0018178606186854927,0.0009403420562788378,0.0007056334831723604,0.0019339584353612882,0.001592701216647589,0.0028436426266304996,0.0017872027536758681,0.00179273122113662,0.00030708123804723195,0.0003377391030568583,0.00043473857759550663,0.00030708123804723195,0.0008373115263284568,0.0017374465465290981,0.00032416922838046647,0.0010529217572977905,0.0013635211110018652,0.0024832870657796567,0.001588680513039769,0.0029718025541297533,0.000408101416193702,0.00044830845227189844,0.00013519615881293912,0.0004045833005368593,0.0011177556029738842,0.0007458405192505603,0.001216765429316445,0.0004674067944090421,0.0015831520455790171,0.0021973145216734793,0.0010468907018860614,0.0003050708862433228,0.0017640837079309045,0.0005930537821534111,0.0015057535011284862,0.00044830845227189844,0.001335376185747127,0.0008795289142105658,0.0002975320669786584,0.0006428099893001776,0.0021359987916542283,0.001384629804942918,0.002305873519084612,0.0010393518826213987,0.0003950341294682892,0.0002899932477139974,0.0005779761436240857,0.00041413247160543287,0.0013559822917372025,0.0015278673709714953,0.0010107043694156832,0.00012212887208752285,0.0008413322299362785,0.0014534843542268298,0.0015218363155597662,0.00183846672467557,0.0004327282257915975,0.0012609931690024615,0.0008106743649266522,0.0006830170253783775,0.0009041557238084613,0.0010604605765624532,0.0006483384567609295,0.0017776535826072963,0.0019414972546259492,0.0016670842333922527,0.0022219413312713748,0.0013162778436099833,0.0006292401146237858,0.00014022203832271193,0.0010287975356508723,0.0003759357873311456,0.0005930537821534111,0.0010338234151606469,0.002004823336449111,0.00175101642120549,0.0015047483252265317,0.0014650438770993125,0.0008383167022304114,0.00042518940652693654,0.0013464331206686306,0.0010157302489254578,0.00021359987916542283,0.0006960843121037903,0.0010468907018860614,0.0001829420141557965,0.0013082364363943434,0.0003759357873311456,0.0003678943801155056,0.0009172230105338741,0.0007342809963780776,0.0006196909435552157,0.0007458405192505603,0.0005206811172126548,0.0003432675705176101,0.0015841572214809717,0.0008795289142105658,0.0006714575025058948,0.0026360738028768076,0.002151579018134531,0.001384629804942918,0.00214956866633062,--,--,--
69,0.0014419248313543489,0.00035482709339008933,0.0014685619927561552,0.0013791013374821661,0.0017796639344112054,0.0019837146425080564,0.0014554947060307407,0.0008126847167305613,0.0008353011745245477,0.0004709249100658848,0.0005654114448496485,0.0007307628807212349,0.0006247168230649885,0.0004960543076147593,0.0006181831797022821,0.001895761751087001,0.0006448203411040902,0.000657887627829503,0.0013750806338743461,0.0007513689867113121,0.0012434025907182497,0.0008277623552598867,0.0013559822917372025,0.0007991148420541695,0.001077548566895686,0.0014017177952761525,0.00020405070809685275,0.0008870677334752268,0.0007533793385152213,0.0006292401146237858,0.0028436426266304996,0.001443935183158258,0.0008981246683967305,0.001331355482139307,0.0007418198156427386,0.0011785687450421578,0.0003593503849488866,0.0004111169438995657,0.0004885154883500983,0.0006292401146237858,0.0004900232522030284,0.0006372815218394258,0.002715985287082223,0.0014057384988839707,0.0010835796223074168,0.0004292101101347548,0.0010564398729546332,0.000831783058867705,0.0004407696330072375,0.002786850188170046,0.0008126847167305613,0.002319443393761004,0.0009172230105338741,0.0019073212739594819,0.0021304703241934765,0.003680954152958958,0.0009116945430731223,0.001386640156746827,0.003272852736765256,0.000491028428104983,0.0005548570978791238,0.00012413922389143545,0.0006523591603687512,0.0007001050157116086,0.0016630635297844344,0.00039654189332121934,0.0013067286725414115,0.003147205749020889,0.0011655014583167433,0.000623711647163034,0.0007418198156427386,0.0009212437141416941,0.0005262095846734066,9.900982634256095e-05,0.0005282199364773157,0.0005634010930457393,0.0004196609390661847,0.0024355412104367976,0.0009709999212884641,0.0008448503455931195,0.0006674367988980731,0.0008850573816713177,0.0013981996796193098,0.0004608731510463357,0.0009860775598177877,0.0003261795801843756,0.0007287525289173258,0.0015087690288343517,0.0010107043694156832,0.0005779761436240857,0.0014821318674325453,0.0024546395525739412,0.0022676768348103248,0.0011061960801014015,0.000249786211635801,0.0007307628807212349,0.000715182654240934,0.0006503488085648421,0.0006503488085648421,0.0015545045323733016,0.002092273639919189,0.0018575650668127136,0.0010835796223074168,0.00029552171517474926,0.0009363213526710178,0.0019857249943119673,0.0016575350623236808,0.00036035556085084464,0.0005015827750755111,0.001960595596763093,0.0010147250730235032,0.0012911484460611088,0.0011484134679835088,0.0014459455349621689,0.000978538740553125,0.0016077788551769126,0.0005950641339573202,0.0013675418146096834,0.0011996774389832106,0.0009383317044749286,0.000408101416193702,0.0002050558839988073,0.00021762058277324456,0.00016384367201865285,0.0009820568562099678,0.0015791313419711971,0.0018022803922051918,0.0012207861329242634,0.0023973445261625103,0.0011464031161795996,0.0013921686242075806,0.0007036231313684513,0.00010202535404842464,5.628985050947638e-05,0.0009840672080138786,0.0015776235781182653,0.0010679993958271142,0.0003397494548607674,0.0004538369197326503,0.0013082364363943434,0.0021877653506049075,0.0012434025907182497,0.0019093316257633927,0.0016786437562647354,0.0005417898111537076,0.0005930537821534111,0.0009689895694845532,0.0004920336040069376,0.0007171930060448431,0.0010433725862292187,0.000919233362337785,0.003843290061124679,0.0009061660756123704,0.002521483750053944,0.0007629285095837914,0.0010081914296607968,0.0015142974962951035,0.000616172827898373,0.0009348135888180859,0.0001945015370282792,0.0006468306929079994,0.0008332908227206386,0.0011061960801014015,0.0008031355456619912,0.0018656064740283518,0.0018233890861462446,0.0005578726255849875,0.0008202235359952258,0.0005322406400851375,0.0020158802713706146,0.00031763558501776007,0.0009936163790824504,0.0008202235359952258,0.0005111319461440812,0.0012494336461299788,0.00190179280649873,0.001123284070434636,0.0019188807968319645,0.0007915760227895086,0.0007609181577798822,0.0004960543076147593,0.00015529967685203733,0.0003367339271549037,0.00026536643811610194,0.0005438001629576167,0.00174699571759767,0.002200832637330322,0.002155097133791372,0.0011785687450421578,0.0010720200994349342,0.00023068786949865736,0.00043473857759550663,0.00020405070809685275,0.00031663040911580204,0.00032517440428242103,0.00023068786949865736,0.0002211386984300838,0.0010187457766313232,0.0007704673288484558,0.0018480158957441418,0.0025330432729264267,0.0016329082527257854,0.002618985812543573,0.0007971044902502604,0.0017816742862151163,0.0017278973754605263,0.0021973145216734793,0.0010147250730235032,0.0006885454928391294,0.0007458405192505603,0.0018118295632737636,0.0015680744070496935,0.0015142974962951035,0.0015962193323044317,0.002367189249103863,0.0019319480835573773,0.0012092266100517824,0.00043875928120332836,0.0003890030740565584,0.001228324952188926,0.0009348135888180859,0.0007056334831723604,0.0023842772394370975,0.0015142974962951035,0.00194752831003768,0.0016459755394512,0.001123284070434636,0.000831783058867705,0.0010564398729546332,0.0007955967263973268,0.0016706023490490954,0.0008830470298674068,0.001175050629385315,0.0005533493340261902,0.0018806841125576755,0.0015183181999029235,0.0003794539029879883,0.0011484134679835088,0.0005779761436240857,0.000507111242536263,0.0004226764667720484,0.0017565448886662418,0.0006885454928391294,0.0004709249100658848,0.0016459755394512,0.0026395919185336486,0.0004729352618697939,0.0027426224484840295,0.0013504538242764506,0.0008353011745245477,0.0016610531779805236,0.0009021453720045505,0.002736088805121323,0.00023068786949865736,0.0005950641339573202,0.0007629285095837914,0.0007724776806523649,0.0001563048527539919,0.003219578413961645,0.0014951991541579598,0.0029049583566497506,0.0010378441187684669,0.0020349786135077583,0.00012966769135218728,0.0009765283887492159,0.0007021153675155212,0.00013519615881293912,0.0009212437141416941,0.002729555161758615,0.0015298777227754062,0.00034728827412542837,0.0008604305720734222,0.001808311447616921,0.0008202235359952258,0.003276873440373076,0.0016992498622548109,0.00031663040911580204,0.0006181831797022821,0.0005262095846734066,0.0005684269725555122,0.00032416922838046647,0.0008488710492009395,0.001955067129302341,0.0015524941805693908,0.001338894301403968,0.000208071411704671,0.00033170804764512743,0.0009328032370141768,0.0004729352618697939,0.00040056259692904106,0.00033020028379219385,0.0008011251938580821,0.0010911184415720778,0.00041413247160543287,0.0006980946639076994,0.002052066603840993,0.004383069520474478,0.0030667916768644943,0.0013464331206686306,0.0019761758232433955,0.00016786437562647458,0.0013826194531390088,0.0017087990333233827,0.0014665516409522444,0.0005342509918890466,0.0017339284308722572,0.00185203659935196,0.0011102167837092215,0.0007513689867113121,0.0013620133471489316,0.0021897757024088183,0.0011137348993660642,0.0014459455349621689,0.0021762058277324265,0.001169019573973586,0.0018158502668815836,0.002607426289671092,0.0009212437141416941,0.002065636478517383,0.0011710299257774951,0.0018615857704205319,0.0012132473136596024,0.0015258570191675862,0.0008151976564854495,0.00043473857759550663,0.00028597254410617917,0.00024224739237114004,0.0021359987916542283,0.0011403720607678688,0.002155097133791372,0.000923254065945605,0.0012378741232574979,0.0010604605765624532,0.00046539644260513297,0.0004920336040069376,0.000861938335926354,0.0015620433516379626,7.538819264662003e-05,0.0011539419354442606,0.0008925962009359786,0.0004940439558108502,0.0011730402775814042,0.001373070282070437,0.001804290744009101,0.0026968869449450796,0.0012052059064439624,0.0024415722658485284,0.0004513239799777656,0.00043875928120332836,0.0005453079268105503,0.0007589078059759731,0.0007935863745934177,0.0008413322299362785,0.0005111319461440812,0.00048047408113445836,0.002521483750053944,0.0024717275429071758,0.0034160903027938335,0.0034849448520777454,0.0009594403984159814,0.00017741354669504467,0.00019651188883218831,0.0005684269725555122,0.0008543995166616913,0.0005322406400851375,0.0009860775598177877,0.0004900232522030284,0.0004613757389973147,0.001432375660285777,0.001169019573973586,0.00040056259692904106,0.00043674892939941923,0.0012378741232574979,0.0007669492131916131,0.00018897306956752735,0.0006005926014180721,0.0010378441187684669,0.0007362913481819867,0.0008126847167305613,0.0018635961222244427,0.0007212137096526648,0.0006026029532219812,0.0013047183207375006,0.0017872027536758681,0.0004940439558108502,0.0006473332808589749,0.0006789963217705558,0.00019651188883218831,0.00041413247160543287,0.00035683744519400193,0.0012418948268653179,0.0011026779644445605,0.0010433725862292187,0.001123284070434636,0.0010453829380331278,0.0007096541867801821,0.0004025729487329502,0.001428354956677957,0.0008141924805834949,0.0018786737607537664,0.0008413322299362785,0.0006086340086337121,0.001840477076479479,0.0014112669663447243,0.0028592228531108023,0.00179675192474444,0.0017545345368623327,0.0003030605344394137,0.0003377391030568583,0.0004327282257915975,0.0003030605344394137,0.0008353011745245477,0.001689700691186239,0.0002613457345082837,0.0009157152466809423,0.0014112669663447243,0.0024491110851131894,0.0015489760649125498,0.0028838496627086978,0.00039654189332121934,0.0004729352618697939,0.00014876603348933093,0.0004025729487329502,0.0011464031161795996,0.0007553896903191304,0.0011579626390520806,0.00036236591265475376,0.0015756132263143544,0.0022928062323591975,0.001077548566895686,0.00032517440428242103,0.0017223689079997745,0.0005759657918201766,0.0013941789760114898,0.0004694171462129547,0.0012072162582478733,0.000865959039534174,0.0003050708862433228,0.000657887627829503,0.0022390293216046093,0.0013620133471489316,0.002315422690153184,0.0009880879116216969,0.0003699047319194147,0.0003030605344394137,0.0005588778014869421,0.00041212211980152375,0.0011770609811892242,0.0013715625182175034,0.0009745180369453068,0.00011056934921504363,0.000774488032456274,0.0012705423400710333,0.0015374165420400671,0.00183846672467557,0.0004176505872622756,0.0012112369618556915,0.0007679543890935676,0.0006513539844667966,0.0008850573816713177,0.0009820568562099678,0.0004960543076147593,0.0017530267730094008,0.002010351803909863,0.0017168404405390227,0.002096294343527009,0.0012705423400710333,0.0006196909435552157,0.00014876603348933093,0.0010308078874547814,0.00035683744519400193,0.0005417898111537076,0.001012714721219594,0.0018691245896851946,0.00179675192474444,0.001489670686697208,0.0014554947060307407,0.0008151976564854495,0.00042518940652693654,0.0013293451303353961,0.0009966319067883141,0.00024023704056722744,0.0006980946639076994,0.0009709999212884641,0.0001467556816854218,0.001186610152257796,0.0003643762644586629,0.000341257218713701,0.0008714875069949259,0.0007212137096526648,0.0005990848375651385,0.0007192033578487522,0.0005206811172126548,0.00035834520904693204,0.0014399144795504398,0.000823741651652065,0.0005608881532908512,0.0023269822130256666,0.002159117837399192,0.0013162778436099833,0.002204853340938142,--,--,--
70,0.0014208161374132961,0.0003528167415861802,0.0013811116892860752,0.0013770909856782552,0.0018213787343423354,0.0019892431099688083,0.0013941789760114898,0.0008639486877302632,0.0008981246683967305,0.0004729352618697939,0.000582499435182883,0.0007021153675155212,0.0006026029532219812,0.0005186707654087457,0.0006066236568298029,0.0018253994379501554,0.0006217012953591249,0.000457857623340472,0.0013162778436099833,0.0007478508710544694,0.0012876303304042679,0.0008373115263284568,0.001342915005011788,0.0008182131841913132,0.0010393518826213987,0.0014193083735603625,0.00020204035629294015,0.0009096841912692132,0.0007724776806523649,0.0006277323507708557,0.0028933988337772696,0.0014419248313543489,0.0009328032370141768,0.001278081159335696,0.0008106743649266522,0.001134843593307117,0.00033874427895881284,0.0004473032763699439,0.000515152649751903,0.0006312504664276984,0.000499572423271602,0.0005417898111537076,0.002723524106346886,0.001436396363893597,0.0010624709283663623,0.00046539644260513297,0.0010147250730235032,0.0008543995166616913,0.0004674067944090421,0.002559680434328233,0.0008222338877991349,0.002525504453661764,0.0009041557238084613,0.0019284299679005364,0.0021666566566638547,0.0037156327215764028,0.0009348135888180859,0.0014097592024917907,0.0032215887657655543,0.0005166604136048365,0.0005397794593497984,0.00013921686242075737,0.0006558772760255939,0.0007307628807212349,0.0016881929273333072,0.00041212211980152375,0.001285619978600357,0.0032693346211084134,0.0011710299257774951,0.0006428099893001776,0.0007574000421230395,0.0009157152466809423,0.000524701820820473,9.348135888180911e-05,0.0005397794593497984,0.0006151676519964185,0.0003794539029879883,0.002376738420172435,0.0008277623552598867,0.0008523891648577822,0.0006372815218394258,0.0007915760227895086,0.001436396363893597,0.00045182656792874115,0.0009669792176806441,0.00030708123804723195,0.0007227214735055949,0.0015565148841772108,0.0009725076851413959,0.000566416620751603,0.0014841422192364562,0.0025425924439949985,0.0022812467094867166,0.001138864296914937,0.00023068786949865736,0.0007171930060448431,0.0007513689867113121,0.0006598979796334122,0.0006407996374962685,0.0014745930481678843,0.002142029847065959,0.0019223989124888055,0.0010489010536899705,0.0003030605344394137,0.0009137048948770331,0.0020028129846452,0.001592701216647589,0.00036236591265475376,0.000499572423271602,0.0018465081318912082,0.0010413622344253096,0.0012514439979338897,0.001138864296914937,0.0014419248313543489,0.0009554196948081631,0.0016022503877161608,0.0005835046110848376,0.0013484434724725398,0.001184599800453887,0.0009096841912692132,0.00042167129087009383,0.00020103518039098559,0.00021912834662617467,0.00017540319489113554,0.0009443627598866577,0.0014992198577657798,0.0018193683825384263,0.001239884475061407,0.0024928362368482285,0.0011881179161107296,0.0013177856074629152,0.0007237266494075495,9.800465044060638e-05,5.830020231338551e-05,0.0009765283887492159,0.0016173280262454844,0.0010031655501510223,0.0003377391030568583,0.0004292101101347548,0.0012951691496689288,0.0023365313840942384,0.0012911484460611088,0.0018575650668127136,0.0016258720214121017,0.0004980646594186684,0.0005523441581242357,0.0009458705237395913,0.0004920336040069376,0.0007398094638388295,0.0009976370826902687,0.0009076738394653023,0.003953859410339721,0.000877518562406655,0.002462178371838604,0.0007704673288484558,0.0009815542682589905,0.0014992198577657798,0.0006171780038003276,0.0009443627598866577,0.0001829420141557965,0.0006428099893001776,0.0008222338877991349,0.0012589828171985507,0.0008584202202695113,0.0018691245896851946,0.001886212580018429,0.0005845097869867921,0.000840327054034324,0.0005397794593497984,0.001991253461772719,0.0003281899319882847,0.001035833766964556,0.0008182131841913132,0.0004920336040069376,0.0012529517617868215,0.0019168704450280537,0.0011464031161795996,0.0018480158957441418,0.0008222338877991349,0.0007533793385152213,0.0004920336040069376,0.00016786437562647458,0.0003397494548607674,0.00025732503090046197,0.0005056034786833294,0.00175101642120549,0.002010351803909863,0.0021932938180656593,0.0011770609811892242,0.001081569270503506,0.00024023704056722744,0.00043674892939941923,0.00021912834662617467,0.0003462830982234738,0.000332713223547082,0.00021561023096933196,0.00022515940203790552,0.000877518562406655,0.0005875253146926593,0.0017756432308033854,0.002626524631808236,0.0016153176744415753,0.002466199075446424,0.0007589078059759731,0.001640447071990448,0.0017183482043919545,0.00209026328811528,0.0009900982634256077,0.0007056334831723604,0.000774488032456274,0.0018233890861462446,0.0015183181999029235,0.0014916810385011189,0.0016057685033730035,0.0023440702033588993,0.0018193683825384263,0.0011443927643756888,0.0004462981004679893,0.0003950341294682892,0.0011770609811892242,0.0008966169045437986,0.0006810066735744649,0.002576768424661466,0.0015831520455790171,0.0020792063531937747,0.0016459755394512,0.0011082064319053123,0.0008051458974659004,0.0009996474344941796,0.0007513689867113121,0.0017012602140587217,0.0008810366780634977,0.0011368539451110278,0.000507111242536263,0.001854046951155871,0.0014761008120208162,0.0003699047319194147,0.001186610152257796,0.0005910434303494985,0.0004794689052325038,0.0004312204619386674,0.0016786437562647354,0.0007116645385840913,0.0004960543076147593,0.0016861825755293963,0.002761720790621173,0.0004045833005368593,0.002573250309004623,0.0013162778436099833,0.0008755082106027458,0.0017087990333233827,0.0009252644177495141,0.0026013952342593613,0.00023068786949865736,0.0005885304905946138,0.0007704673288484558,0.0007629285095837914,0.00016786437562647458,0.003284412259637737,0.0014459455349621689,0.002973310317982687,0.0010679993958271142,0.002099812459183852,0.00012413922389143545,0.0009348135888180859,0.0006885454928391294,0.00013720651061684824,0.0009172230105338741,0.002769259609885836,0.0015163078480990144,0.00027843372484151474,0.0008277623552598867,0.0018847048161654955,0.0008830470298674068,0.003236666404294878,0.0018118295632737636,0.00032416922838046647,0.0006257219989669466,0.0004729352618697939,0.0005799864954279949,0.00033020028379219385,0.0008810366780634977,0.0019379791389691082,0.001590690864843678,0.0013620133471489316,0.00024224739237114004,0.0003397494548607674,0.0010107043694156832,0.0004885154883500983,0.00043875928120332836,0.0003281899319882847,0.0008413322299362785,0.0010755382150917769,0.0004462981004679893,0.0006503488085648421,0.001959087832910161,0.00429511662905342,0.0031622833875502143,0.0013504538242764506,0.00194350760642986,0.00014776085758737637,0.0013067286725414115,0.0017148300887351135,0.0015736028745104453,0.0005377691075458893,0.00175101642120549,0.0017892131054797773,0.0012207861329242634,0.0007171930060448431,0.0013921686242075806,0.002151579018134531,0.0010644812801702715,0.0013655314628057743,0.0020751856495859547,0.0010835796223074168,0.001840477076479479,0.0026511514414061313,0.0008850573816713177,0.0020178906231745238,0.0011252944222385451,0.0019113419775673018,0.0011996774389832106,0.0014554947060307407,0.0008629435118283086,0.0004558472715365629,0.0002729052573807629,0.00022867751769474823,0.002101822810987761,0.0010911184415720778,0.002138009143458139,0.0009212437141416941,0.0012795889231886279,0.0010413622344253096,0.0004980646594186684,0.0005056034786833294,0.0008257520034559776,0.0014745930481678843,8.946065527399086e-05,0.0010911184415720778,0.0008810366780634977,0.0004900232522030284,0.0011464031161795996,0.0013238166628746443,0.0019128497414202337,0.002722016342493954,0.0012303353039928352,0.0023249718612217557,0.00046539644260513297,0.0004442877486640802,0.0005417898111537076,0.0007383016999858959,0.0008172080082893586,0.0009021453720045505,0.0004312204619386674,0.0004749456136737065,0.0026531617932100404,0.0025174630464461258,0.003282401907833828,0.0035075613098717318,0.0009498912273474096,0.00017841872259699923,0.0001985222406361009,0.0005548570978791238,0.0008523891648577822,0.0005226914690165639,0.000978538740553125,0.00042167129087009383,0.0004045833005368593,0.0014570024698836725,0.001130822889699297,0.000408101416193702,0.000373925435527233,0.001184599800453887,0.0007609181577798822,0.00019651188883218831,0.0006217012953591249,0.0009403420562788378,0.0007171930060448431,0.0006905558446430385,0.0018902332836262473,0.0007036231313684513,0.0005950641339573202,0.0012052059064439624,0.0019093316257633927,0.00047695596547761565,0.0006101417724866422,0.0006895506687410839,0.00020606105990076187,0.00040056259692904106,0.0003357287512529457,0.0012052059064439624,0.001077548566895686,0.0010107043694156832,0.001138864296914937,0.001022263892288166,0.0007362913481819867,0.0004025729487329502,0.001373070282070437,0.0008604305720734222,0.001964616300370913,0.0007875553191816903,0.0005493286304183685,0.0018158502668815836,0.0013122571400021633,0.002920035995179074,0.0018465081318912082,0.001735436194725189,0.0003080864139491865,0.0003357287512529457,0.00043875928120332836,0.00031864076091971463,0.0008468606973970304,0.0016690945851961635,0.00023822668876331832,0.0008126847167305613,0.0014916810385011189,0.002477758598318905,0.0015238466673636753,0.002811476997767943,0.00038699272225264925,0.0005015827750755111,0.00016585402382256545,0.00042368164267400296,0.001186610152257796,0.0007780061481131167,0.001129315125846365,0.0002879828959100883,0.0016138099105886417,0.0023958367623095785,0.0011102167837092215,0.0003442727464195647,0.001697742098401879,0.0005704373243594248,0.0013162778436099833,0.0004900232522030284,0.001123284070434636,0.0008795289142105658,0.00033371839944903656,0.0006749756181627375,0.002357640078035291,0.0013655314628057743,0.0023420598515549902,0.0009539119309552296,0.0003528167415861802,0.00031864076091971463,0.0005473182786144594,0.00042167129087009383,0.0010378441187684669,0.001278081159335696,0.0009996474344941796,0.0001050408817542918,0.0007458405192505603,0.0011423824125717796,0.0015524941805693908,0.0018766634089498573,0.00041413247160543287,0.001184599800453887,0.000756394866221085,0.0006277323507708557,0.0008795289142105658,0.000923254065945605,0.0003774435511840757,0.0017721251151465445,0.002115392685664153,0.0017892131054797773,0.002006331100302043,0.0012514439979338897,0.0006332608182316075,0.00016233590816572274,0.0010338234151606469,0.00034879603797836195,0.0005111319461440812,0.0010071862537588405,0.0017831820500680481,0.0018595754186166227,0.0015047483252265317,0.0014725826963639735,0.0008086640131227431,0.00042719975833084567,0.0013368839496000588,0.000980549092357036,0.00026536643811610194,0.0007116645385840913,0.0009116945430731223,0.00012564698774436556,0.0011102167837092215,0.00036035556085084464,0.000341257218713701,0.0008810366780634977,0.0006980946639076994,0.0005950641339573202,0.000707643834976273,0.0005302302882812249,0.0003759357873311456,0.0013333658339432161,0.0007875553191816903,0.0005015827750755111,0.0021440401988698683,0.0022390293216046093,0.0012971795014728397,0.002264158719153482,--,--,--
71,0.0014534843542268298,0.0003759357873311456,0.0013484434724725398,0.0013811116892860752,0.0019168704450280537,0.0020676468303212937,0.001428354956677957,0.0009725076851413959,0.001022263892288166,0.0004824844329383675,0.0005970744857612294,0.0006789963217705558,0.0005493286304183685,0.0005438001629576167,0.0006257219989669466,0.0017892131054797773,0.0006141624760944639,0.0004558472715365629,0.0013750806338743461,0.000823741651652065,0.0013102467881982525,0.0008428399937892104,0.0013409046532078788,0.0008523891648577822,0.0010509114054938814,0.0014474532988151007,0.0002231490502339964,0.000980549092357036,0.0008277623552598867,0.0007212137096526648,0.0030195484094726124,0.0015866701612358598,0.001012714721219594,0.0012760708075317852,0.000865959039534174,0.0011368539451110278,0.0003462830982234738,0.0004779611413795702,0.000556867449683033,0.0006810066735744649,0.0005548570978791238,0.0005453079268105503,0.0029371239855123087,0.0015374165420400671,0.001081569270503506,0.0005166604136048365,0.001035833766964556,0.0008755082106027458,0.000507111242536263,0.002422473923711385,0.0008564098684656022,0.0028019278266993713,0.0009403420562788378,0.0020430200207233983,0.0022410396734085184,0.0038870152128597183,0.0010071862537588405,0.0014761008120208162,0.0032100292428930734,0.0005427949870556621,0.0005453079268105503,0.00016032555636181015,0.0006925661964469476,0.0007895656709855994,0.00180077262835226,0.0004312204619386674,0.0013177856074629152,0.003494494023146319,0.0012454129425221606,0.0006448203411040902,0.0007589078059759731,0.0009212437141416941,0.0005186707654087457,9.348135888180911e-05,0.000566416620751603,0.0007141774783389794,0.0003910134258604675,0.002368697012956795,0.0008604305720734222,0.0009594403984159814,0.0006885454928391294,0.0007513689867113121,0.0015238466673636753,0.00045182656792874115,0.000980549092357036,0.0002879828959100883,0.0007212137096526648,0.0016726127008530062,0.0009976370826902687,0.000616172827898373,0.0016439651876472908,0.002677788602807936,0.002422473923711385,0.0011614807547089233,0.0002211386984300838,0.0007267421771134167,0.0008428399937892104,0.0006694471507019857,0.0006483384567609295,0.0014534843542268298,0.0022390293216046093,0.00204854848818415,0.001175050629385315,0.000341257218713701,0.0009614507502198923,0.0020143725075176828,0.00160024003591225,0.0003930237776643801,0.0005091215943401721,0.0017585552404701527,0.0010870977379642578,0.0012494336461299788,0.0011464031161795996,0.0014916810385011189,0.0009745180369453068,0.0015776235781182653,0.0005739554400162675,0.0013750806338743461,0.0012036981425910306,0.0009061660756123704,0.0004548420956346083,0.00021058435145955914,0.0002367189249103882,0.000208071411704671,0.0009880879116216969,0.0014152876699525425,0.00194350760642986,0.0013122571400021633,0.002626524631808236,0.0012147550775125342,0.0013102467881982525,0.0007227214735055949,9.800465044060638e-05,6.282349387218278e-05,0.0009916060272785396,0.0017108093851272935,0.0010393518826213987,0.0003111019416550502,0.0005377691075458893,0.001390660860354647,0.0024717275429071758,0.0013559822917372025,0.0019033005703516619,0.0016308979009218762,0.0004920336040069376,0.0005453079268105503,0.000919233362337785,0.0005111319461440812,0.0007895656709855994,0.001074030451238845,0.0010031655501510223,0.004140822128103339,0.0009725076851413959,0.002470219779054244,0.000806653661318834,0.0009860775598177877,0.001542945009500819,0.0006217012953591249,0.0009709999212884641,0.0001945015370282792,0.0006960843121037903,0.0008795289142105658,0.0014534843542268298,0.0009157152466809423,0.0019148600932241445,0.002012362155713772,0.000623711647163034,0.0008508814010048486,0.0005588778014869421,0.002000802632841291,0.0003442727464195647,0.0010911184415720778,0.0008257520034559776,0.0005377691075458893,0.0013449253568156988,0.0020294501460470064,0.0012951691496689288,0.001895761751087001,0.000869979743141994,0.000749358634907403,0.0005166604136048365,0.0001764083707930901,0.0003794539029879883,0.0002668742019690355,0.0005131422979479938,0.0018847048161654955,0.0020178906231745238,0.00230034505162386,0.0012227964847281742,0.001134843593307117,0.00028044407664542734,0.00044830845227189844,0.00024023704056722744,0.000382469430693852,0.0003462830982234738,0.0002211386984300838,0.0002477758598318919,0.000865959039534174,0.0005493286304183685,0.0018138399150776727,0.0027370939810232777,0.001592701216647589,0.002359147841888223,0.0007322706445741685,0.0015620433516379626,0.0017168404405390227,0.0020771960013898656,0.0010091966055627514,0.0007513689867113121,0.0008870677334752268,0.002058097659252722,0.0015238466673636753,0.0015087690288343517,0.0016555247105197717,0.0023501012587706285,0.0017681044115387245,0.0011137348993660642,0.00044830845227189844,0.0003930237776643801,0.001169019573973586,0.0009458705237395913,0.0007227214735055949,0.002864751320571554,0.0016861825755293963,0.0022867751769474684,0.0016841722237254872,0.0011368539451110278,0.0007780061481131167,0.0009880879116216969,0.0007342809963780776,0.001739456898333009,0.0009267721816024459,0.0011634911065128324,0.0005493286304183685,0.0019414972546259492,0.001590690864843678,0.00041212211980152375,0.0012705423400710333,0.0005779761436240857,0.00043875928120332836,0.0004694171462129547,0.0016786437562647354,0.0007669492131916131,0.0005473182786144594,0.0018138399150776727,0.0029029480048458414,0.00041212211980152375,0.002535053624730336,0.001285619978600357,0.0009554196948081631,0.0017203585561958654,0.0009900982634256077,0.0025265096295637203,0.0002462680959789583,0.0006247168230649885,0.0008257520034559776,0.0007629285095837914,0.0001985222406361009,0.0035211311845481236,0.0015298777227754062,0.0030572425057959225,0.0010946365572289205,0.002216412863810623,0.00013368839496000554,0.0009307928852102659,0.0006885454928391294,0.0001467556816854218,0.0008966169045437986,0.0029622533830611815,0.0016268771973140563,0.00029351136337084013,0.0008755082106027458,0.002010351803909863,0.0009820568562099678,0.0032331482886380353,0.001957077481106252,0.00036236591265475376,0.0006352711700355167,0.0004709249100658848,0.0006312504664276984,0.0003678943801155056,0.0009860775598177877,0.0020636261267134737,0.0017032705658626308,0.0014343860120896862,0.0003015527705864801,0.0003699047319194147,0.0010911184415720778,0.0005035931268794203,0.00045986797514438113,0.00033371839944903656,0.0008810366780634977,0.0010986572608367405,0.0005015827750755111,0.0006960843121037903,0.001955067129302341,0.004443882662542751,0.0032693346211084134,0.0013675418146096834,0.0019721551196355755,0.00015529967685203733,0.0012454129425221606,0.0017183482043919545,0.0016841722237254872,0.0005704373243594248,0.0018997824546948192,0.0018751556450969237,0.0014132773181486334,0.0007287525289173258,0.0014745930481678843,0.0021209211531249047,0.001022263892288166,0.0013067286725414115,0.0020847348206545265,0.0010795589186995969,0.0018595754186166227,0.002761720790621173,0.0009363213526710178,0.0021284599723895674,0.0011403720607678688,0.0020294501460470064,0.0012036981425910306,0.001436396363893597,0.0009328032370141768,0.0004940439558108502,0.00028396219230227004,0.00024023704056722744,0.0021344910278012965,0.0011082064319053123,0.002260138015545662,0.0010091966055627514,0.0014037281470800616,0.0011484134679835088,0.0005513389822222811,0.0005282199364773157,0.0008126847167305613,0.001436396363893597,0.00011257970101895276,0.0010433725862292187,0.0009363213526710178,0.0005226914690165639,0.0012016877907871197,0.0013941789760114898,0.0020676468303212937,0.002830575339905087,0.0012052059064439624,0.0023023554034277693,0.0004729352618697939,0.0004729352618697939,0.0005397794593497984,0.000782026851720935,0.0008785237383086095,0.0010091966055627514,0.00043473857759550663,0.0005226914690165639,0.002878321195247946,0.0025918460631907895,0.0032557647464320216,0.003587472794077149,0.0009709999212884641,0.00018696271776361822,0.00021862575867519912,0.0005533493340261902,0.0008714875069949259,0.0005438001629576167,0.0010509114054938814,0.00044227739686017106,0.00041212211980152375,0.0015811416937751063,0.0011519315836403515,0.00042719975833084567,0.00034879603797836195,0.001123284070434636,0.0007574000421230395,0.00020204035629294015,0.0006830170253783775,0.0009212437141416941,0.0007669492131916131,0.000749358634907403,0.002065636478517383,0.000749358634907403,0.0006046133050258903,0.0011901282679146388,0.002115392685664153,0.00047695596547761565,0.0006036081291239358,0.0007086490108782276,0.00022867751769474823,0.0004613757389973147,0.000366386616262572,0.001216765429316445,0.0011539419354442606,0.0009956267308863596,0.0011594704029050142,0.0010318130633567377,0.0007971044902502604,0.00042518940652693654,0.0013524641760803598,0.0009403420562788378,0.00210383316279167,0.0008257520034559776,0.0005684269725555122,0.0019304403197044455,0.0013791013374821661,0.003072822732276225,0.0019761758232433955,0.0017605655922740618,0.00033070287174317287,0.00033170804764512743,0.00045986797514438113,0.0003678943801155056,0.0008870677334752268,0.0017032705658626308,0.00029200359951790655,0.0007780061481131167,0.0016329082527257854,0.0026320530992689876,0.0015374165420400671,0.002769259609885836,0.0003774435511840757,0.0005397794593497984,0.0001849523659597091,0.0004885154883500983,0.0012494336461299788,0.0008277623552598867,0.0011675118101206524,0.00027843372484151474,0.00175101642120549,0.002511934578985372,0.0011484134679835088,0.0003578426210959565,0.0017087990333233827,0.0005875253146926593,0.0013067286725414115,0.0005111319461440812,0.001129315125846365,0.0009443627598866577,0.0004060910643897929,0.0006940739602998812,0.002509924227181463,0.0014193083735603625,0.002403375581574241,0.0009539119309552296,0.00035683744519400193,0.00033371839944903656,0.0005473182786144594,0.0004558472715365629,0.0009725076851413959,0.0013102467881982525,0.0011464031161795996,0.00011257970101895276,0.0007971044902502604,0.0011252944222385451,0.0015660640552457826,0.0019932638135766283,0.00042719975833084567,0.0012052059064439624,0.0008106743649266522,0.0006196909435552157,0.0009021453720045505,0.0008981246683967305,0.00032065111272362376,0.001886212580018429,0.0022928062323591975,0.0019113419775673018,0.001991253461772719,0.0012891380942571997,0.0006960843121037903,0.0001849523659597091,0.0010403570585233533,0.00036035556085084464,0.0005282199364773157,0.0010378441187684669,0.001794741572940529,0.001957077481106252,0.0015831520455790171,0.0015409346576969098,0.0008327882347696595,0.0004292101101347548,0.001396189327815399,0.0009725076851413959,0.00028245442844933646,0.000749358634907403,0.0008870677334752268,0.0001412272142246665,0.001123284070434636,0.00037191508372332385,0.00040056259692904106,0.0009956267308863596,0.0006503488085648421,0.0006277323507708557,0.0007227214735055949,0.0005644062689476939,0.00039855224512513193,0.0012981846773747942,0.0007860475553287567,0.0005533493340261902,0.002216412863810623,0.002460670607985672,0.0013655314628057743,0.0023269822130256666,--,--,--
72,0.0015142974962951035,0.0004025729487329502,0.0013464331206686306,0.0014077488506878816,0.0020254294424391864,0.0021762058277324265,0.001478111163824727,0.001074030451238845,0.0011484134679835088,0.0004920336040069376,0.0006206961194571703,0.000657887627829503,0.0005035931268794203,0.0005704373243594248,0.0006483384567609295,0.0017816742862151163,0.0006101417724866422,0.00046539644260513297,0.001443935183158258,0.0008981246683967305,0.0013524641760803598,0.0008488710492009395,0.0013750806338743461,0.0008850573816713177,0.0010795589186995969,0.0015047483252265317,0.0002462680959789583,0.0010644812801702715,0.0009001350202006413,0.0008126847167305613,0.003137656577952317,0.0017223689079997745,0.0010986572608367405,0.0013027079689335915,0.0009383317044749286,0.0011730402775814042,0.0003613607367527992,0.0005091215943401721,0.0006046133050258903,0.0007362913481819867,0.0006121521242905548,0.0005377691075458893,0.003173842910422695,0.0016424574237943572,0.0011197659547777933,0.000566416620751603,0.0010679993958271142,0.0009116945430731223,0.0005493286304183685,0.0023249718612217557,0.0009001350202006413,0.0031090090647466016,0.0009860775598177877,0.002138009143458139,0.0023440702033588993,0.00409307627276048,0.0010911184415720778,0.0015695821709026253,0.003234656052490969,0.0005769709677221312,0.0005533493340261902,0.0001814342503028664,0.0007322706445741685,0.0008488710492009395,0.0019244092642927164,0.0004407696330072375,0.0013695521664135943,0.0037648863407721937,0.001331355482139307,0.0006407996374962685,0.0007609181577798822,0.0009383317044749286,0.000524701820820473,9.348135888180911e-05,0.0006026029532219812,0.000806653661318834,0.00039654189332121934,0.0023782461840253667,0.0009061660756123704,0.001065989044023205,0.0007438301674466477,0.0007192033578487522,0.0016424574237943572,0.00045685244743851744,0.0010091966055627514,0.0002729052573807629,0.0007287525289173258,0.001794741572940529,0.0010107043694156832,0.0006769859699666467,0.0018138399150776727,0.0028039381785032805,0.002612954757131844,0.0011941489715224587,0.000208071411704671,0.0007478508710544694,0.0009348135888180859,0.0006865351410352168,0.000665426447094164,0.0014494636506190116,0.002357640078035291,0.002204853340938142,0.0012705423400710333,0.0003814642547918974,0.0010071862537588405,0.002052066603840993,0.001640447071990448,0.0004196609390661847,0.0005226914690165639,0.001697742098401879,0.0011423824125717796,0.001274060455727876,0.001175050629385315,0.0015067586770304425,0.0009976370826902687,0.0015545045323733016,0.0005739554400162675,0.001428354956677957,0.0012303353039928352,0.0009137048948770331,0.0004844947847422766,0.0002231490502339964,0.0002548120911455738,0.00023822668876331832,0.0010453829380331278,0.0013655314628057743,0.0020711649459781364,0.001396189327815399,0.0027923786556307995,0.0012549621135907324,0.0013218063110707352,0.0007383016999858959,9.64968865876728e-05,6.68441974800045e-05,0.0010262845958959842,0.0018213787343423354,0.0010946365572289205,0.00028396219230227004,0.0006352711700355167,0.0014972095059618707,0.0026416022703375595,0.0014193083735603625,0.0019741654714394846,0.0016575350623236808,0.0004940439558108502,0.0005473182786144594,0.0009021453720045505,0.0005357587557419802,0.0008393218781323694,0.0011519315836403515,0.0010870977379642578,0.004322256378406204,0.001065989044023205,0.002511934578985372,0.0008584202202695113,0.0010071862537588405,0.0016138099105886417,0.0006342659941335621,0.0009996474344941796,0.00020606105990076187,0.0007383016999858959,0.0009383317044749286,0.0016706023490490954,0.000980549092357036,0.0019761758232433955,0.00215358936993844,0.0006744730302117585,0.000869979743141994,0.0005875253146926593,0.0020294501460470064,0.000366386616262572,0.0011614807547089233,0.000831783058867705,0.0005779761436240857,0.0014112669663447243,0.00214956866633062,0.0014554947060307407,0.0019626059485670037,0.000923254065945605,0.0007553896903191304,0.0005473182786144594,0.0001849523659597091,0.0004146350595564084,0.00027843372484151474,0.0005282199364773157,0.0020178906231745238,0.002054076955644902,0.0024395619140446176,0.0012760708075317852,0.0011976670871793015,0.00031864076091971463,0.00046338609080122384,0.0002633560863121928,0.0004226764667720484,0.0003593503849488866,0.00022716975384181465,0.0002708949055768538,0.0008679693913380832,0.000507111242536263,0.0018766634089498573,0.0029165178795222332,0.0015791313419711971,0.0022907958805552884,0.0007056334831723604,0.0015107793806382625,0.0017414672501369181,0.002092273639919189,0.0010489010536899705,0.0008141924805834949,0.0009976370826902687,0.0023134123383492747,0.0015107793806382625,0.0015298777227754062,0.0017223689079997745,0.002408904049034993,0.0017414672501369181,0.0011061960801014015,0.0004558472715365629,0.0003950341294682892,0.0011655014583167433,0.0010031655501510223,0.0007684569770445467,0.0031205685876190842,0.0018103217994208318,0.002513944930789283,0.001735436194725189,0.001184599800453887,0.0007629285095837914,0.0010031655501510223,0.0007307628807212349,0.001804290744009101,0.0009709999212884641,0.0012092266100517824,0.0005990848375651385,0.0019796939389002365,0.001697742098401879,0.00045182656792874115,0.001373070282070437,0.0005628985050947603,0.00039553671741926477,0.000506608654585284,0.0017032705658626308,0.0008468606973970304,0.0005970744857612294,0.001960595596763093,0.0030401545154626897,0.00042368164267400296,0.0025365613885832694,0.0012720501039239652,0.0010338234151606469,0.0017530267730094008,0.001070009747631025,0.0024928362368482285,0.0002633560863121928,0.0006664316229961186,0.0008925962009359786,0.0007609181577798822,0.00022867751769474823,0.0037648863407721937,0.001647985891255109,0.003177863614030515,0.0011328332415032078,0.002372717716564615,0.0001447453298815092,0.0009363213526710178,0.0006980946639076994,0.0001563048527539919,0.0008795289142105658,0.0031909309007559297,0.00175101642120549,0.0003050708862433228,0.0009328032370141768,0.0021706773602716747,0.0010966469090328296,0.003282401907833828,0.0021344910278012965,0.0004045833005368593,0.0006558772760255939,0.00047695596547761565,0.0006810066735744649,0.000408101416193702,0.0010986572608367405,0.0021877653506049075,0.001798762276548349,0.0015298777227754062,0.00035834520904693204,0.00039654189332121934,0.001180579096846067,0.0005302302882812249,0.00048047408113445836,0.0003432675705176101,0.0009137048948770331,0.0011252944222385451,0.0005493286304183685,0.0007267421771134167,0.0019817042907041473,0.004649943722443511,0.0034256394738624053,0.0014037281470800616,0.0020430200207233983,0.00015932038045985558,0.0012052059064439624,0.0017414672501369181,0.0018022803922051918,0.0006026029532219812,0.0020792063531937747,0.0019701447678316646,0.00160426073952007,0.0007669492131916131,0.0015811416937751063,0.002111371982056333,0.0010011551983471114,0.0012685319882671225,0.002117403037468062,0.0011006676126406496,0.00189375139928309,0.0029371239855123087,0.0009860775598177877,0.002256619899888821,0.0011368539451110278,0.0021706773602716747,0.0012227964847281742,0.0014554947060307407,0.0010081914296607968,0.0005357587557419802,0.0002975320669786584,0.00025179656343971013,0.002202842989134231,0.0011212737186307251,0.0023782461840253667,0.0011026779644445605,0.001542945009500819,0.0012665216364632133,0.000616172827898373,0.0005628985050947603,0.0007991148420541695,0.0014172980217564534,0.0001346935708619601,0.0010187457766313232,0.0009936163790824504,0.0005628985050947603,0.0012609931690024615,0.0014630335252954017,0.0022430500252124293,0.0029964293637276505,0.0011941489715224587,0.0023289925648295757,0.0004824844329383675,0.0005035931268794203,0.0005397794593497984,0.000831783058867705,0.000948886051445455,0.0011177556029738842,0.0004442877486640802,0.0005644062689476939,0.003085890019001638,0.002672260135347184,0.003286422611441648,0.00375382940585069,0.0009976370826902687,0.00019550671293023375,0.00023822668876331832,0.0005588778014869421,0.0008870677334752268,0.0005739554400162675,0.0011368539451110278,0.00045986797514438113,0.0004196609390661847,0.0017183482043919545,0.0011785687450421578,0.0004442877486640802,0.0003281899319882847,0.001081569270503506,0.0007684569770445467,0.0002115895273615137,0.0007589078059759731,0.0009267721816024459,0.000782026851720935,0.0007764983842601832,0.0022314905023399466,0.0007860475553287567,0.0006181831797022821,0.0011921386197185479,0.002351609022623562,0.00048650513654618574,0.0005960693098592748,0.0007362913481819867,0.0002477758598318919,0.000515152649751903,0.0003910134258604675,0.0012303353039928352,0.0012227964847281742,0.000978538740553125,0.0011921386197185479,0.0010489010536899705,0.0008714875069949259,0.00044830845227189844,0.0013504538242764506,0.0010262845958959842,0.002255614723986865,0.0008604305720734222,0.0005895356664965684,0.0020465381363802392,0.0014228264892172052,0.0032748630885691653,0.002138009143458139,0.0018158502668815836,0.00035683744519400193,0.0003281899319882847,0.0004885154883500983,0.00042167129087009383,0.0009363213526710178,0.0017585552404701527,0.0003528167415861802,0.0007478508710544694,0.0017776535826072963,0.002811476997767943,0.0015715925227065344,0.002780819132758317,0.0003643762644586629,0.0005799864954279949,0.00020405070809685275,0.0005533493340261902,0.0013122571400021633,0.0008830470298674068,0.0012207861329242634,0.0002613457345082837,0.0018882229318223382,0.0026531617932100404,0.0011976670871793015,0.00037844872708603025,0.0017490060694015808,0.0006141624760944639,0.0013122571400021633,0.0005377691075458893,0.0011499212318364423,0.0010091966055627514,0.0004749456136737065,0.0007171930060448431,0.002681809306415756,0.0014745930481678843,0.0024908258850443194,0.0009669792176806441,0.00035683744519400193,0.00034527792232151924,0.0005588778014869421,0.0004980646594186684,0.0009328032370141768,0.0013539719399332916,0.0012836096267964479,0.0001181081684797046,0.0008353011745245477,0.001123284070434636,0.0015831520455790171,0.0021133823338602437,0.0004442877486640802,0.0012338534196496779,0.0008755082106027458,0.000616172827898373,0.0009348135888180859,0.0008755082106027458,0.0002633560863121928,0.0020219113267823437,0.0024893181211913876,0.00204452778457633,0.002006331100302043,0.0013368839496000588,0.0007684569770445467,0.000208071411704671,0.0010549321091016996,0.0003678943801155056,0.0005533493340261902,0.001070009747631025,0.0018253994379501554,0.0020410096689194874,0.0016610531779805236,0.0016173280262454844,0.0008704823310929713,0.0004327282257915975,0.0014725826963639735,0.0009709999212884641,0.000299542418782571,0.0007895656709855994,0.000865959039534174,0.0001563048527539919,0.001129315125846365,0.00038548495839971567,0.00045031880407581104,0.0011122271355131323,0.000616172827898373,0.0006749756181627375,0.0007383016999858959,0.0006026029532219812,0.0004176505872622756,0.001285619978600357,0.0008031355456619912,0.0006046133050258903,0.002269687186614234,0.002681809306415756,0.001430365308481868,0.0023958367623095785,--,--,--
73,0.001594711568451498,0.00042719975833084567,0.0014017177952761525,0.001478111163824727,0.0020942839917230983,0.002260138015545662,0.001531385486628338,0.0011464031161795996,0.0011941489715224587,0.0004940439558108502,0.0006448203411040902,0.0006428099893001776,0.0004824844329383675,0.0006005926014180721,0.0006810066735744649,0.0018063010958130118,0.0006558772760255939,0.0005357587557419802,0.0015107793806382625,0.0009594403984159814,0.0014097592024917907,0.0008393218781323694,0.001436396363893597,0.0009157152466809423,0.0010986572608367405,0.0015736028745104453,0.0002613457345082837,0.0011464031161795996,0.0009745180369453068,0.000877518562406655,0.0032080188910891625,0.001808311447616921,0.0011785687450421578,0.0013811116892860752,0.0009820568562099678,0.0012338534196496779,0.00038699272225264925,0.0005377691075458893,0.0006448203411040902,0.0007971044902502604,0.0006789963217705558,0.0005493286304183685,0.0033035106017748807,0.0016766334044608245,0.0011941489715224587,0.0006196909435552157,0.0011041857282974923,0.0009574300466120723,0.0005990848375651385,0.0023440702033588993,0.0009443627598866577,0.003330147763176687,0.0010262845958959842,0.0022279723866831056,0.0023938264105056693,0.004226764667720486,0.0012132473136596024,0.0016499962430590199,0.003282401907833828,0.0006141624760944639,0.0005588778014869421,0.000208071411704671,0.0008031355456619912,0.0008870677334752268,0.0020294501460470064,0.0004312204619386674,0.0014610231734914925,0.00400160526568258,0.0013695521664135943,0.0006181831797022821,0.0007574000421230395,0.000980549092357036,0.0005493286304183685,9.348135888180911e-05,0.0006558772760255939,0.0008393218781323694,0.0004176505872622756,0.0024300127429760458,0.0009539119309552296,0.001228324952188926,0.000782026851720935,0.0007116645385840913,0.0017746380549014309,0.0004674067944090421,0.0010468907018860614,0.0002764233730376056,0.0007533793385152213,0.00190179280649873,0.0010031655501510223,0.0007458405192505603,0.00194350760642986,0.0029562223276494524,0.0028707823759832832,0.0012132473136596024,0.000208071411704671,0.0007935863745934177,0.0010167354248274123,0.0007021153675155212,0.0006925661964469476,0.0015107793806382625,0.002470219779054244,0.002406893697231082,0.0013162778436099833,0.00043875928120332836,0.0010378441187684669,0.002105843514595581,0.001735436194725189,0.00044830845227189844,0.0005282199364773157,0.0016690945851961635,0.0012147550775125342,0.001331355482139307,0.001224304248581106,0.0014801215156286362,0.0010584502247585423,0.0015736028745104453,0.0005950641339573202,0.001485649983089388,0.0012645112846593042,0.0009328032370141768,0.0005056034786833294,0.00023571374900843017,0.0002668742019690355,0.0002668742019690355,0.001138864296914937,0.0014228264892172052,0.0022259620348791948,0.0014801215156286362,0.0029145075277183224,0.0012720501039239652,0.001386640156746827,0.000782026851720935,9.750206248962737e-05,7.036231313684721e-05,0.0010624709283663623,0.0019053109221555727,0.0011901282679146388,0.00025179656343971013,0.0006619083314373213,0.0015756132263143544,0.002763731142425084,0.0014685619927561552,0.0020792063531937747,0.0017032705658626308,0.000524701820820473,0.0005769709677221312,0.0009287825334063568,0.0005704373243594248,0.0009021453720045505,0.0012338534196496779,0.0011443927643756888,0.004381059168670567,0.0011594704029050142,0.002618985812543573,0.0009267721816024459,0.001047895877788016,0.0016917110429901499,0.0006609031555353667,0.0010262845958959842,0.00021561023096933196,0.0007589078059759731,0.0009956267308863596,0.0018118295632737636,0.0010262845958959842,0.0020369889653116674,0.0022963243480160402,0.0007141774783389794,0.0008820418539654522,0.0006292401146237858,0.002105843514595581,0.00039000824995851294,0.001239884475061407,0.000823741651652065,0.0006086340086337121,0.0014112669663447243,0.0022470707288202493,0.001652006594862929,0.002050558839988059,0.0009840672080138786,0.0007800164999170259,0.0005809916713299494,0.00019952741653805547,0.00044529292456603475,0.00029200359951790655,0.0005644062689476939,0.0021324806759973874,0.0021455479627228,0.0025903382993378576,0.0013082364363943434,0.001239884475061407,0.0003699047319194147,0.00048047408113445836,0.0002899932477139974,0.00045986797514438113,0.000382469430693852,0.00024224739237114004,0.0002975320669786584,0.0009157152466809423,0.000507111242536263,0.001996781929233471,0.0030708123804723143,0.0015524941805693908,0.002331002916633485,0.0006960843121037903,0.0015218363155597662,0.0017796639344112054,0.0021782161795363356,0.001134843593307117,0.000877518562406655,0.0010795589186995969,0.0024988672922599594,0.0014665516409522444,0.0015565148841772108,0.0017640837079309045,0.0025330432729264267,0.0017625759440779726,0.0011252944222385451,0.0004729352618697939,0.00039654189332121934,0.0011921386197185479,0.0010911184415720778,0.0008373115263284568,0.0032617958018437507,0.00189777210289091,0.002674270487151095,0.0018274097897540646,0.001239884475061407,0.0007589078059759731,0.0010262845958959842,0.0007458405192505603,0.0019113419775673018,0.001022263892288166,0.0012665216364632133,0.0006483384567609295,0.0019264196160966255,0.0017278973754605263,0.0004789663172815248,0.0014534843542268298,0.0005513389822222811,0.00036538144036061745,0.0005417898111537076,0.00174699571759767,0.0009287825334063568,0.0006312504664276984,0.0021359987916542283,0.0031049883611387816,0.0004312204619386674,0.002672260135347184,0.0012625009328553934,0.0011252944222385451,0.0018022803922051918,0.0011443927643756888,0.0025300277452205613,0.0002945165392727947,0.0007131723024370248,0.0009916060272785396,0.000764938861387704,0.0002477758598318919,0.003929232600741826,0.0018233890861462446,0.00325023627897127,0.0011403720607678688,0.0025064061115246204,0.0001563048527539919,0.0009996474344941796,0.0007398094638388295,0.00016384367201865285,0.000877518562406655,0.003399002312460599,0.0018847048161654955,0.00031663040911580204,0.0009820568562099678,0.0023385417358981475,0.001175050629385315,0.0033663340956470653,0.002303863167280703,0.0004729352618697939,0.0006789963217705558,0.0005091215943401721,0.000715182654240934,0.0004538369197326503,0.0011921386197185479,0.0023365313840942384,0.001840477076479479,0.0016670842333922527,0.0003910134258604675,0.0004196609390661847,0.0012609931690024615,0.000556867449683033,0.0004960543076147593,0.00035834520904693204,0.0008966169045437986,0.0011634911065128324,0.0005970744857612294,0.0007553896903191304,0.00204854848818415,0.004898222170226379,0.0035723951555478254,0.0014419248313543489,0.0021284599723895674,0.00016585402382256545,0.0012147550775125342,0.0017736328789994763,0.0019319480835573773,0.0006196909435552157,0.002164646304859944,0.0020199009749784346,0.001689700691186239,0.0008051458974659004,0.0017183482043919545,0.0020827244688506174,0.0010137198971215487,0.0013162778436099833,0.002164646304859944,0.0011710299257774951,0.0019208911486358737,0.003137656577952317,0.0010433725862292187,0.0023134123383492747,0.0011252944222385451,0.002269687186614234,0.001239884475061407,0.0015545045323733016,0.0010946365572289205,0.0005608881532908512,0.0003261795801843756,0.0002744130212336965,0.0022752156540749875,0.0011484134679835088,0.0025064061115246204,0.0011539419354442606,0.0016499962430590199,0.0013770909856782552,0.0006769859699666467,0.0005799864954279949,0.000816202832387404,0.001430365308481868,0.00016384367201865285,0.0010298027115528269,0.0010584502247585423,0.0005990848375651385,0.0012931587978650197,0.0015067586770304425,0.0023782461840253667,0.0031527342164816407,0.001175050629385315,0.0024335308586328885,0.00048348960884032205,0.0005322406400851375,0.0005417898111537076,0.0008981246683967305,0.001028294947699895,0.0011655014583167433,0.0004729352618697939,0.0005970744857612294,0.0031185582358151734,0.002715985287082223,0.0033683444474509744,0.003990045742810099,0.001024274244092075,0.00020706623580271644,0.0002593353827043711,0.0005684269725555122,0.0009307928852102659,0.0006196909435552157,0.0012434025907182497,0.0004442877486640802,0.000408101416193702,0.00183846672467557,0.001184599800453887,0.00046539644260513297,0.00034728827412542837,0.0010850873861603487,0.0007458405192505603,0.00022867751769474823,0.0008523891648577822,0.0009840672080138786,0.0008031355456619912,0.0007307628807212349,0.002359147841888223,0.0007991148420541695,0.000616172827898373,0.0011976670871793015,0.0025521416150635703,0.0005131422979479938,0.0006292401146237858,0.0007679543890935676,0.0002729052573807629,0.0005322406400851375,0.000415640235458363,0.0012454129425221606,0.0012891380942571997,0.0009634611020238014,0.0011785687450421578,0.0010720200994349342,0.0009423524080827486,0.0004674067944090421,0.001386640156746827,0.0011157452511699733,0.0023717125406626603,0.0009061660756123704,0.0006181831797022821,0.0021741954759285156,0.0013655314628057743,0.0034598154545288726,0.0022983346998199494,0.0019188807968319645,0.0003930237776643801,0.0003281899319882847,0.0005302302882812249,0.00046539644260513297,0.0009860775598177877,0.0018233890861462446,0.0003950341294682892,0.0007398094638388295,0.0018480158957441418,0.002990900896266897,0.0016439651876472908,0.0028456529784344105,0.0003508063897822711,0.0006277323507708557,0.00021762058277324456,0.0006086340086337121,0.0013464331206686306,0.0009287825334063568,0.0013067286725414115,0.00026888455377294465,0.0019304403197044455,0.002807456294160123,0.0011901282679146388,0.0003879978981546038,0.00179675192474444,0.0006543695121726603,0.0013208011351687806,0.0005533493340261902,0.001186610152257796,0.001077548566895686,0.0005015827750755111,0.0007247318253095041,0.002819015817032604,0.0015565148841772108,0.0025446027957989076,0.0010051759019549314,0.0003643762644586629,0.00035482709339008933,0.0005990848375651385,0.0005357587557419802,0.0009443627598866577,0.0014343860120896862,0.0013750806338743461,0.00013519615881293912,0.0008639486877302632,0.0011539419354442606,0.0016022503877161608,0.0022314905023399466,0.000457857623340472,0.001285619978600357,0.0009353161767690632,0.0006292401146237858,0.0010071862537588405,0.0009041557238084613,0.00024023704056722744,0.002105843514595581,0.0026853274220725986,0.0021133823338602437,0.0021209211531249047,0.001388650508550738,0.000861938335926354,0.0002296826935967028,0.0010901132656701232,0.0003678943801155056,0.0005895356664965684,0.0011026779644445605,0.001886212580018429,0.002168667008467764,0.0017319180790683463,0.001693721394794059,0.0009157152466809423,0.00043875928120332836,0.001539426893843978,0.0009890930875236532,0.0003126097055079838,0.0008086640131227431,0.0008413322299362785,0.00016786437562647458,0.0011559522872481715,0.00042167129087009383,0.0004674067944090421,0.0012434025907182497,0.0006217012953591249,0.0007458405192505603,0.0007574000421230395,0.0006468306929079994,0.00042368164267400296,0.001313262315904118,0.0008564098684656022,0.0006387892856923594,0.0022963243480160402,0.0028421348627775678,0.001437904127746529,0.0023822668876331866,--,--,--
74,0.0016117995587847326,0.00043473857759550663,0.0013981996796193098,0.0014801215156286362,0.0021400194952620483,0.002311904574496341,0.0015585252359811216,0.0012036981425910306,0.0012227964847281742,0.0005015827750755111,0.0006468306929079994,0.0006196909435552157,0.000457857623340472,0.0006196909435552157,0.0006845247892313076,0.00175101642120549,0.0006980946639076994,0.0006066236568298029,0.0015565148841772108,0.0009936163790824504,0.0014193083735603625,0.0008373115263284568,0.0014017177952761525,0.0009423524080827486,0.001081569270503506,0.0015504838287654817,0.00028044407664542734,0.0012187757811203542,0.0010298027115528269,0.0009137048948770331,0.003194951604363748,0.001850026247548051,0.0012625009328553934,0.0013770909856782552,0.0009840672080138786,0.0012052059064439624,0.0003950341294682892,0.0005674217966535576,0.000673467854309804,0.0008428399937892104,0.0007418198156427386,0.0005950641339573202,0.0034105618353330817,0.001693721394794059,0.0012227964847281742,0.0006789963217705558,0.0011157452511699733,0.0009725076851413959,0.0006277323507708557,0.0022907958805552884,0.0009880879116216969,0.0034713749774013553,0.0010584502247585423,0.002317433041957093,0.0024717275429071758,0.004284059694131917,0.0013238166628746443,0.0016801515201176672,0.003231137936834126,0.0006257219989669466,0.0005548570978791238,0.00024023704056722744,0.0008679693913380832,0.0009157152466809423,0.002117403037468062,0.0004312204619386674,0.0014972095059618707,0.0040970969763682984,0.0013675418146096834,0.0006217012953591249,0.0007629285095837914,0.0009976370826902687,0.0005533493340261902,9.900982634256095e-05,0.0006905558446430385,0.0008413322299362785,0.0004674067944090421,0.0025023854079168004,0.0009614507502198923,0.0014132773181486334,0.0008257520034559776,0.0006789963217705558,0.0018289175536069981,0.0004674067944090421,0.0010468907018860614,0.0002708949055768538,0.0007533793385152213,0.001995274165380539,0.001020253540484255,0.0008031355456619912,0.0020369889653116674,0.0031185582358151734,0.003034626048001938,0.0012303353039928352,0.00021912834662617467,0.0008202235359952258,0.0010850873861603487,0.0007036231313684513,0.0007021153675155212,0.0015163078480990144,0.0025174630464461258,0.0025903382993378576,0.0014152876699525425,0.0004980646594186684,0.0010529217572977905,0.002117403037468062,0.001743477601940829,0.0004920336040069376,0.0005186707654087457,0.0015851623973829262,0.0012720501039239652,0.001338894301403968,0.0012494336461299788,0.0015333958384322471,0.0011006676126406496,0.0016459755394512,0.000616172827898373,0.001489670686697208,0.0012760708075317852,0.0009212437141416941,0.0005427949870556621,0.00024124221646918548,0.0002764233730376056,0.0003030605344394137,0.0012112369618556915,0.0014992198577657798,0.0023862875912410066,0.0015489760649125498,0.002979341373394416,0.0013047183207375006,0.0014152876699525425,0.0007935863745934177,0.00010202535404842464,7.840372035248372e-05,0.0010549321091016996,0.0019530567774984318,0.0012760708075317852,0.00023269822130256648,0.0006980946639076994,0.0016766334044608245,0.002832585691708996,0.0015258570191675862,0.002155097133791372,0.0016992498622548109,0.0005513389822222811,0.0006000900134670931,0.000964968865876735,0.0005910434303494985,0.0009820568562099678,0.0012795889231886279,0.0011976670871793015,0.004402167862611621,0.0012549621135907324,0.0026551721450139513,0.0009458705237395913,0.001049906229591925,0.0017128197369312027,0.0006925661964469476,0.0010679993958271142,0.0002211386984300838,0.0007895656709855994,0.0010433725862292187,0.0018806841125576755,0.0010338234151606469,0.002052066603840993,0.002406893697231082,0.0007212137096526648,0.0008724926828968804,0.0006543695121726603,0.0021455479627228,0.0004146350595564084,0.0012891380942571997,0.0007971044902502604,0.0006407996374962685,0.001437904127746529,0.002331002916633485,0.0018349486090187273,0.002052066603840993,0.0010338234151606469,0.0007875553191816903,0.0005960693098592748,0.0002146050550673774,0.0004844947847422766,0.0002975320669786584,0.0005970744857612294,0.0022314905023399466,0.0021877653506049075,0.002618985812543573,0.0013409046532078788,0.0012378741232574979,0.0004292101101347548,0.000499572423271602,0.0003126097055079838,0.0004890180763010739,0.00040508588848783833,0.00025732503090046197,0.0003090915898511411,0.0009383317044749286,0.0005262095846734066,0.0021133823338602437,0.003021056173325546,0.0015142974962951035,0.0022772260058788966,0.0006905558446430385,0.0015012302095696907,0.0017625759440779726,0.0021877653506049075,0.001175050629385315,0.0009096841912692132,0.0011559522872481715,0.002580789128269286,0.001493691390305028,0.00160426073952007,0.0017339284308722572,0.002519473398250035,0.0017278973754605263,0.0010891080897681687,0.0004729352618697939,0.00041011176799761115,0.0012092266100517824,0.0011484134679835088,0.0009096841912692132,0.00335125645711774,0.002012362155713772,0.0027486535038957587,0.0018826944643615864,0.0012549621135907324,0.0007398094638388295,0.0009956267308863596,0.0007116645385840913,0.001957077481106252,0.0010891080897681687,0.0012891380942571997,0.0006980946639076994,0.0019530567774984318,0.0017736328789994763,0.00048650513654618574,0.0014725826963639735,0.0005548570978791238,0.0003432675705176101,0.0005789813195260403,0.0017339284308722572,0.0009554196948081631,0.0006598979796334122,0.002269687186614234,0.0031622833875502143,0.00043875928120332836,0.0027406120966801204,0.001232345655796746,0.0011956567353753906,0.00180077262835226,0.0011730402775814042,0.002462178371838604,0.00033020028379219385,0.0007503638108093576,0.0010720200994349342,0.0008141924805834949,0.00025179656343971013,0.004211184441240185,0.0020219113267823437,0.003231137936834126,0.0011403720607678688,0.002515955282593192,0.00016585402382256545,0.0010549321091016996,0.0007513689867113121,0.00017741354669504467,0.0008795289142105658,0.0034733853292052645,0.0019932638135766283,0.0003432675705176101,0.001035833766964556,0.002422473923711385,0.001224304248581106,0.0033266296475198444,0.0023973445261625103,0.0005438001629576167,0.0006789963217705558,0.0005206811172126548,0.0007398094638388295,0.0005015827750755111,0.0012454129425221606,0.002559680434328233,0.0019033005703516619,0.0017816742862151163,0.0004176505872622756,0.0004538369197326503,0.0013102467881982525,0.0005724476761633339,0.0005186707654087457,0.0003759357873311456,0.0008755082106027458,0.001182589448649976,0.0006332608182316075,0.0008202235359952258,0.002101822810987761,0.005073625365117514,0.0035211311845481236,0.0014343860120896862,0.002101822810987761,0.0001814342503028664,0.0011921386197185479,0.0017681044115387245,0.0020389993171155783,0.0006277323507708557,0.0021837446469970875,0.0021284599723895674,0.0017243792598036854,0.0008051458974659004,0.0017851924018719573,0.0019837146425080564,0.0009926112031804941,0.0013258270146785552,0.002147558314526711,0.0011785687450421578,0.0019188807968319645,0.003177863614030515,0.0011026779644445605,0.0024335308586328885,0.0011443927643756888,0.0023269822130256666,0.0012132473136596024,0.0016193383780493936,0.0011398694728168915,0.0005644062689476939,0.00036035556085084464,0.00029552171517474926,0.0022752156540749875,0.0011921386197185479,0.002626524631808236,0.0011976670871793015,0.0017530267730094008,0.0014419248313543489,0.0007116645385840913,0.0005704373243594248,0.0008428399937892104,0.0014057384988839707,0.00018997824546948192,0.0009820568562099678,0.001138864296914937,0.0006086340086337121,0.0013047183207375006,0.001531385486628338,0.0024797689501228157,0.0031663040911580325,0.0011443927643756888,0.0024812767139757476,0.00048348960884032205,0.0005588778014869421,0.0005548570978791238,0.0009478808755435005,0.0010860925620623033,0.0012132473136596024,0.00048650513654618574,0.0006257219989669466,0.0030059785347962224,0.0027582026749643305,0.003286422611441648,0.004060910643897922,0.0010378441187684669,0.00021762058277324456,0.0002708949055768538,0.0005548570978791238,0.0009725076851413959,0.0006292401146237858,0.0012911484460611088,0.0004462981004679893,0.0003814642547918974,0.0019093316257633927,0.0011785687450421578,0.0004885154883500983,0.0003643762644586629,0.0010549321091016996,0.0006925661964469476,0.0002477758598318919,0.0009061660756123704,0.0009916060272785396,0.0008639486877302632,0.0007212137096526648,0.0024586602561817612,0.0008393218781323694,0.0006468306929079994,0.0011579626390520806,0.0026586902606707923,0.000515152649751903,0.0006925661964469476,0.0007790113240150713,0.000299542418782571,0.000556867449683033,0.00042518940652693654,0.0012589828171985507,0.0013715625182175034,0.0009403420562788378,0.001130822889699297,0.0010624709283663623,0.000964968865876735,0.00048047408113445836,0.0013620133471489316,0.001184599800453887,0.0024058885213291276,0.0009478808755435005,0.0006905558446430385,0.0022907958805552884,0.0013293451303353961,0.003555307165214591,0.0023842772394370975,0.0019741654714394846,0.0004176505872622756,0.00032416922838046647,0.0005548570978791238,0.0005035931268794203,0.001020253540484255,0.0018671142378812854,0.00041413247160543287,0.0007935863745934177,0.0018671142378812854,0.0031145375322073534,0.0016726127008530062,0.0027923786556307995,0.00035482709339008933,0.0006674367988980731,0.00023068786949865736,0.0006523591603687512,0.0013409046532078788,0.0009458705237395913,0.0013635211110018652,0.00029552171517474926,0.001987232758164899,0.0028989273012380214,0.0011368539451110278,0.0003699047319194147,0.0017776535826072963,0.000673467854309804,0.0012665216364632133,0.0005473182786144594,0.0011730402775814042,0.0011464031161795996,0.0005302302882812249,0.0007116645385840913,0.002881839310904787,0.0016439651876472908,0.0025425924439949985,0.0010393518826213987,0.0003759357873311456,0.0003759357873311456,0.0006217012953591249,0.000556867449683033,0.0009021453720045505,0.0014876603348932989,0.0015218363155597662,0.00015429450095008276,0.0008885754973281586,0.0011594704029050142,0.0016248668455101471,0.0023365313840942384,0.0004749456136737065,0.0013218063110707352,0.0009594403984159814,0.0006438151652021322,0.0010644812801702715,0.0009574300466120723,0.00024023704056722744,0.002161128189203103,0.002763731142425084,0.0021741954759285156,0.002151579018134531,0.0014077488506878816,0.0009443627598866577,0.00025079138753775557,0.0011283099499444105,0.0003759357873311456,0.0006121521242905548,0.0011212737186307251,0.0018997824546948192,0.002361158193692134,0.001808311447616921,0.0017414672501369181,0.0009297877093083114,0.00043875928120332836,0.0015695821709026253,0.0010107043694156832,0.0003281899319882847,0.0008202235359952258,0.0008051458974659004,0.0001814342503028664,0.0011499212318364423,0.0004442877486640802,0.0004312204619386674,0.0013655314628057743,0.0006046133050258903,0.000806653661318834,0.000782026851720935,0.0006694471507019857,0.00043473857759550663,0.0012720501039239652,0.0008830470298674068,0.0006558772760255939,0.00230034505162386,0.0029984397155315597,0.0014570024698836725,0.002414935104446722,--,--,--
75,0.0016288875491179654,0.0004442877486640802,0.0013941789760114898,0.0014841422192364562,0.0021857549988009983,0.002365178897299954,0.0015851623973829262,0.0012625009328553934,0.0012514439979338897,0.0005091215943401721,0.0006473332808589749,0.0005970744857612294,0.00043373340169355207,0.0006407996374962685,0.0006865351410352168,0.001693721394794059,0.0007438301674466477,0.0006789963217705558,0.0016022503877161608,0.0010298027115528269,0.001428354956677957,0.0008373115263284568,0.0013695521664135943,0.0009669792176806441,0.0010644812801702715,0.0015278673709714953,0.000299542418782571,0.0012891380942571997,0.0010835796223074168,0.0009478808755435005,0.003181381729687358,0.00189375139928309,0.0013464331206686306,0.0013750806338743461,0.0009880879116216969,0.0011770609811892242,0.0004025729487329502,0.0005970744857612294,0.0007021153675155212,0.0008885754973281586,0.000806653661318834,0.0006448203411040902,0.0035171104809403036,0.0017087990333233827,0.0012514439979338897,0.0007398094638388295,0.001129315125846365,0.0009860775598177877,0.000657887627829503,0.0022355112059477666,0.0010318130633567377,0.003612602191626022,0.0010931287933759887,0.002406893697231082,0.0025481209114557504,0.004337334016935528,0.0014343860120896862,0.0017108093851272935,0.003181381729687358,0.0006372815218394258,0.0005513389822222811,0.0002744130212336965,0.0009328032370141768,0.0009423524080827486,0.002202842989134231,0.0004312204619386674,0.0015333958384322471,0.004196106802710859,0.0013655314628057743,0.000623711647163034,0.0007684569770445467,0.0010167354248274123,0.000556867449683033,0.0001030305299503792,0.0007247318253095041,0.0008428399937892104,0.0005186707654087457,0.0025747580728575567,0.0009689895694845532,0.0015982296841083408,0.000869979743141994,0.0006483384567609295,0.0018847048161654955,0.0004674067944090421,0.0010468907018860614,0.00026536643811610194,0.0007553896903191304,0.0020887555242623465,0.0010393518826213987,0.0008584202202695113,0.0021304703241934765,0.003282401907833828,0.0032004800718245015,0.0012474232943260697,0.00023068786949865736,0.0008468606973970304,0.0011519315836403515,0.000707643834976273,0.0007096541867801821,0.0015238466673636753,0.002567219253592894,0.002773280313493656,0.0015183181999029235,0.0005548570978791238,0.001070009747631025,0.0021284599723895674,0.00175101642120549,0.0005357587557419802,0.0005091215943401721,0.0015012302095696907,0.0013293451303353961,0.0013464331206686306,0.0012720501039239652,0.0015866701612358598,0.0011443927643756888,0.0017168404405390227,0.0006372815218394258,0.0014951991541579598,0.001285619978600357,0.0009076738394653023,0.0005799864954279949,0.0002467706839299373,0.00028597254410617917,0.000341257218713701,0.001281599274992537,0.0015756132263143544,0.0025461105596518412,0.0016173280262454844,0.0030441752190705097,0.0013368839496000588,0.001443935183158258,0.0008051458974659004,0.00010604605765624636,8.493736371519359e-05,0.0010489010536899705,0.002000802632841291,0.0013600029953450225,0.0002115895273615137,0.0007342809963780776,0.0017796639344112054,0.0029009376530419306,0.0015851623973829262,0.0022294801505360375,0.0016947265706960136,0.0005799864954279949,0.0006227064712610794,0.0010011551983471114,0.0006141624760944639,0.0010604605765624532,0.001327334778531487,0.0012514439979338897,0.004425286908356585,0.0013524641760803598,0.0026933688292882386,0.000964968865876735,0.001051916581395836,0.0017339284308722572,0.0007237266494075495,0.0011102167837092215,0.00022716975384181465,0.0008202235359952258,0.0010911184415720778,0.0019530567774984318,0.0010433725862292187,0.0020676468303212937,0.002519473398250035,0.0007277473530153712,0.0008629435118283086,0.0006789963217705558,0.0021837446469970875,0.00043875928120332836,0.0013409046532078788,0.0007724776806523649,0.0006714575025058948,0.0014630335252954017,0.002414935104446722,0.0020158802713706146,0.002056087307448811,0.0010850873861603487,0.0007955967263973268,0.0006101417724866422,0.00022867751769474823,0.0005226914690165639,0.0003030605344394137,0.0006312504664276984,0.002331002916633485,0.0022294801505360375,0.0026491410896022204,0.001373070282070437,0.0012378741232574979,0.0004885154883500983,0.0005166604136048365,0.0003357287512529457,0.0005186707654087457,0.0004292101101347548,0.0002729052573807629,0.00032065111272362376,0.0009594403984159814,0.0005453079268105503,0.0022279723866831056,0.002973310317982687,0.0014745930481678843,0.0022239516830752856,0.0006845247892313076,0.0014801215156286362,0.0017449853657937608,0.00219932487347739,0.001216765429316445,0.0009403420562788378,0.0012303353039928352,0.0026627109642786122,0.0015218363155597662,0.001652006594862929,0.0017052809176665417,0.0025043957597207112,0.001693721394794059,0.0010549321091016996,0.0004749456136737065,0.00042368164267400296,0.001224304248581106,0.0012092266100517824,0.0009840672080138786,0.003440717112391729,0.0021264496205856565,0.002823036520640424,0.0019379791389691082,0.0012685319882671225,0.0007247318253095041,0.0009689895694845532,0.0006769859699666467,0.002000802632841291,0.0011559522872481715,0.0013122571400021633,0.0007478508710544694,0.0019796939389002365,0.0018193683825384263,0.0004920336040069376,0.0014951991541579598,0.0005588778014869421,0.0003211537006745993,0.0006151676519964185,0.0017203585561958654,0.0009820568562099678,0.0006905558446430385,0.002403375581574241,0.0032235991175694634,0.0004462981004679893,0.0028094666459640323,0.0012036981425910306,0.0012665216364632133,0.00179675192474444,0.0012016877907871197,0.002394831586407624,0.00036538144036061745,0.0007875553191816903,0.0011539419354442606,0.0008639486877302632,0.00025581726704753185,0.0044936388696895195,0.0022199309794674656,0.0032100292428930734,0.0011403720607678688,0.002525504453661764,0.00017540319489113554,0.0011102167837092215,0.000764938861387704,0.00018897306956752735,0.0008830470298674068,0.003545757994146019,0.002101822810987761,0.0003699047319194147,0.0010911184415720778,0.0025064061115246204,0.0012720501039239652,0.003286422611441648,0.0024908258850443194,0.000616172827898373,0.0006769859699666467,0.0005322406400851375,0.0007629285095837914,0.0005493286304183685,0.0013006976171296807,0.002780819132758317,0.0019666266521748237,0.001895761751087001,0.0004462981004679893,0.0004885154883500983,0.0013600029953450225,0.0005835046110848376,0.0005397794593497984,0.0003930237776643801,0.0008543995166616913,0.0012016877907871197,0.0006674367988980731,0.0008870677334752268,0.00215358936993844,0.00524902856000865,0.0034713749774013553,0.001428354956677957,0.0020731752977820456,0.00019651188883218831,0.001169019573973586,0.0017625759440779726,0.0021455479627228,0.0006332608182316075,0.002202842989134231,0.0022375215577516774,0.0017585552404701527,0.0008086640131227431,0.00185203659935196,0.001886212580018429,0.0009720050971904187,0.001335376185747127,0.0021304703241934765,0.0011881179161107296,0.0019168704450280537,0.0032175680621577343,0.0011634911065128324,0.0025541519668674795,0.0011634911065128324,0.0023822668876331866,0.0011881179161107296,0.0016841722237254872,0.0011835946245519324,0.0005684269725555122,0.0003930237776643801,0.00031663040911580204,0.002273707890222054,0.0012358637714535887,0.0027466431520918495,0.0012418948268653179,0.001854046951155871,0.0015032405613735998,0.0007458405192505603,0.0005628985050947603,0.000869979743141994,0.0013826194531390088,0.00021661540687128653,0.0009348135888180859,0.0012187757811203542,0.0006181831797022821,0.0013162778436099833,0.0015565148841772108,0.002580789128269286,0.003177863614030515,0.0011137348993660642,0.0025270122175146976,0.0004844947847422766,0.0005875253146926593,0.0005704373243594248,0.0009956267308863596,0.001145397940277645,0.0012625009328553934,0.0004980646594186684,0.0006543695121726603,0.0028933988337772696,0.0027979071230915514,0.00320450077543232,0.0041312729570347675,0.0010489010536899705,0.00022867751769474823,0.00028345960435129103,0.0005438001629576167,0.0010147250730235032,0.0006407996374962685,0.0013368839496000588,0.00045031880407581104,0.00035482709339008933,0.0019776835870963273,0.0011730402775814042,0.0005091215943401721,0.0003814642547918974,0.001024274244092075,0.0006372815218394258,0.00026888455377294465,0.0009574300466120723,0.0009976370826902687,0.0009252644177495141,0.0007131723024370248,0.002555659730720413,0.0008795289142105658,0.0006749756181627375,0.0011177556029738842,0.0027677518460329023,0.0005186707654087457,0.0007543845144171758,0.0007895656709855994,0.0003281899319882847,0.0005814942592809284,0.00043674892939941923,0.0012720501039239652,0.0014514740024229207,0.0009172230105338741,0.001081569270503506,0.0010529217572977905,0.0009880879116216969,0.0004960543076147593,0.001335376185747127,0.0012514439979338897,0.0024415722658485284,0.0009880879116216969,0.000764938861387704,0.0024053859333781503,0.0012931587978650197,0.003650798875900309,0.002470219779054244,0.0020294501460470064,0.00044227739686017106,0.00032065111272362376,0.0005799864954279949,0.0005417898111537076,0.0010529217572977905,0.0019113419775673018,0.0004327282257915975,0.0008428399937892104,0.0018882229318223382,0.003238676756098789,0.0017012602140587217,0.002739104332827187,0.00036035556085084464,0.0007056334831723604,0.0002462680959789583,0.0006940739602998812,0.001335376185747127,0.0009634611020238014,0.0014208161374132961,0.00032416922838046647,0.0020410096689194874,0.0029924086601198305,0.0010835796223074168,0.0003508063897822711,0.0017605655922740618,0.0006905558446430385,0.0012112369618556915,0.0005417898111537076,0.0011579626390520806,0.001216765429316445,0.0005588778014869421,0.0006960843121037903,0.0029466731565808806,0.0017339284308722572,0.0025405820921910894,0.001074030451238845,0.00038699272225264925,0.00039654189332121934,0.0006448203411040902,0.0005779761436240857,0.000861938335926354,0.001539426893843978,0.0016690945851961635,0.00017188507923429283,0.0009116945430731223,0.0011655014583167433,0.001647985891255109,0.0024395619140446176,0.0004940439558108502,0.0013579926435411116,0.0009830620321119223,0.000657887627829503,0.0011197659547777933,0.0010107043694156832,0.00024023704056722744,0.002216412863810623,0.0028421348627775678,0.0022314905023399466,0.0021802265313402465,0.0014268471928250252,0.0010262845958959842,0.0002729052573807629,0.0011675118101206524,0.0003814642547918974,0.0006352711700355167,0.0011403720607678688,0.0019148600932241445,0.0025541519668674795,0.0018847048161654955,0.0017892131054797773,0.000944865347837635,0.00043875928120332836,0.0016022503877161608,0.0010318130633567377,0.00034527792232151924,0.000831783058867705,0.0007704673288484558,0.0001945015370282792,0.0011443927643756888,0.0004674067944090421,0.00039654189332121934,0.001485649983089388,0.0005895356664965684,0.0008679693913380832,0.000806653661318834,0.0006940739602998812,0.0004462981004679893,0.0012313404798947915,0.0009076738394653023,0.000673467854309804,0.002303863167280703,0.0031547445682855516,0.0014761008120208162,0.0024491110851131894,--,--,--
76,0.0015851623973829262,0.00043473857759550663,0.0013675418146096834,0.001485649983089388,0.002163138541007012,0.0023747280683685257,0.0015449553613047298,0.0012418948268653179,0.0012358637714535887,0.0005056034786833294,0.0006428099893001776,0.0005608881532908512,0.0004407696330072375,0.0006372815218394258,0.0006845247892313076,0.0016384367201865372,0.0008051458974659004,0.0006830170253783775,0.0016555247105197717,0.0010318130633567377,0.0013941789760114898,0.0008353011745245477,0.0013579926435411116,0.0009574300466120723,0.001020253540484255,0.0015122871444911944,0.00030708123804723195,0.0012876303304042679,0.001081569270503506,0.0009745180369453068,0.003084382255148706,0.0018465081318912082,0.0014112669663447243,0.0013504538242764506,0.0009689895694845532,0.0011559522872481715,0.0004045833005368593,0.0006151676519964185,0.000707643834976273,0.0008830470298674068,0.0008126847167305613,0.0006483384567609295,0.0035055509580678226,0.0017012602140587217,0.0012569724653946415,0.0007704673288484558,0.001130822889699297,0.0009840672080138786,0.000665426447094164,0.0021455479627228,0.001024274244092075,0.00360305302055745,0.0010870977379642578,0.002376738420172435,0.0025365613885832694,0.004280038990524097,0.0015374165420400671,0.0016841722237254872,0.003085890019001638,0.0006282349387218313,0.0005342509918890466,0.0003050708862433228,0.0009765283887492159,0.0009363213526710178,0.002200832637330322,0.0004292101101347548,0.0015067586770304425,0.004188567983446198,0.0013368839496000588,0.0006332608182316075,0.0007780061481131167,0.0009996474344941796,0.0005513389822222811,0.0001030305299503792,0.0007553896903191304,0.0008383167022304114,0.0005302302882812249,0.002559680434328233,0.0009594403984159814,0.0016268771973140563,0.0008488710492009395,0.0006352711700355167,0.0019284299679005364,0.00046841197031099666,0.0010584502247585423,0.0002729052573807629,0.0007307628807212349,0.002096294343527009,0.001028294947699895,0.0009041557238084613,0.002101822810987761,0.003337686582441348,0.003229127585030217,0.0012454129425221606,0.0002462680959789583,0.0008755082106027458,0.0011443927643756888,0.0007001050157116086,0.0007287525289173258,0.0015047483252265317,0.0025290225693186067,0.0027999174748954605,0.0015333958384322471,0.0005799864954279949,0.0010564398729546332,0.002159117837399192,0.0017490060694015808,0.0005759657918201766,0.000499572423271602,0.0013770909856782552,0.0013464331206686306,0.0013218063110707352,0.0012931587978650197,0.0016097892069808217,0.0011655014583167433,0.0017108093851272935,0.0006332608182316075,0.0014534843542268298,0.0013122571400021633,0.0008870677334752268,0.0005855149628887467,0.00024023704056722744,0.0002814492525473819,0.00034879603797836195,0.0012514439979338897,0.0016213487298533044,0.0025998874704064295,0.0015565148841772108,0.0030135173540608833,0.0013082364363943434,0.0014590128216875834,0.0008136898926325159,0.00011911334438165916,9.900982634256095e-05,0.0009916060272785396,0.0019284299679005364,0.0013770909856782552,0.0001985222406361009,0.0006387892856923594,0.0017796639344112054,0.0029084764723065933,0.0015962193323044317,0.0022832570612906257,0.00167964893216669,0.0006086340086337121,0.0006352711700355167,0.0009976370826902687,0.0006141624760944639,0.0011423824125717796,0.0013238166628746443,0.0012052059064439624,0.004363971178337334,0.0013635211110018652,0.0026948765931411704,0.0009478808755435005,0.0010549321091016996,0.0017278973754605263,0.0007669492131916131,0.001129315125846365,0.00023269822130256648,0.0008086640131227431,0.001138864296914937,0.0019681344160277555,0.0010147250730235032,0.001991253461772719,0.0025043957597207112,0.0007227214735055949,0.0008413322299362785,0.0006714575025058948,0.002159117837399192,0.00044529292456603475,0.0013635211110018652,0.0007533793385152213,0.0007171930060448431,0.0013941789760114898,0.002414935104446722,0.002052066603840993,0.0020143725075176828,0.0011041857282974923,0.0007875553191816903,0.0006066236568298029,0.00024526292007700373,0.000506608654585284,0.00029351136337084013,0.0006558772760255939,0.002368697012956795,0.002204853340938142,0.0026013952342593613,0.001390660860354647,0.0011901282679146388,0.000524701820820473,0.000515152649751903,0.0003377391030568583,0.0005598829773888966,0.0004442877486640802,0.0002744130212336965,0.0003050708862433228,0.0009725076851413959,0.000507111242536263,0.0022390293216046093,0.0029124971759144132,0.0014534843542268298,0.0021857549988009983,0.0006845247892313076,0.0014459455349621689,0.0017414672501369181,0.002163138541007012,0.0012378741232574979,0.0009478808755435005,0.0012132473136596024,0.002666229079935455,0.0015122871444911944,0.0017032705658626308,0.0016595454141275917,0.0025043957597207112,0.0016555247105197717,0.0010338234151606469,0.00046338609080122384,0.00043473857759550663,0.0012072162582478733,0.001216765429316445,0.0009900982634256077,0.0033321581149805962,0.00215358936993844,0.0028059485303071896,0.0019776835870963273,0.0012705423400710333,0.0007021153675155212,0.000923254065945605,0.0006428099893001776,0.0019796939389002365,0.0011921386197185479,0.001278081159335696,0.0007589078059759731,0.0018997824546948192,0.0018158502668815836,0.0004674067944090421,0.0014228264892172052,0.0005513389822222811,0.00030708123804723195,0.0006151676519964185,0.0017263896116075945,0.0009820568562099678,0.0006960843121037903,0.002412924752642813,0.003169822206814875,0.000415640235458363,0.002769259609885836,0.0012112369618556915,0.0013082364363943434,0.0018103217994208318,0.001184599800453887,0.0022983346998199494,0.00039402895356633466,0.0007925811986914631,0.0012569724653946415,0.0009252644177495141,0.00025179656343971013,0.004413727385484102,0.002258127663741753,0.003187412785099087,0.0011026779644445605,0.0024968569404560485,0.0001733928430872264,0.001180579096846067,0.0007704673288484558,0.0001985222406361009,0.0008755082106027458,0.0035286700038127863,0.002105843514595581,0.0004045833005368593,0.0010911184415720778,0.0025174630464461258,0.0012474232943260697,0.00320450077543232,0.002620493576396505,0.0006810066735744649,0.000665426447094164,0.0005322406400851375,0.0007589078059759731,0.0005684269725555122,0.001285619978600357,0.002826554636297267,0.001960595596763093,0.0019796939389002365,0.00045182656792874115,0.000515152649751903,0.0013750806338743461,0.0006026029532219812,0.0005548570978791238,0.00038699272225264925,0.0008810366780634977,0.0011976670871793015,0.0006905558446430385,0.0008946065527398895,0.002151579018134531,0.005222391398606845,0.003446748167803458,0.0014152876699525425,0.0020274397942430956,0.00020606105990076187,0.0011122271355131323,0.0017545345368623327,0.0021762058277324265,0.0005950641339573202,0.002099812459183852,0.0021857549988009983,0.0017640837079309045,0.0007935863745934177,0.0018178606186854927,0.0018329382572148164,0.000948886051445455,0.0013067286725414115,0.001987232758164899,0.001216765429316445,0.00190179280649873,0.0031909309007559297,0.0011901282679146388,0.002567219253592894,0.001175050629385315,0.0023480909069667193,0.0011730402775814042,0.0017148300887351135,0.0011911334438165933,0.000566416620751603,0.0004312204619386674,0.00033170804764512743,0.002212392160202803,0.001226314600385017,0.0027446328002879404,0.0012609931690024615,0.0018902332836262473,0.0015032405613735998,0.0007478508710544694,0.000566416620751603,0.000869979743141994,0.0013811116892860752,0.00022716975384181465,0.0008946065527398895,0.0012514439979338897,0.0006121521242905548,0.0013102467881982525,0.0015032405613735998,0.0025918460631907895,0.003171832558618786,0.0010966469090328296,0.002509924227181463,0.0004885154883500983,0.0006312504664276984,0.0005684269725555122,0.001022263892288166,0.001150926407738397,0.0012589828171985507,0.0005035931268794203,0.0006789963217705558,0.002717995638886134,0.002780819132758317,0.0031567549200894607,0.004123734137770105,0.0010529217572977905,0.00025380691524361926,0.0002879828959100883,0.0005322406400851375,0.0010107043694156832,0.0006543695121726603,0.0013559822917372025,0.00045031880407581104,0.0003281899319882847,0.001987232758164899,0.0011403720607678688,0.0005342509918890466,0.00039855224512513193,0.001020253540484255,0.0006141624760944639,0.0003111019416550502,0.0009745180369453068,0.0009634611020238014,0.0009725076851413959,0.0006714575025058948,0.0025174630464461258,0.0008925962009359786,0.0006810066735744649,0.0011122271355131323,0.0028059485303071896,0.0004900232522030284,0.0008011251938580821,0.0007875553191816903,0.00035683744519400193,0.0005548570978791238,0.00042518940652693654,0.0012685319882671225,0.0015107793806382625,0.0009519015791513204,0.0010378441187684669,0.0010147250730235032,0.0009860775598177877,0.000499572423271602,0.0012931587978650197,0.001285619978600357,0.0023681944250058175,0.0010051759019549314,0.0008202235359952258,0.002464188723642513,0.0012720501039239652,0.003605063372361361,0.0024852974175835676,0.002012362155713772,0.00043373340169355207,0.0003357287512529457,0.0006141624760944639,0.0005397794593497984,0.0010795589186995969,0.0018997824546948192,0.00045031880407581104,0.0008428399937892104,0.001854046951155871,0.003231137936834126,0.0016861825755293963,0.002674270487151095,0.000373925435527233,0.000715182654240934,0.0002633560863121928,0.0007001050157116086,0.0012795889231886279,0.0009725076851413959,0.0014972095059618707,0.00035482709339008933,0.0020792063531937747,0.003036636399805847,0.001024274244092075,0.00032215887657655734,0.0017243792598036854,0.0007021153675155212,0.001156957463150126,0.0005186707654087457,0.0011464031161795996,0.0012227964847281742,0.0005739554400162675,0.0007001050157116086,0.0029145075277183224,0.0018138399150776727,0.002460670607985672,0.001070009747631025,0.00039855224512513193,0.0004025729487329502,0.0006468306929079994,0.000556867449683033,0.0008141924805834949,0.0015600329998340535,0.001735436194725189,0.0001829420141557965,0.0008925962009359786,0.0011594704029050142,0.0017128197369312027,0.0024471007333092803,0.000507111242536263,0.0013635211110018652,0.0009840672080138786,0.0006558772760255939,0.0011368539451110278,0.0010378441187684669,0.00023269822130256648,0.002315422690153184,0.0028381141591697478,0.0022314905023399466,0.0021917860542127274,0.0014152876699525425,0.0010850873861603487,0.00028345960435129103,0.0011976670871793015,0.0003678943801155056,0.0006372815218394258,0.0011328332415032078,0.0018786737607537664,0.0025637011379360513,0.00190179280649873,0.0018138399150776727,0.000964968865876735,0.0004442877486640802,0.0015715925227065344,0.0010318130633567377,0.0003528167415861802,0.0008126847167305613,0.0007478508710544694,0.00020204035629294015,0.0011102167837092215,0.0005282199364773157,0.0003890030740565584,0.001531385486628338,0.0006046133050258903,0.0009096841912692132,0.0007955967263973268,0.0006940739602998812,0.00044227739686017106,0.0011785687450421578,0.000919233362337785,0.0006830170253783775,0.002315422690153184,0.003135646226148408,0.0014459455349621689,0.0024320230947799566,--,--,--
77,0.0015409346576969098,0.00042518940652693654,0.0013409046532078788,0.0014876603348932989,0.002142029847065959,0.0023822668876331866,0.0015047483252265317,0.0012207861329242634,0.0012227964847281742,0.000499572423271602,0.0006377841097904048,0.0005226914690165639,0.00044830845227189844,0.0006312504664276984,0.0006810066735744649,0.0015831520455790171,0.000869979743141994,0.0006865351410352168,0.0017087990333233827,0.0010338234151606469,0.0013579926435411116,0.0008332908227206386,0.0013449253568156988,0.0009478808755435005,0.0009765283887492159,0.0014972095059618707,0.0003146200573118929,0.0012836096267964479,0.001081569270503506,0.0009996474344941796,0.002984869840855168,0.00180077262835226,0.0014745930481678843,0.0013258270146785552,0.0009498912273474096,0.001134843593307117,0.0004060910643897929,0.000632255642329653,0.0007131723024370248,0.0008795289142105658,0.0008182131841913132,0.0006483384567609295,0.003494494023146319,0.001693721394794059,0.0012625009328553934,0.0008031355456619912,0.001130822889699297,0.000980549092357036,0.0006714575025058948,0.002054076955644902,0.0010167354248274123,0.003593503849488878,0.001081569270503506,0.00234608055516281,0.002525504453661764,0.004222743964112666,0.0016439651876472908,0.0016595454141275917,0.002988890544462988,0.0006206961194571703,0.000515152649751903,0.0003377391030568583,0.001020253540484255,0.0009307928852102659,0.0021973145216734793,0.00042719975833084567,0.0014821318674325453,0.004184547279838378,0.0013082364363943434,0.0006407996374962685,0.0007875553191816903,0.0009840672080138786,0.0005438001629576167,0.0001030305299503792,0.0007860475553287567,0.0008332908227206386,0.0005417898111537076,0.0025446027957989076,0.0009478808755435005,0.0016535143587158626,0.0008277623552598867,0.000623711647163034,0.00197316029553753,0.00046991973416393024,0.001070009747631025,0.00028044407664542734,0.0007036231313684513,0.00210383316279167,0.0010187457766313232,0.0009498912273474096,0.0020731752977820456,0.00339297125704887,0.0032597854500398416,0.0012434025907182497,0.0002613457345082837,0.0009041557238084613,0.0011368539451110278,0.0006925661964469476,0.000749358634907403,0.001485649983089388,0.0024928362368482285,0.002823036520640424,0.0015489760649125498,0.0006046133050258903,0.0010433725862292187,0.0021917860542127274,0.00174699571759767,0.000616172827898373,0.0004885154883500983,0.0012549621135907324,0.0013635211110018652,0.0012971795014728397,0.0013162778436099833,0.0016329082527257854,0.001186610152257796,0.0017052809176665417,0.0006292401146237858,0.0014097592024917907,0.0013368839496000588,0.000865959039534174,0.0005910434303494985,0.0002347085731064756,0.0002774285489395602,0.00035834520904693204,0.0012227964847281742,0.0016706023490490954,0.0026491410896022204,0.0014916810385011189,0.0029828594890512587,0.0012795889231886279,0.0014725826963639735,0.0008222338877991349,0.00013368839496000554,0.00011358487692090732,0.0009348135888180859,0.00185605730295978,0.0013921686242075806,0.0001829420141557965,0.0005453079268105503,0.0017816742862151163,0.002918025643375165,0.0016077788551769126,0.0023385417358981475,0.0016650738815883435,0.0006372815218394258,0.0006473332808589749,0.0009916060272785396,0.000616172827898373,0.001224304248581106,0.0013177856074629152,0.0011559522872481715,0.004304665800121992,0.0013750806338743461,0.0026988972967489904,0.0009307928852102659,0.0010574450488565878,0.0017223689079997745,0.0008096691890246976,0.0011484134679835088,0.00024023704056722744,0.0007971044902502604,0.0011881179161107296,0.001987232758164899,0.0009860775598177877,0.0019113419775673018,0.0024908258850443194,0.0007192033578487522,0.0008192183600932677,0.0006639186832412339,0.0021344910278012965,0.00045182656792874115,0.001386640156746827,0.0007362913481819867,0.0007629285095837914,0.0013238166628746443,0.002416442868299654,0.0020847348206545265,0.0019701447678316646,0.0011252944222385451,0.0007800164999170259,0.0006015977773200266,0.0002603405586063291,0.0004900232522030284,0.00028396219230227004,0.0006830170253783775,0.002406893697231082,0.0021822368831441556,0.0025521416150635703,0.0014077488506878816,0.0011423824125717796,0.0005608881532908512,0.0005131422979479938,0.000341257218713701,0.0006005926014180721,0.00045886279924242657,0.0002764233730376056,0.00029351136337084013,0.0009860775598177877,0.0004694171462129547,0.002248578492673181,0.0028516840338461396,0.001430365308481868,0.002147558314526711,0.0006830170253783775,0.0014097592024917907,0.0017374465465290981,0.0021264496205856565,0.0012589828171985507,0.0009539119309552296,0.0011956567353753906,0.002672260135347184,0.0015032405613735998,0.0017565448886662418,0.0016138099105886417,0.0025043957597207112,0.0016173280262454844,0.001012714721219594,0.00045182656792874115,0.0004462981004679893,0.0011901282679146388,0.001224304248581106,0.0009956267308863596,0.0032215887657655543,0.0021802265313402465,0.002786850188170046,0.0020178906231745238,0.0012720501039239652,0.0006789963217705558,0.0008810366780634977,0.0006086340086337121,0.001960595596763093,0.0012303353039928352,0.0012434025907182497,0.0007704673288484558,0.0018158502668815836,0.001808311447616921,0.00044227739686017106,0.0013464331206686306,0.0005438001629576167,0.0002930087754198611,0.0006151676519964185,0.0017319180790683463,0.000980549092357036,0.0007021153675155212,0.002422473923711385,0.0031205685876190842,0.00038548495839971567,0.002727544809954706,0.0012207861329242634,0.0013504538242764506,0.0018233890861462446,0.0011675118101206524,0.0022018378132322766,0.0004226764667720484,0.0007971044902502604,0.0013600029953450225,0.0009860775598177877,0.0002477758598318919,0.004333313313327708,0.0022963243480160402,0.0031622833875502143,0.0010644812801702715,0.002468209427250333,0.0001698747274303837,0.0012514439979338897,0.0007764983842601832,0.00020957917555760458,0.0008679693913380832,0.0035115820134795517,0.00210785386639949,0.00043674892939941923,0.0010931287933759887,0.0025290225693186067,0.0012207861329242634,0.0031240867032759252,0.0027501612677486922,0.0007458405192505603,0.0006543695121726603,0.0005322406400851375,0.0007553896903191304,0.0005855149628887467,0.0012705423400710333,0.0028707823759832832,0.001955067129302341,0.0020636261267134737,0.00045986797514438113,0.0005417898111537076,0.001390660860354647,0.0006257219989669466,0.0005704373243594248,0.0003814642547918974,0.0009061660756123704,0.0011976670871793015,0.0007116645385840913,0.0009021453720045505,0.002147558314526711,0.005191733533597219,0.0034216187702545853,0.0014017177952761525,0.0019817042907041473,0.00021661540687128653,0.0010549321091016996,0.0017449853657937608,0.002202842989134231,0.000556867449683033,0.001996781929233471,0.0021344910278012965,0.0017701147633426336,0.000782026851720935,0.0017816742862151163,0.0017796639344112054,0.0009257670057004914,0.0012795889231886279,0.0018424874282833882,0.0012434025907182497,0.001886212580018429,0.0031642937393541234,0.001216765429316445,0.002582799480073195,0.001186610152257796,0.0023134123383492747,0.0011594704029050142,0.00174699571759767,0.001198672263081256,0.0005628985050947603,0.0004709249100658848,0.00034527792232151924,0.002151579018134531,0.0012147550775125342,0.0027426224484840295,0.001278081159335696,0.0019264196160966255,0.0015032405613735998,0.000749358634907403,0.0005704373243594248,0.000869979743141994,0.0013791013374821661,0.0002367189249103882,0.0008523891648577822,0.0012836096267964479,0.0006066236568298029,0.0013047183207375006,0.0014514740024229207,0.002603405586063272,0.0031642937393541234,0.001077548566895686,0.0024908258850443194,0.0004930387799088956,0.0006769859699666467,0.0005644062689476939,0.0010468907018860614,0.001156957463150126,0.0012569724653946415,0.0005091215943401721,0.0007056334831723604,0.0025425924439949985,0.002761720790621173,0.0031110194165505124,0.004114184966701533,0.0010549321091016996,0.00027843372484151474,0.0002930087754198611,0.0005186707654087457,0.0010051759019549314,0.0006674367988980731,0.001373070282070437,0.00045182656792874115,0.0003050708862433228,0.001995274165380539,0.0011061960801014015,0.0005588778014869421,0.00041413247160543287,0.0010147250730235032,0.0005895356664965684,0.0003508063897822711,0.0009916060272785396,0.0009287825334063568,0.001022263892288166,0.0006292401146237858,0.0024797689501228157,0.0009076738394653023,0.0006845247892313076,0.0011061960801014015,0.0028421348627775678,0.0004613757389973147,0.0008478658732989849,0.0007865501432797323,0.00038699272225264925,0.0005282199364773157,0.00041212211980152375,0.0012645112846593042,0.0015695821709026253,0.0009860775598177877,0.0009956267308863596,0.0009765283887492159,0.0009820568562099678,0.0005035931268794203,0.0012514439979338897,0.0013177856074629152,0.002294313996212131,0.001020253540484255,0.000877518562406655,0.002523494101857855,0.0012514439979338897,0.0035608356326753427,0.0025003750561128912,0.0019932638135766283,0.00042518940652693654,0.0003508063897822711,0.0006483384567609295,0.0005357587557419802,0.0011061960801014015,0.001886212580018429,0.0004674067944090421,0.0008393218781323694,0.0018193683825384263,0.0032215887657655543,0.0016726127008530062,0.002607426289671092,0.00038699272225264925,0.0007227214735055949,0.00028044407664542734,0.0007036231313684513,0.0012227964847281742,0.0009840672080138786,0.0015715925227065344,0.00038548495839971567,0.002117403037468062,0.003080361551540886,0.000964968865876735,0.00029351136337084013,0.0016881929273333072,0.0007131723024370248,0.0011026779644445605,0.0004940439558108502,0.0011328332415032078,0.001228324952188926,0.0005895356664965684,0.0007021153675155212,0.002881839310904787,0.001895761751087001,0.0023802565358292775,0.0010679993958271142,0.00041011176799761115,0.000408101416193702,0.0006483384567609295,0.0005357587557419802,0.0007669492131916131,0.0015791313419711971,0.00180077262835226,0.0001945015370282792,0.000873497858798835,0.0011539419354442606,0.0017796639344112054,0.0024546395525739412,0.0005206811172126548,0.0013695521664135943,0.0009840672080138786,0.0006553746880746149,0.0011519315836403515,0.0010644812801702715,0.00022515940203790552,0.002416442868299654,0.002834093455561928,0.0022314905023399466,0.002204853340938142,0.0014037281470800616,0.0011464031161795996,0.00029351136337084013,0.001228324952188926,0.0003528167415861802,0.0006372815218394258,0.001123284070434636,0.0018424874282833882,0.002573250309004623,0.0019168704450280537,0.0018369589608226364,0.0009850723839158332,0.00045031880407581104,0.001542945009500819,0.0010308078874547814,0.00036035556085084464,0.0007935863745934177,0.0007247318253095041,0.0002115895273615137,0.0010755382150917769,0.0005895356664965684,0.00038347460659580654,0.0015776235781182653,0.0006181831797022821,0.0009519015791513204,0.0007860475553287567,0.0006940739602998812,0.0004407696330072375,0.0011262995981405014,0.0009307928852102659,0.0006905558446430385,0.0023269822130256666,0.0031130297683544216,0.0014152876699525425,0.002416442868299654,--,--,--
78,0.0015032405613735998,0.00041011176799761115,0.0013102467881982525,0.0014821318674325453,0.002092273639919189,0.0023405520877020566,0.0014419248313543489,0.001184599800453887,0.0011710299257774951,0.0004885154883500983,0.0006312504664276984,0.0004960543076147593,0.0004709249100658848,0.0006312504664276984,0.0006789963217705558,0.001535406190236158,0.0009267721816024459,0.0007056334831723604,0.0017339284308722572,0.001024274244092075,0.0013258270146785552,0.0008277623552598867,0.001331355482139307,0.0009458705237395913,0.0009328032370141768,0.0014685619927561552,0.0003261795801843756,0.001278081159335696,0.001065989044023205,0.0010091966055627514,0.0028954091855811787,0.0017168404405390227,0.0015163078480990144,0.0013006976171296807,0.0009287825334063568,0.0011177556029738842,0.00041212211980152375,0.0006407996374962685,0.0007342809963780776,0.0008850573816713177,0.0008086640131227431,0.0006598979796334122,0.0034025204281174417,0.0016268771973140563,0.0012589828171985507,0.000831783058867705,0.001130822889699297,0.000980549092357036,0.0006905558446430385,0.0019932638135766283,0.0009996474344941796,0.0035191208327442144,0.0010891080897681687,0.0023134123383492747,0.0025461105596518412,0.004100615092025141,0.0017319180790683463,0.00160426073952007,0.0028933988337772696,0.0006096391845356666,0.0005091215943401721,0.0003699047319194147,0.0010564398729546332,0.0009172230105338741,0.0021741954759285156,0.00041413247160543287,0.0014514740024229207,0.004146350595564091,0.0013006976171296807,0.0006372815218394258,0.0008011251938580821,0.0009900982634256077,0.0005417898111537076,0.0001085589974111345,0.000806653661318834,0.0008247468275540196,0.0005453079268105503,0.0025330432729264267,0.0009328032370141768,0.0016706023490490954,0.0007935863745934177,0.000616172827898373,0.001984719818410011,0.00047193008596783936,0.0010870977379642578,0.0002899932477139974,0.0006769859699666467,0.0020792063531937747,0.0010107043694156832,0.0009880879116216969,0.0020274397942430956,0.0034105618353330817,0.003234656052490969,0.0012338534196496779,0.00028044407664542734,0.0009498912273474096,0.0011443927643756888,0.0006789963217705558,0.0007669492131916131,0.0014630335252954017,0.002473737894711085,0.002823036520640424,0.0015489760649125498,0.0006352711700355167,0.001028294947699895,0.0021822368831441556,0.0017585552404701527,0.0006558772760255939,0.00048047408113445836,0.001184599800453887,0.0013695521664135943,0.0012665216364632133,0.0013218063110707352,0.0016248668455101471,0.0011976670871793015,0.0017263896116075945,0.0006312504664276984,0.0013409046532078788,0.0013504538242764506,0.0008448503455931195,0.0005920486062514531,0.00023068786949865736,0.00027391043328271747,0.0003643762644586629,0.0012132473136596024,0.0017203585561958654,0.002670249783543275,0.0014343860120896862,0.0029049583566497506,0.0012338534196496779,0.0015087690288343517,0.0008342959986225931,0.00014776085758737637,0.00012765733954827815,0.0008795289142105658,0.0017605655922740618,0.0014152876699525425,0.00017540319489113554,0.000457857623340472,0.0017339284308722572,0.0028838496627086978,0.0016022503877161608,0.002353619374427471,0.0016308979009218762,0.0006619083314373213,0.0006568824519275485,0.0009900982634256077,0.0006141624760944639,0.0012760708075317852,0.0013258270146785552,0.0011328332415032078,0.004165448937701235,0.0014017177952761525,0.0027064361160136514,0.0009061660756123704,0.0010835796223074168,0.0017148300887351135,0.0008332908227206386,0.0011594704029050142,0.0002477758598318919,0.0007955967263973268,0.0012358637714535887,0.001957077481106252,0.0009554196948081631,0.0018731452932930145,0.0024832870657796567,0.0007036231313684513,0.000798109666152215,0.0006639186832412339,0.0021400194952620483,0.0004558472715365629,0.001386640156746827,0.0007192033578487522,0.000782026851720935,0.001228324952188926,0.002422473923711385,0.002099812459183852,0.0019741654714394846,0.001130822889699297,0.000774488032456274,0.0006015977773200266,0.0002814492525473819,0.00048650513654618574,0.0002744130212336965,0.0007001050157116086,0.0023958367623095785,0.0021304703241934765,0.0025023854079168004,0.0013941789760114898,0.0010911184415720778,0.0005950641339573202,0.0005166604136048365,0.0003432675705176101,0.0006397944615943139,0.0004794689052325038,0.0002764233730376056,0.00028597254410617917,0.0009880879116216969,0.00045031880407581104,0.0022505888444770902,0.0027828294845622277,0.0014152876699525425,0.002111371982056333,0.0006865351410352168,0.0013941789760114898,0.0017108093851272935,0.002115392685664153,0.0012720501039239652,0.0009458705237395913,0.001186610152257796,0.0026013952342593613,0.0014992198577657798,0.0017851924018719573,0.001539426893843978,0.002515955282593192,0.0016057685033730035,0.0010071862537588405,0.0004442877486640802,0.0004538369197326503,0.0011956567353753906,0.001232345655796746,0.0009976370826902687,0.0031145375322073534,0.002168667008467764,0.0027029180003568104,0.0020294501460470064,0.0012514439979338897,0.0006523591603687512,0.0008428399937892104,0.0005799864954279949,0.0019244092642927164,0.0012474232943260697,0.001224304248581106,0.0007860475553287567,0.0017278973754605263,0.0017278973754605263,0.0004292101101347548,0.0012665216364632133,0.0005322406400851375,0.00028396219230227004,0.0006101417724866422,0.0017449853657937608,0.0009539119309552296,0.0007021153675155212,0.0023898057068978493,0.0030748330840801343,0.000366386616262572,0.0026968869449450796,0.0011976670871793015,0.0013811116892860752,0.0018178606186854927,0.0011464031161795996,0.0021455479627228,0.0004513239799777656,0.0007935863745934177,0.001436396363893597,0.0010393518826213987,0.00024023704056722744,0.004264961351994773,0.002273707890222054,0.003130117758687656,0.0010147250730235032,0.002399354877966421,0.0001698747274303837,0.0013142674918060725,0.0007840372035248476,0.00021912834662617467,0.0008564098684656022,0.0034140799509899244,0.0020887555242623465,0.00046338609080122384,0.0011061960801014015,0.002521483750053944,0.0011881179161107296,0.003072822732276225,0.0027999174748954605,0.000806653661318834,0.0006468306929079994,0.0005438001629576167,0.0007362913481819867,0.0005950641339573202,0.0012645112846593042,0.002881839310904787,0.0019244092642927164,0.0021400194952620483,0.0004789663172815248,0.0005644062689476939,0.0014132773181486334,0.0006448203411040902,0.0005895356664965684,0.0003814642547918974,0.0009267721816024459,0.0011941489715224587,0.0007307628807212349,0.0008850573816713177,0.0021324806759973874,0.005085184887989997,0.0034025204281174417,0.0013921686242075806,0.0019188807968319645,0.00022716975384181465,0.0010107043694156832,0.0017605655922740618,0.002206863692742051,0.0005302302882812249,0.00189375139928309,0.002099812459183852,0.00175101642120549,0.0007589078059759731,0.0017278973754605263,0.00174699571759767,0.0009137048948770331,0.0012705423400710333,0.0017339284308722572,0.0012891380942571997,0.0018480158957441418,0.003093931426217278,0.0012685319882671225,0.0025330432729264267,0.0011901282679146388,0.002264158719153482,0.0011464031161795996,0.0017565448886662418,0.001224304248581106,0.0005628985050947603,0.000524701820820473,0.00035683744519400193,0.00209026328811528,0.001186610152257796,0.0027009076485528995,0.0012760708075317852,0.0019208911486358737,0.0014841422192364562,0.0007478508710544694,0.0005588778014869421,0.0008639486877302632,0.0014017177952761525,0.0002467706839299373,0.0008353011745245477,0.0012891380942571997,0.0005930537821534111,0.001285619978600357,0.001430365308481868,0.002580789128269286,0.003130117758687656,0.0010564398729546332,0.0024586602561817612,0.0005045983027813748,0.0007096541867801821,0.0005608881532908512,0.0010433725862292187,0.0011358487692090732,0.001232345655796746,0.000499572423271602,0.000715182654240934,0.0023480909069667193,0.0026913584774843277,0.003000450067335469,0.004054879588486193,0.001065989044023205,0.00030406571034136826,0.0003030605344394137,0.0005111319461440812,0.0009976370826902687,0.0006940739602998812,0.001388650508550738,0.0004462981004679893,0.0002899932477139974,0.0019857249943119673,0.0010549321091016996,0.0005835046110848376,0.00043473857759550663,0.0010147250730235032,0.0005377691075458893,0.00038699272225264925,0.0009956267308863596,0.000919233362337785,0.001077548566895686,0.0005950641339573202,0.0024491110851131894,0.000919233362337785,0.0006749756181627375,0.0011041857282974923,0.002826554636297267,0.00044227739686017106,0.0008704823310929713,0.000774488032456274,0.00042167129087009383,0.0004960543076147593,0.000408101416193702,0.0012549621135907324,0.0016268771973140563,0.001020253540484255,0.0009423524080827486,0.0009614507502198923,0.000978538740553125,0.000507111242536263,0.0012147550775125342,0.0013449253568156988,0.00222093615536942,0.0010262845958959842,0.0008584202202695113,0.0025747580728575567,0.0012358637714535887,0.0034849448520777454,0.0024832870657796567,0.0019776835870963273,0.00043222563784062196,0.00037191508372332385,0.0006830170253783775,0.0005262095846734066,0.001123284070434636,0.0018711349414891037,0.0004824844329383675,0.000861938335926354,0.0017756432308033854,0.003179371377883447,0.0016439651876472908,0.0025310329211225176,0.0004025729487329502,0.0007192033578487522,0.0003015527705864801,0.000707643834976273,0.0011770609811892242,0.0009765283887492159,0.0015962193323044317,0.00041212211980152375,0.0020827244688506174,0.0031049883611387816,0.0009021453720045505,0.00028396219230227004,0.001647985891255109,0.0007212137096526648,0.0010654864560722278,0.0004674067944090421,0.0011061960801014015,0.001228324952188926,0.0005930537821534111,0.0006885454928391294,0.002769259609885836,0.001951046425694521,0.002305873519084612,0.0010644812801702715,0.00042518940652693654,0.00041413247160543287,0.0006619083314373213,0.0005206811172126548,0.0007458405192505603,0.00160024003591225,0.00189375139928309,0.00021359987916542283,0.0008584202202695113,0.0011423824125717796,0.0018826944643615864,0.0024300127429760458,0.0005357587557419802,0.0013826194531390088,0.0009890930875236532,0.000665426447094164,0.0011901282679146388,0.0010679993958271142,0.0002211386984300838,0.002452629200770032,0.0028361038073658387,0.0021973145216734793,0.002212392160202803,0.0014037281470800616,0.0011921386197185479,0.00030054759468452555,0.0012504388220319351,0.0003432675705176101,0.0006448203411040902,0.0011026779644445605,0.001798762276548349,0.0025978771186025203,0.0019093316257633927,0.0018731452932930145,0.0009996474344941796,0.00045986797514438113,0.0015122871444911944,0.001028294947699895,0.0003678943801155056,0.000774488032456274,0.0007171930060448431,0.0002115895273615137,0.001065989044023205,0.0006046133050258903,0.00037191508372332385,0.0016057685033730035,0.0006217012953591249,0.0009860775598177877,0.000774488032456274,0.0006830170253783775,0.00044830845227189844,0.0010840822102583941,0.0009307928852102659,0.0007056334831723604,0.0023385417358981475,0.002990900896266897,0.0013504538242764506,0.002351609022623562,--,--,--
79,0.0014419248313543489,0.0003930237776643801,0.0012529517617868215,0.0014474532988151007,0.0020369889653116674,0.002248578492673181,0.0013941789760114898,0.001138864296914937,0.001127304774042456,0.0004844947847422766,0.0006257219989669466,0.0004709249100658848,0.0005236966449185185,0.0006257219989669466,0.0006694471507019857,0.0014761008120208162,0.0009116945430731223,0.0007589078059759731,0.0017585552404701527,0.001012714721219594,0.0012665216364632133,0.0008297727070637959,0.0013006976171296807,0.0009172230105338741,0.0008885754973281586,0.0014112669663447243,0.0003432675705176101,0.0012569724653946415,0.0010413622344253096,0.0010051759019549314,0.002807456294160123,0.0016288875491179654,0.0015163078480990144,0.0012474232943260697,0.0009116945430731223,0.0010891080897681687,0.00041664541136031755,0.0006397944615943139,0.0007724776806523649,0.0008966169045437986,0.0007800164999170259,0.0006674367988980731,0.0032693346211084134,0.0015982296841083408,0.001232345655796746,0.0008448503455931195,0.0011041857282974923,0.0009689895694845532,0.0006905558446430385,0.0018902332836262473,0.0009709999212884641,0.00339699196065669,0.0011026779644445605,0.0022832570612906257,0.0025270122175146976,0.003990045742810099,0.0018274097897540646,0.0015585252359811216,0.002780819132758317,0.0006015977773200266,0.0005091215943401721,0.0004060910643897929,0.0010584502247585423,0.0009021453720045505,0.0021189108013209956,0.0004060910643897929,0.0014343860120896862,0.0040398019499568675,0.0012971795014728397,0.0006468306929079994,0.0008353011745245477,0.0010051759019549314,0.0005473182786144594,0.00012212887208752285,0.0008106743649266522,0.000816202832387404,0.0005453079268105503,0.0024797689501228157,0.0009061660756123704,0.001634416016578719,0.0007724776806523649,0.0006086340086337121,0.0019414972546259492,0.0004643912667031784,0.0010946365572289205,0.00030708123804723195,0.0006407996374962685,0.0020294501460470064,0.001012714721219594,0.0010604605765624532,0.0019414972546259492,0.00335527716072556,0.003135646226148408,0.0012036981425910306,0.00029552171517474926,0.0009936163790824504,0.001134843593307117,0.000665426447094164,0.0007780061481131167,0.0014057384988839707,0.002403375581574241,0.002727544809954706,0.0015831520455790171,0.0006674367988980731,0.0009916060272785396,0.002111371982056333,0.0017625759440779726,0.0007212137096526648,0.00048047408113445836,0.0011006676126406496,0.0013635211110018652,0.0012207861329242634,0.0013218063110707352,0.0016022503877161608,0.0012092266100517824,0.0017243792598036854,0.0006312504664276984,0.0012609931690024615,0.001335376185747127,0.0008222338877991349,0.0005960693098592748,0.00022867751769474823,0.00027190008147880834,0.00036035556085084464,0.0011730402775814042,0.001743477601940829,0.002622503928200416,0.001384629804942918,0.0027943890074347087,0.0012036981425910306,0.0015298777227754062,0.0008222338877991349,0.00016685919972452,0.00013921686242075737,0.000823741651652065,0.0016308979009218762,0.0013635211110018652,0.0001829420141557965,0.000415640235458363,0.0016766334044608245,0.0028516840338461396,0.001594711568451498,0.0023501012587706285,0.0015831520455790171,0.000665426447094164,0.0006568824519275485,0.0009594403984159814,0.0005930537821534111,0.0012795889231886279,0.001281599274992537,0.0011137348993660642,0.003970947400672956,0.0014097592024917907,0.002727544809954706,0.000873497858798835,0.0011127297234641096,0.0016726127008530062,0.0008649538636322177,0.0011559522872481715,0.0002613457345082837,0.0008011251938580821,0.0012951691496689288,0.0018922436354301582,0.0009157152466809423,0.001850026247548051,0.0024450903815053694,0.0006810066735744649,0.000783032027622893,0.0006483384567609295,0.0021229315049288155,0.0004709249100658848,0.0013464331206686306,0.0007056334831723604,0.0007800164999170259,0.0011403720607678688,0.0024053859333781503,0.0020219113267823437,0.0019339584353612882,0.0011403720607678688,0.0007553896903191304,0.0005910434303494985,0.00030406571034136826,0.0004794689052325038,0.00026888455377294465,0.000707643834976273,0.002372717716564615,0.0020676468303212937,0.002408904049034993,0.0013791013374821661,0.0010262845958959842,0.000616172827898373,0.0005186707654087457,0.00033371839944903656,0.0006800014976725104,0.000491028428104983,0.0002708949055768538,0.0002593353827043711,0.0009765283887492159,0.00044227739686017106,0.0022430500252124293,0.0026340634510728968,0.0014017177952761525,0.0020143725075176828,0.0007056334831723604,0.0013504538242764506,0.0016595454141275917,0.0020410096689194874,0.0012454129425221606,0.000923254065945605,0.001180579096846067,0.0025290225693186067,0.0015087690288343517,0.0018233890861462446,0.0014554947060307407,0.0024988672922599594,0.0015811416937751063,0.0009976370826902687,0.00043674892939941923,0.0004694171462129547,0.001169019573973586,0.001216765429316445,0.0009976370826902687,0.002981351725198325,0.0021304703241934765,0.0026054159378671813,0.0019892431099688083,0.001226314600385017,0.0006257219989669466,0.0008051458974659004,0.000556867449683033,0.0018615857704205319,0.0012454129425221606,0.0011941489715224587,0.000774488032456274,0.0016786437562647354,0.0016670842333922527,0.00042167129087009383,0.0011941489715224587,0.0005302302882812249,0.0002814492525473819,0.0005960693098592748,0.0017681044115387245,0.0009212437141416941,0.0007247318253095041,0.00230034505162386,0.0030290975805411843,0.00036236591265475376,0.0025978771186025203,0.001184599800453887,0.001388650508550738,0.0017872027536758681,0.0010911184415720778,0.002040004493017533,0.00047695596547761565,0.0007669492131916131,0.0014650438770993125,0.0010931287933759887,0.00023269822130256648,0.004116195318505444,0.002216412863810623,0.003126097055079836,0.0009916060272785396,0.002319443393761004,0.00016384367201865285,0.0013293451303353961,0.0007669492131916131,0.00022716975384181465,0.0008604305720734222,0.0032693346211084134,0.0020143725075176828,0.0004980646594186684,0.001123284070434636,0.0024988672922599594,0.001138864296914937,0.0029506938601887005,0.002773280313493656,0.0008543995166616913,0.0006428099893001776,0.0005357587557419802,0.0006960843121037903,0.0005628985050947603,0.0012685319882671225,0.0028516840338461396,0.0018922436354301582,0.0021706773602716747,0.0004980646594186684,0.0005910434303494985,0.0014268471928250252,0.0006523591603687512,0.000623711647163034,0.0003910134258604675,0.0009594403984159814,0.001186610152257796,0.0007212137096526648,0.000861938335926354,0.00210785386639949,0.0048524866666874306,0.0033075313053827007,0.0013791013374821661,0.0018329382572148164,0.00023822668876331832,0.0009574300466120723,0.001808311447616921,0.002164646304859944,0.0005091215943401721,0.0017660940597348136,0.0020430200207233983,0.0017319180790683463,0.0007478508710544694,0.0016153176744415753,0.0017072912694704508,0.0009137048948770331,0.001228324952188926,0.0016077788551769126,0.0013293451303353961,0.00179675192474444,0.002927574814443737,0.0013047183207375006,0.002523494101857855,0.001186610152257796,0.002163138541007012,0.0011252944222385451,0.0017660940597348136,0.001228324952188926,0.0005588778014869421,0.0005875253146926593,0.00036236591265475376,0.0019892431099688083,0.0011464031161795996,0.0026531617932100404,0.0012625009328553934,0.00189375139928309,0.001430365308481868,0.0007398094638388295,0.0005282199364773157,0.0008564098684656022,0.0014248368410211144,0.0002548120911455738,0.0008182131841913132,0.001232345655796746,0.0005724476761633339,0.0012589828171985507,0.0014228264892172052,0.0025043957597207112,0.003089910722609458,0.001020253540484255,0.002355629726231382,0.0005322406400851375,0.0007533793385152213,0.0005704373243594248,0.0010318130633567377,0.001093631381326966,0.001216765429316445,0.0004844947847422766,0.0007192033578487522,0.0021877653506049075,0.002612954757131844,0.0028612332049147114,0.0038855074490067865,0.0010835796223074168,0.0003291951078902393,0.0003025579464884347,0.0005056034786833294,0.000978538740553125,0.0007192033578487522,0.0013675418146096834,0.0004674067944090421,0.0002708949055768538,0.0019626059485670037,0.0010107043694156832,0.0006046133050258903,0.00045182656792874115,0.0010051759019549314,0.0005206811172126548,0.00043674892939941923,0.0009765283887492159,0.0009061660756123704,0.0011102167837092215,0.0005739554400162675,0.0023877953550939385,0.000923254065945605,0.000665426447094164,0.0011041857282974923,0.0027561923231604214,0.00042518940652693654,0.0008840522057693614,0.0007393068758878504,0.00046539644260513297,0.0004694171462129547,0.00040056259692904106,0.0012187757811203542,0.0016555247105197717,0.0010549321091016996,0.0009076738394653023,0.0009519015791513204,0.0009554196948081631,0.0005056034786833294,0.0011484134679835088,0.001327334778531487,0.0021324806759973874,0.0010338234151606469,0.0008031355456619912,0.002509924227181463,0.0012338534196496779,0.003385432437784209,0.002424484275515294,0.0019033005703516619,0.00042820493423280023,0.00041212211980152375,0.0007021153675155212,0.000499572423271602,0.001129315125846365,0.00185203659935196,0.0005015827750755111,0.0008810366780634977,0.0016881929273333072,0.0030708123804723143,0.0016138099105886417,0.002424484275515294,0.00043473857759550663,0.0007322706445741685,0.00033170804764512743,0.0006960843121037903,0.0011464031161795996,0.0009594403984159814,0.0015600329998340535,0.00042719975833084567,0.0020143725075176828,0.0030632735612076533,0.0008508814010048486,0.0002945165392727947,0.0015962193323044317,0.0007267421771134167,0.0010177406007293686,0.0004538369197326503,0.0010604605765624532,0.001228324952188926,0.0006372815218394258,0.0006619083314373213,0.0026476333257492886,0.0019701447678316646,0.002214402512006714,0.0010549321091016996,0.0004442877486640802,0.00041413247160543287,0.0006639186832412339,0.0005111319461440812,0.0007418198156427386,0.0015715925227065344,0.0019857249943119673,0.00023269822130256648,0.0008257520034559776,0.0011197659547777933,0.0020199009749784346,0.002372717716564615,0.0005548570978791238,0.0013559822917372025,0.0009916060272785396,0.0006619083314373213,0.0011941489715224587,0.0010453829380331278,0.00021762058277324456,0.002365178897299954,0.002761720790621173,0.002159117837399192,0.002164646304859944,0.001384629804942918,0.0012112369618556915,0.0003080864139491865,0.0012685319882671225,0.0003432675705176101,0.0006503488085648421,0.001074030451238845,0.0017148300887351135,0.0025863175957300377,0.0018847048161654955,0.0018806841125576755,0.0010011551983471114,0.0004694171462129547,0.0014705723445600644,0.0010167354248274123,0.00038347460659580654,0.0007553896903191304,0.0007322706445741685,0.00021359987916542283,0.0010604605765624532,0.0006026029532219812,0.00034879603797836195,0.001590690864843678,0.0006066236568298029,0.0009916060272785396,0.0007513689867113121,0.0006523591603687512,0.00047695596547761565,0.0010338234151606469,0.0008981246683967305,0.0007227214735055949,0.002331002916633485,0.002834093455561928,0.001281599274992537,0.0022847648251435593,--,--,--
80,0.001373070282070437,0.000373925435527233,0.001186610152257796,0.0014077488506878816,0.0019796939389002365,0.002157107485595283,0.0013484434724725398,0.0010946365572289205,0.0010850873861603487,0.00048047408113445836,0.0006171780038003276,0.0004462981004679893,0.0005769709677221312,0.0006217012953591249,0.0006598979796334122,0.0014097592024917907,0.000877518562406655,0.0008141924805834949,0.0017736328789994763,0.0010011551983471114,0.0012036981425910306,0.0008297727070637959,0.0012645112846593042,0.0008795289142105658,0.0008413322299362785,0.0013504538242764506,0.00036035556085084464,0.001232345655796746,0.0010107043694156832,0.0009936163790824504,0.0027124671714253822,0.0015449553613047298,0.0015067586770304425,0.0011881179161107296,0.0008966169045437986,0.0010549321091016996,0.00041865576316423014,0.0006418048133982231,0.0008031355456619912,0.0009001350202006413,0.000749358634907403,0.0006714575025058948,0.003135646226148408,0.0015811416937751063,0.0012036981425910306,0.0008639486877302632,0.0010720200994349342,0.0009574300466120723,0.0006865351410352168,0.0017681044115387245,0.0009348135888180859,0.0032633035656966843,0.0011082064319053123,0.0022410396734085184,0.0024988672922599594,0.0038719375743303946,0.0019148600932241445,0.0015122871444911944,0.0026586902606707923,0.0005930537821534111,0.0005056034786833294,0.00044227739686017106,0.0010584502247585423,0.0008830470298674068,0.002058097659252722,0.00040056259692904106,0.0014172980217564534,0.003925211897134006,0.0012836096267964479,0.000657887627829503,0.000869979743141994,0.001022263892288166,0.000556867449683033,0.00013368839496000554,0.0008141924805834949,0.0008051458974659004,0.0005453079268105503,0.002418453220103565,0.0008755082106027458,0.001590690864843678,0.0007533793385152213,0.0005990848375651385,0.00189375139928309,0.00045685244743851744,0.0011026779644445605,0.0003261795801843756,0.0006026029532219812,0.0019761758232433955,0.0010107043694156832,0.0011368539451110278,0.001840477076479479,0.00329597178251022,0.003042164867266599,0.0011675118101206524,0.0003090915898511411,0.0010338234151606469,0.0011177556029738842,0.0006543695121726603,0.0007875553191816903,0.0013449253568156988,0.0023134123383492747,0.0026320530992689876,0.0016173280262454844,0.0007021153675155212,0.0009519015791513204,0.0020349786135077583,0.0017640837079309045,0.0007840372035248476,0.0004824844329383675,0.0010091966055627514,0.0013524641760803598,0.0011730402775814042,0.0013218063110707352,0.0015756132263143544,0.0012187757811203542,0.0017168404405390227,0.0006312504664276984,0.0011770609811892242,0.0013177856074629152,0.0007955967263973268,0.0006000900134670931,0.00022616457793986008,0.00026888455377294465,0.00035482709339008933,0.001123284070434636,0.0017585552404701527,0.002559680434328233,0.001331355482139307,0.002672260135347184,0.001175050629385315,0.0015449553613047298,0.0008106743649266522,0.00018595754186166366,0.00015178156119519462,0.0007629285095837914,0.0014992198577657798,0.0012951691496689288,0.00018897306956752735,0.00037191508372332385,0.0016117995587847326,0.002817005465228695,0.0015866701612358598,0.00234608055516281,0.0015308828986773607,0.000665426447094164,0.0006568824519275485,0.0009212437141416941,0.0005724476761633339,0.001281599274992537,0.0012358637714535887,0.0010946365572289205,0.0037744355118407655,0.0014057384988839707,0.002739104332827187,0.0008393218781323694,0.001141377236669825,0.0016213487298533044,0.0009021453720045505,0.0011464031161795996,0.0002744130212336965,0.0008051458974659004,0.0013464331206686306,0.0018309279054109073,0.0008714875069949259,0.0018193683825384263,0.0023938264105056693,0.0006553746880746149,0.0007669492131916131,0.0006292401146237858,0.002099812459183852,0.0004854999606442312,0.0012986872653257715,0.0006905558446430385,0.0007915760227895086,0.0010509114054938814,0.002372717716564615,0.00194350760642986,0.0018826944643615864,0.0011484134679835088,0.0007322706445741685,0.0005799864954279949,0.00032718475608633016,0.0004694171462129547,0.0002633560863121928,0.0007116645385840913,0.00234608055516281,0.002008341452105952,0.00230034505162386,0.0013600029953450225,0.0009519015791513204,0.0006372815218394258,0.0005206811172126548,0.0003261795801843756,0.0007181981819467977,0.0004985672473696474,0.0002613457345082837,0.0002367189249103882,0.0009634611020238014,0.00043875928120332836,0.0022335008541438574,0.0024832870657796567,0.0013921686242075806,0.0019053109221555727,0.0007287525289173258,0.0013006976171296807,0.0015982296841083408,0.00194752831003768,0.0012112369618556915,0.0009001350202006413,0.001169019573973586,0.0024832870657796567,0.0015142974962951035,0.0018465081318912082,0.0013600029953450225,0.0024757482465149958,0.0015504838287654817,0.0009840672080138786,0.0004292101101347548,0.00048650513654618574,0.001127304774042456,0.0011976670871793015,0.0009956267308863596,0.0028436426266304996,0.002096294343527009,0.002511934578985372,0.00194350760642986,0.0012052059064439624,0.0005950641339573202,0.0007629285095837914,0.0005282199364773157,0.00179273122113662,0.0012418948268653179,0.0011594704029050142,0.0007589078059759731,0.0016213487298533044,0.0016022503877161608,0.000415640235458363,0.0011212737186307251,0.0005282199364773157,0.00027843372484151474,0.0005809916713299494,0.0017816742862151163,0.0008905858491320695,0.0007458405192505603,0.002204853340938142,0.002967781850521935,0.00035482709339008933,0.0024968569404560485,0.0011730402775814042,0.0013921686242075806,0.0017530267730094008,0.001028294947699895,0.0019168704450280537,0.000499572423271602,0.0007372965240839413,0.0014916810385011189,0.0011443927643756888,0.00022515940203790552,0.003940792123614308,0.0021782161795363356,0.0031165478840112643,0.0009725076851413959,0.0022390293216046093,0.00015831520455790102,0.001335376185747127,0.0007478508710544694,0.00023269822130256648,0.000861938335926354,0.0031165478840112643,0.0019304403197044455,0.0005322406400851375,0.0011368539451110278,0.002464188723642513,0.0010850873861603487,0.002819015817032604,0.0027446328002879404,0.0008981246683967305,0.0006372815218394258,0.0005186707654087457,0.0006543695121726603,0.0005282199364773157,0.0012685319882671225,0.002823036520640424,0.00185605730295978,0.0021782161795363356,0.0005166604136048365,0.0006217012953591249,0.001436396363893597,0.0006639186832412339,0.0006598979796334122,0.00039855224512513193,0.0009976370826902687,0.0011710299257774951,0.0007116645385840913,0.0008468606973970304,0.0020731752977820456,0.00460069010324772,0.003183392081491267,0.0013600029953450225,0.001743477601940829,0.0002477758598318919,0.0009001350202006413,0.00185203659935196,0.002111371982056333,0.0004844947847422766,0.001634416016578719,0.0019776835870963273,0.0017168404405390227,0.0007322706445741685,0.0014972095059618707,0.0016610531779805236,0.000907171251514325,0.0011785687450421578,0.0014665516409522444,0.0013620133471489316,0.001739456898333009,0.0027501612677486922,0.0013368839496000588,0.002513944930789283,0.0011785687450421578,0.002052066603840993,0.0011026779644445605,0.0017736328789994763,0.001224304248581106,0.0005533493340261902,0.0006448203411040902,0.000366386616262572,0.0018766634089498573,0.0011061960801014015,0.0025958667667986095,0.0012474232943260697,0.0018671142378812854,0.0013770909856782552,0.0007267421771134167,0.0004920336040069376,0.0008468606973970304,0.0014399144795504398,0.0002633560863121928,0.0007971044902502604,0.001169019573973586,0.0005493286304183685,0.001226314600385017,0.0014077488506878816,0.0024259920393682258,0.0030476933347273506,0.0009765283887492159,0.0022430500252124293,0.0005578726255849875,0.0008031355456619912,0.0005759657918201766,0.0010187457766313232,0.0010509114054938814,0.0012052059064439624,0.0004674067944090421,0.0007227214735055949,0.0020334708496548264,0.0025330432729264267,0.002720005990690043,0.003702062846900011,0.0010966469090328296,0.00035181156568422564,0.0002985372428806164,0.0004980646594186684,0.0009539119309552296,0.0007438301674466477,0.001342915005011788,0.00048650513654618574,0.00025179656343971013,0.0019359687871651973,0.0009669792176806441,0.000623711647163034,0.0004674067944090421,0.0009900982634256077,0.0005111319461440812,0.00048650513654618574,0.0009539119309552296,0.0008870677334752268,0.001134843593307117,0.0005533493340261902,0.0023229615094178466,0.0009172230105338741,0.0006558772760255939,0.0011006676126406496,0.0026797989546118468,0.000408101416193702,0.0009001350202006413,0.000699099839809654,0.0005091215943401721,0.00044227739686017106,0.0003910134258604675,0.001175050629385315,0.001682161871921578,0.0010870977379642578,0.0008714875069949259,0.0009383317044749286,0.0009287825334063568,0.0005015827750755111,0.0010755382150917769,0.0013047183207375006,0.0020379941412136237,0.001028294947699895,0.0007478508710544694,0.002420463571907474,0.0012338534196496779,0.003286422611441648,0.0023501012587706285,0.0018213787343423354,0.0004196609390661847,0.0004558472715365629,0.0007192033578487522,0.0004694171462129547,0.001130822889699297,0.0018309279054109073,0.0005186707654087457,0.0008966169045437986,0.001590690864843678,0.0029547145637965205,0.0015811416937751063,0.002307883870888521,0.0004694171462129547,0.0007438301674466477,0.00036236591265475376,0.0006830170253783775,0.0011137348993660642,0.0009328032370141768,0.0015203285517068343,0.0004442877486640802,0.0019414972546259492,0.003011507002256974,0.0007991148420541695,0.0003025579464884347,0.001539426893843978,0.0007307628807212349,0.0009639636899747787,0.00043875928120332836,0.001012714721219594,0.001228324952188926,0.0006810066735744649,0.0006332608182316075,0.0025330432729264267,0.001987232758164899,0.002105843514595581,0.0010433725862292187,0.00046539644260513297,0.00041413247160543287,0.0006639186832412339,0.0005035931268794203,0.0007398094638388295,0.001531385486628338,0.0020636261267134737,0.00025380691524361926,0.0007895656709855994,0.0010891080897681687,0.002147558314526711,0.002315422690153184,0.0005779761436240857,0.0013238166628746443,0.0009911034393275623,0.0006533643362707058,0.0011921386197185479,0.001020253540484255,0.00020957917555760458,0.002258127663741753,0.0026757782510040268,0.0021209211531249047,0.00210383316279167,0.0013559822917372025,0.0012303353039928352,0.00031663040911580204,0.0012876303304042679,0.0003432675705176101,0.0006523591603687512,0.0010433725862292187,0.0016268771973140563,0.002571239957200714,0.0018595754186166227,0.0018826944643615864,0.0010031655501510223,0.0004749456136737065,0.0014248368410211144,0.0010041707260529768,0.00039855224512513193,0.0007322706445741685,0.0007478508710544694,0.00021762058277324456,0.0010509114054938814,0.0005910434303494985,0.0003281899319882847,0.0015640537034418735,0.0005950641339573202,0.0009976370826902687,0.0007247318253095041,0.0006196909435552157,0.0005035931268794203,0.0009795439164550813,0.0008639486877302632,0.0007342809963780776,0.002315422690153184,0.002670249783543275,0.0012132473136596024,0.0022219413312713748,--,--,--
81,0.0013142674918060725,0.000373925435527233,0.0011484134679835088,0.0013826194531390088,0.0019168704450280537,0.0020771960013898656,0.0013177856074629152,0.0010644812801702715,0.0010433725862292187,0.00048047408113445836,0.0006206961194571703,0.0004442877486640802,0.0006362763459374712,0.0006217012953591249,0.0006558772760255939,0.001342915005011788,0.0008543995166616913,0.0008981246683967305,0.0017831820500680481,0.0009860775598177877,0.0011519315836403515,0.0008413322299362785,0.0012454129425221606,0.000861938335926354,0.0008126847167305613,0.0012971795014728397,0.0003794539029879883,0.0012207861329242634,0.0010031655501510223,0.0009916060272785396,0.002622503928200416,0.0014876603348932989,0.0014821318674325453,0.0011443927643756888,0.0008714875069949259,0.0010509114054938814,0.00042167129087009383,0.0006418048133982231,0.0008297727070637959,0.0009076738394653023,0.0007267421771134167,0.0006980946639076994,0.003036636399805847,0.0015736028745104453,0.001186610152257796,0.000869979743141994,0.0010489010536899705,0.0009423524080827486,0.0006905558446430385,0.001689700691186239,0.0009137048948770331,0.0031587652718933715,0.0011177556029738842,0.00219932487347739,0.002460670607985672,0.0037804665672524964,0.0019761758232433955,0.0015047483252265317,0.0025270122175146976,0.0005895356664965684,0.0005186707654087457,0.00048047408113445836,0.0010413622344253096,0.0008488710492009395,0.0020294501460470064,0.0003814642547918974,0.0014534843542268298,0.0038950566200753583,0.0012609931690024615,0.0006639186832412339,0.0009116945430731223,0.001074030451238845,0.0006066236568298029,0.00015077638529324006,0.000823741651652065,0.0007754932083582286,0.0005322406400851375,0.002365178897299954,0.0008755082106027458,0.0015600329998340535,0.0007418198156427386,0.0006086340086337121,0.001844497780087299,0.0004513239799777656,0.0011006676126406496,0.0003528167415861802,0.0005835046110848376,0.0019223989124888055,0.0009976370826902687,0.001182589448649976,0.0017565448886662418,0.0032442052235595407,0.0029828594890512587,0.0011328332415032078,0.00031864076091971463,0.001077548566895686,0.0011006676126406496,0.0006619083314373213,0.0008126847167305613,0.001285619978600357,0.0022847648251435593,0.002582799480073195,0.001652006594862929,0.0007171930060448431,0.000919233362337785,0.0019932638135766283,0.0017625759440779726,0.0008604305720734222,0.00048650513654618574,0.0009458705237395913,0.0013368839496000588,0.0011212737186307251,0.0013238166628746443,0.0015756132263143544,0.0012132473136596024,0.0017183482043919545,0.0006448203411040902,0.0011137348993660642,0.001285619978600357,0.000782026851720935,0.0006000900134670931,0.00022867751769474823,0.0002744130212336965,0.0003528167415861802,0.0010891080897681687,0.0017816742862151163,0.002507913875377554,0.0013006976171296807,0.0025883279475339485,0.0011655014583167433,0.0015776235781182653,0.000816202832387404,0.00020706623580271644,0.00016886955152842914,0.0007171930060448431,0.0014037281470800616,0.0012147550775125342,0.00020405070809685275,0.0003528167415861802,0.0015736028745104453,0.002780819132758317,0.0015756132263143544,0.0023405520877020566,0.0014846448071874335,0.0006845247892313076,0.0006759807940646921,0.0008946065527398895,0.0005548570978791238,0.0012971795014728397,0.001184599800453887,0.0010986572608367405,0.003605063372361361,0.0014132773181486334,0.002769259609885836,0.0008126847167305613,0.0011996774389832106,0.0016248668455101471,0.0009478808755435005,0.0011484134679835088,0.0002879828959100883,0.0008031355456619912,0.001390660860354647,0.0017776535826072963,0.0008448503455931195,0.0018158502668815836,0.0023747280683685257,0.0006418048133982231,0.0007609181577798822,0.0006217012953591249,0.00210383316279167,0.0005186707654087457,0.0012645112846593042,0.0006769859699666467,0.0007780061481131167,0.000964968865876735,0.0023782461840253667,0.0018656064740283518,0.0018349486090187273,0.001184599800453887,0.0007307628807212349,0.0005714425002613793,0.00035683744519400193,0.0004694171462129547,0.0002613457345082837,0.0007131723024370248,0.002311904574496341,0.001964616300370913,0.002218423215614534,0.0013504538242764506,0.0009061660756123704,0.000673467854309804,0.0005262095846734066,0.00031864076091971463,0.0007362913481819867,0.0005121371220460393,0.00025380691524361926,0.00022515940203790552,0.0009403420562788378,0.0004538369197326503,0.0022335008541438574,0.002372717716564615,0.0013921686242075806,0.00183846672467557,0.0007589078059759731,0.0012685319882671225,0.0015565148841772108,0.0018786737607537664,0.001180579096846067,0.0008830470298674068,0.001186610152257796,0.0023877953550939385,0.0015012302095696907,0.00189375139928309,0.0012876303304042679,0.0023747280683685257,0.0015680744070496935,0.0009936163790824504,0.00042719975833084567,0.0005111319461440812,0.0011082064319053123,0.001175050629385315,0.0010031655501510223,0.002720005990690043,0.0020731752977820456,0.0024430800297014603,0.0018902332836262473,0.0012338534196496779,0.0005990848375651385,0.0007438301674466477,0.0005186707654087457,0.00174699571759767,0.0012494336461299788,0.0011559522872481715,0.0007553896903191304,0.0015791313419711971,0.0015831520455790171,0.00042167129087009383,0.0010870977379642578,0.0005453079268105503,0.0002879828959100883,0.0005724476761633339,0.0017816742862151163,0.0008679693913380832,0.0007513689867113121,0.00214956866633062,0.0029029480048458414,0.00034728827412542837,0.0024450903815053694,0.001180579096846067,0.0013921686242075806,0.0017263896116075945,0.0009709999212884641,0.0018369589608226364,0.0005377691075458893,0.0007237266494075495,0.0015067586770304425,0.0011770609811892242,0.0002211386984300838,0.0037880053865171574,0.0021666566566638547,0.0031451953972169797,0.0009539119309552296,0.0021782161795363356,0.00015831520455790102,0.0013293451303353961,0.0007383016999858959,0.00023822668876331832,0.000865959039534174,0.0029868801926590787,0.0018826944643615864,0.0005513389822222811,0.0011539419354442606,0.002468209427250333,0.0010433725862292187,0.002727544809954706,0.0026320530992689876,0.0009458705237395913,0.0006428099893001776,0.0005282199364773157,0.0006181831797022821,0.0004980646594186684,0.001331355482139307,0.002784839836366137,0.001854046951155871,0.002216412863810623,0.0005438001629576167,0.0006448203411040902,0.0015012302095696907,0.0006789963217705558,0.000707643834976273,0.00042518940652693654,0.0010378441187684669,0.0011594704029050142,0.0007021153675155212,0.0008428399937892104,0.0020731752977820456,0.004455442185415232,0.0030135173540608833,0.0013770909856782552,0.0016746230526569154,0.0002603405586063291,0.0008639486877302632,0.0018615857704205319,0.0020616157749095646,0.0004674067944090421,0.0015238466673636753,0.001959087832910161,0.0017052809176665417,0.0007322706445741685,0.0014193083735603625,0.0016288875491179654,0.0009061660756123704,0.0011559522872481715,0.0013770909856782552,0.0014112669663447243,0.0017032705658626308,0.0026094366414750013,0.0013484434724725398,0.002519473398250035,0.0012016877907871197,0.001951046425694521,0.0010850873861603487,0.0017640837079309045,0.0012549621135907324,0.0005533493340261902,0.0006694471507019857,0.0003814642547918974,0.001794741572940529,0.0010946365572289205,0.0025521416150635703,0.0012303353039928352,0.0018349486090187273,0.001327334778531487,0.0007398094638388295,0.0004729352618697939,0.0008584202202695113,0.0014841422192364562,0.00027541819713565105,0.0007840372035248476,0.0011137348993660642,0.0005377691075458893,0.0012207861329242634,0.0014193083735603625,0.0023420598515549902,0.0030135173540608833,0.0009458705237395913,0.00215358936993844,0.0006026029532219812,0.0008523891648577822,0.0005814942592809284,0.0009900982634256077,0.0010147250730235032,0.0012092266100517824,0.0004558472715365629,0.0007287525289173258,0.00190179280649873,0.0025003750561128912,0.002620493576396505,0.0035764158591556454,0.0011102167837092215,0.000374930611429191,0.0002985372428806164,0.000499572423271602,0.0009363213526710178,0.0007589078059759731,0.0013197959592668243,0.0005056034786833294,0.00024425774417504917,0.0019093316257633927,0.0009403420562788378,0.0006543695121726603,0.0005111319461440812,0.0009936163790824504,0.0005091215943401721,0.0005322406400851375,0.0009383317044749286,0.000877518562406655,0.001186610152257796,0.0005377691075458893,0.0023023554034277693,0.0009478808755435005,0.0006619083314373213,0.0010966469090328296,0.002626524631808236,0.00039654189332121934,0.0009393368803768832,0.000665426447094164,0.0005628985050947603,0.0004327282257915975,0.0003890030740565584,0.0011328332415032078,0.0016957317465979699,0.0011122271355131323,0.0008543995166616913,0.0009443627598866577,0.0009021453720045505,0.0005056034786833294,0.0010167354248274123,0.0012795889231886279,0.001975170647341439,0.001028294947699895,0.0006830170253783775,0.0023440702033588993,0.0012549621135907324,0.0032331482886380353,0.0023269822130256666,0.0017681044115387245,0.0004442877486640802,0.0005342509918890466,0.0007322706445741685,0.00045182656792874115,0.0011102167837092215,0.0018465081318912082,0.0005302302882812249,0.0009076738394653023,0.0015122871444911944,0.0028531917976990714,0.0015585252359811216,0.0022239516830752856,0.000515152649751903,0.000806653661318834,0.0004060910643897929,0.0006714575025058948,0.0011403720607678688,0.0009252644177495141,0.0015012302095696907,0.0004674067944090421,0.0019073212739594819,0.0029944190119237397,0.0007609181577798822,0.0003442727464195647,0.0015067586770304425,0.0007398094638388295,0.0009287825334063568,0.0004462981004679893,0.0009709999212884641,0.0012418948268653179,0.0007192033578487522,0.0006026029532219812,0.0024546395525739412,0.002004823336449111,0.002050558839988059,0.0010453829380331278,0.000499572423271602,0.00044227739686017106,0.0006619083314373213,0.0005186707654087457,0.0007438301674466477,0.0015032405613735998,0.0020711649459781364,0.0002764233730376056,0.0007629285095837914,0.0010720200994349342,0.0022505888444770902,0.0022505888444770902,0.0006026029532219812,0.0013047183207375006,0.0010006526103961341,0.0006568824519275485,0.0011976670871793015,0.001012714721219594,0.0001985222406361009,0.00219932487347739,0.002620493576396505,0.0020983046953309183,0.002060108011056631,0.001331355482139307,0.0012092266100517824,0.0003291951078902393,0.0012961743255708834,0.00034879603797836195,0.0006830170253783775,0.001022263892288166,0.001535406190236158,0.0025541519668674795,0.00183846672467557,0.001886212580018429,0.0009956267308863596,0.0004920336040069376,0.001390660860354647,0.0010011551983471114,0.0004176505872622756,0.0007307628807212349,0.0008011251938580821,0.00021561023096933196,0.0010318130633567377,0.0005835046110848376,0.00032065111272362376,0.0015183181999029235,0.0005895356664965684,0.001022263892288166,0.0007021153675155212,0.0006121521242905548,0.0005322406400851375,0.0009443627598866577,0.000823741651652065,0.0007684569770445467,0.0023229615094178466,0.0025365613885832694,0.0011785687450421578,0.002163138541007012,--,--,--
82,0.0035608356326753427,0.0017660940597348136,0.005773730380829125,0.0033683444474509744,0.0026551721450139513,0.003929232600741826,0.004258930296583044,0.002305873519084612,0.0017223689079997745,0.00025380691524361926,0.001664068705686389,0.0013504538242764506,0.0014238316651191598,0.0007955967263973268,0.0018465081318912082,0.003906113554996862,0.002307883870888521,0.0018615857704205319,0.0027084464678175622,0.0007227214735055949,0.002674270487151095,0.0012418948268653179,0.004783632117403517,0.0015203285517068343,0.003072822732276225,0.00360305302055745,0.0007533793385152213,0.002880331547051855,0.0022259620348791948,0.0018997824546948192,0.003692513675831439,0.00335125645711774,0.0024852974175835676,0.005145998030058269,0.001428354956677957,0.004936418854500666,0.0025978771186025203,0.0001945015370282792,0.0011956567353753906,0.0028572125013068914,0.0014725826963639735,0.0014077488506878816,0.0037689070443800137,0.0024948465886521394,0.0030195484094726124,0.000923254065945605,0.0025425924439949985,0.0016650738815883435,0.000524701820820473,0.008317830588677055,0.0013539719399332916,0.004179018812377627,0.0026838196582196668,0.0024300127429760458,0.004352411655464851,0.005130920391528945,0.002720005990690043,0.0028456529784344105,0.00604613305025891,0.001810824387371809,0.0009669792176806441,7.036231313684721e-05,0.001592701216647589,0.0011976670871793015,0.003171832558618786,0.0005855149628887467,0.003684974856566778,0.007782071832935077,0.0023877953550939385,0.0005644062689476939,0.001175050629385315,0.0024908258850443194,0.0015278673709714953,0.0001945015370282792,0.0019892431099688083,0.0011966619112773452,0.0006830170253783775,0.004819818449873895,0.003433178293127068,0.003169822206814875,0.0015866701612358598,0.0017319180790683463,0.003957880113947541,0.0010413622344253096,0.0029924086601198305,0.0011901282679146388,0.002056087307448811,0.0028456529784344105,0.0022294801505360375,0.0022314905023399466,0.002361158193692134,0.00609588925740568,0.006975418171616244,0.0017108093851272935,0.0005322406400851375,0.0026873377738765077,0.002317433041957093,0.0009212437141416941,0.00185605730295978,0.004219225848455823,0.004306676151925903,0.005988838023847479,0.0018731452932930145,0.0020410096689194874,0.00199879228103738,0.0035990323169496317,0.005357587557419783,0.0007001050157116086,0.001443935183158258,0.004163941173848303,0.002004823336449111,0.003559327868822411,0.0026094366414750013,0.0020219113267823437,0.0033185882403042044,0.004282049342328006,0.0017449853657937608,0.004714777568119605,0.003000450067335469,0.0019188807968319645,0.0006015977773200266,0.0007247318253095041,0.0007629285095837914,0.00025179656343971013,0.0036161203072828645,0.003082371903344797,0.0029924086601198305,0.002739104332827187,0.004413727385484102,0.0019093316257633927,0.0041272522534269475,0.0013142674918060725,0.0001698747274303837,7.538819264662003e-05,0.0028401245109736586,0.0037442802347821182,0.0033949816088527807,0.00038347460659580654,0.0020314604978509156,0.0034140799509899244,0.003934761068202577,0.0024300127429760458,0.004980144006235707,0.004836906440207128,0.0011026779644445605,0.0014057384988839707,0.0023747280683685257,0.001636426368382628,0.0013409046532078788,0.0032080188910891625,0.001216765429316445,0.004987682825500368,0.0035703848037439145,0.006679393868490518,0.0024832870657796567,0.0034417222882936836,0.004341354720543348,0.0008704823310929713,0.0010891080897681687,0.0006598979796334122,0.001478111163824727,0.0020771960013898656,0.0016630635297844344,0.0011579626390520806,0.004432825727621246,0.004558472715365613,0.0015248518432656316,0.0011720351016794497,0.0014590128216875834,0.0033185882403042044,0.0003508063897822711,0.002168667008467764,0.0013504538242764506,0.0013368839496000588,0.0008885754973281586,0.004075988282427246,0.004983662121892548,0.006994013925802411,0.0013579926435411116,0.001743477601940829,0.0014228264892172052,0.0001432375660285791,0.0007770009722111622,0.0013218063110707352,0.002519473398250035,0.0024335308586328885,0.007089505636488129,0.00464039455137494,0.0012625009328553934,0.0017263896116075945,0.0007574000421230395,0.0012609931690024615,0.000299542418782571,0.00014022203832271193,0.0005634010930457393,0.0011614807547089233,0.000782026851720935,0.004918828276216456,0.0017203585561958654,0.0031663040911580325,0.007673512835523944,0.0024430800297014603,0.0065954616806772805,0.0017263896116075945,0.006071262447807783,0.0035819443266163972,0.006933200783734137,0.00360305302055745,0.0024280023911721366,0.0015831520455790171,0.0025290225693186067,0.003375883266715637,0.002561690786132142,0.003133635874344497,0.005966221566053493,0.0064029704954529105,0.004350903891611919,0.0007116645385840913,0.00034527792232151924,0.0023747280683685257,0.002731565513562526,0.002864751320571554,0.0025501312632596612,0.0035151001291363945,0.0033532668089216507,0.004619788445384864,0.0029145075277183224,0.001682161871921578,0.0032617958018437507,0.0022279723866831056,0.0032693346211084134,0.0015640537034418735,0.003906113554996862,0.0013655314628057743,0.0025365613885832694,0.0018691245896851946,0.0014459455349621689,0.003276873440373076,0.00012966769135218728,0.001594711568451498,0.0009257670057004914,0.006213997425885385,0.002460670607985672,0.0006694471507019857,0.004015175140358972,0.005081164184382177,0.001735436194725189,0.008611844539998872,0.0025501312632596612,0.0016535143587158626,0.0028989273012380214,0.0029964293637276505,0.007200074985703171,0.0006568824519275485,0.0017223689079997745,0.0032994898981670608,0.0009172230105338741,0.0005111319461440812,0.005077143480774357,0.005535001104114827,0.005338489215282639,0.002060108011056631,0.005754632038691981,0.0005895356664965684,0.003504043194214891,0.0020887555242623465,0.0001945015370282792,0.0016766334044608245,0.004692161110325619,0.004741917317472387,0.0008126847167305613,0.002111371982056333,0.0049173205123635225,0.001682161871921578,0.0068150926152544325,0.003173842910422695,0.0009634611020238014,0.001331355482139307,0.00210785386639949,0.0008448503455931195,0.0015163078480990144,0.002294313996212131,0.0037136223697724936,0.002117403037468062,0.004058900292094011,0.00018897306956752735,0.0012891380942571997,0.0017263896116075945,0.001735436194725189,0.00025732503090046197,0.0008639486877302632,0.0009458705237395913,0.002715985287082223,0.001689700691186239,0.001794741572940529,0.006271292452296816,0.010692558657045579,0.00429511662905342,0.0030195484094726124,0.0056345135184083656,0.00042719975833084567,0.004823839153481715,0.002935616221659377,0.001739456898333009,0.001432375660285777,0.00500125270017676,0.004819818449873895,0.002729555161758615,0.002406893697231082,0.0047037206331981,0.004732368146403815,0.0027582026749643305,0.0037744355118407655,0.006990495810145568,0.0049630560159024725,0.0026873377738765077,0.0064924311507269,0.00360305302055745,0.004034273482496116,0.0016706023490490954,0.004419255852944854,0.0031909309007559297,0.0047509639005899815,0.0023249718612217557,0.0009634611020238014,0.0010509114054938814,0.0016690945851961635,0.005537011455918738,0.002006331100302043,0.0044403645468859086,0.002357640078035291,0.003848818528585431,0.0031622833875502143,0.0019148600932241445,0.001693721394794059,0.0017756432308033854,0.004560483067169522,0.00019349636112632462,0.003337686582441348,0.00179273122113662,0.0017012602140587217,0.003236666404294878,0.00419811715451477,0.003595514201292789,0.00630195031730644,0.0014610231734914925,0.006929180080126317,0.0008810366780634977,0.0009765283887492159,0.001065989044023205,0.002666229079935455,0.0021762058277324265,0.0015695821709026253,0.0013675418146096834,0.0010011551983471114,0.003555307165214591,0.00469969992959028,0.008848060876958282,0.007784082184738986,0.003173842910422695,0.00039654189332121934,0.0006619083314373213,0.0009689895694845532,0.0011594704029050142,0.0015585252359811216,0.003293961430706309,0.0007227214735055949,0.000774488032456274,0.003969439636820024,0.0035744055073517345,0.0006046133050258903,0.0028933988337772696,0.003955869762143632,0.001327334778531487,0.000919233362337785,0.0017012602140587217,0.00404734076922153,0.0014097592024917907,0.0016022503877161608,0.004882641943746078,0.0010468907018860614,0.0009061660756123704,0.005596316834134078,0.005805896009691683,0.002880331547051855,0.001123284070434636,0.0016117995587847326,0.00018897306956752735,0.001035833766964556,0.0016650738815883435,0.003446748167803458,0.002722016342493954,0.002565208901788985,0.0014685619927561552,0.002147558314526711,0.0023802565358292775,0.0012147550775125342,0.003173842910422695,0.0015620433516379626,0.00389656438392829,0.0030994598936780297,0.0008086640131227431,0.003708093902311742,0.0029622533830611815,0.00685328929952872,0.00375382940585069,0.00415238165097582,0.0008669642154361286,0.000507111242536263,0.0014097592024917907,0.0012036981425910306,0.0013197959592668243,0.003654316991557152,0.0012911484460611088,0.0018922436354301582,0.0035246493002049663,0.006973407819812335,0.003293961430706309,0.006486902683266148,0.00048650513654618574,0.001239884475061407,5.327432280361269e-05,0.000657887627829503,0.0019761758232433955,0.0007267421771134167,0.0032235991175694634,0.0005910434303494985,0.002303863167280703,0.00425742253273011,0.0024300127429760458,0.0009212437141416941,0.0038774660417911465,0.0017032705658626308,0.002616975460739664,0.0006749756181627375,0.002981351725198325,0.002248578492673181,0.0008297727070637959,0.0006387892856923594,0.003595514201292789,0.0015107793806382625,0.004694171462129528,0.002305873519084612,0.0005835046110848376,0.0001945015370282792,0.002305873519084612,0.0014459455349621689,0.005332960747821887,0.0047549846041978015,0.002307883870888521,0.0007116645385840913,0.0008222338877991349,0.0018922436354301582,0.0026531617932100404,0.004249381125514472,0.001224304248581106,0.0028989273012380214,0.0015680744070496935,0.0023249718612217557,0.001959087832910161,0.00189777210289091,0.0005835046110848376,0.0028838496627086978,0.003898574735732201,0.00404734076922153,0.006033065763533496,0.0036105918398221127,0.003541737290538199,0.00045685244743851744,0.0014193083735603625,0.0004980646594186684,0.0016630635297844344,0.002361158193692134,0.0035703848037439145,0.0031663040911580325,0.0030195484094726124,0.0033150701246473634,0.0026199909884455277,0.0009267721816024459,0.004091065920956569,0.0019636111244689582,0.00020606105990076187,0.0012303353039928352,0.0026416022703375595,4.975620714676998e-05,0.00194350760642986,0.0012514439979338897,0.0004709249100658848,0.0026094366414750013,0.002214402512006714,0.002092273639919189,0.0012132473136596024,0.0014002100314232189,0.00027843372484151474,0.004704725809100056,0.0024757482465149958,0.0012891380942571997,0.002926067050590805,0.004230282783377328,0.0019264196160966255,0.0022355112059477666,--,--,--
83,0.0034201110064016535,0.0016499962430590199,0.005458607735566253,0.0033130597728434526,0.0026395919185336486,0.0039784862199376166,0.004379048816866658,0.0023420598515549902,0.0016610531779805236,0.0002462680959789583,0.001634416016578719,0.001386640156746827,0.0013941789760114898,0.0007780061481131167,0.00179273122113662,0.0038719375743303946,0.0023842772394370975,0.0019666266521748237,0.0026838196582196668,0.0007860475553287567,0.0025918460631907895,0.001226314600385017,0.004610239274316292,0.0015012302095696907,0.0030667916768644943,0.003454286987068121,0.0007383016999858959,0.002920035995179074,0.0022812467094867166,0.0019113419775673018,0.003904103203192953,0.003381914322127366,0.002414935104446722,0.004999242348372851,0.0013811116892860752,0.004823839153481715,0.0024536343766719867,0.0001985222406361009,0.001186610152257796,0.0027466431520918495,0.0014630335252954017,0.0014951991541579598,0.0038603780514579137,0.002420463571907474,0.003023066525129455,0.0009267721816024459,0.0025461105596518412,0.0015504838287654817,0.0005322406400851375,0.008270084733334196,0.0013579926435411116,0.004203645621975522,0.0026873377738765077,0.0025903382993378576,0.004402167862611621,0.005130920391528945,0.002666229079935455,0.0028019278266993713,0.006189370616287488,0.0017681044115387245,0.0010167354248274123,7.639336854857459e-05,0.001594711568451498,0.0012016877907871197,0.00320450077543232,0.0005513389822222811,0.0037442802347821182,0.0079956717121005,0.002403375581574241,0.000515152649751903,0.0011212737186307251,0.0024300127429760458,0.0015258570191675862,0.00017540319489113554,0.00189375139928309,0.0011549471113462169,0.0007131723024370248,0.004970594835167135,0.003504043194214891,0.0032482259271673607,0.0016459755394512,0.0018656064740283518,0.0038030830250464828,0.0010710149235329796,0.002931595518051557,0.0012052059064439624,0.001960595596763093,0.0027677518460329023,0.002309894222692432,0.002307883870888521,0.0024797689501228157,0.006130065238072148,0.006956319829479101,0.0017243792598036854,0.0005262095846734066,0.0026054159378671813,0.002315422690153184,0.0009880879116216969,0.0017565448886662418,0.004215205144848003,0.004323764142259136,0.005992858727455299,0.0020143725075176828,0.002208874044545962,0.0020676468303212937,0.003490473319538499,0.0053254219285572245,0.0006925661964469476,0.0014208161374132961,0.004183039515985447,0.001960595596763093,0.0035321881194696272,0.002576768424661466,0.0020219113267823437,0.0034296601774702253,0.004377541053013726,0.0017776535826072963,0.004661503245315992,0.003078351199736977,0.00189777210289091,0.0006101417724866422,0.0006905558446430385,0.0007770009722111622,0.0002477758598318919,0.0036658765144296345,0.003238676756098789,0.0031602730357463034,0.0026893481256804186,0.004325774494063047,0.0017872027536758681,0.0041388117762994284,0.0013358787736981043,0.00017087990333233827,7.438301674466546e-05,0.0027788087809544077,0.0035573175170185017,0.003387442789588118,0.0004060910643897929,0.001886212580018429,0.0034713749774013553,0.0038719375743303946,0.002414935104446722,0.005056537374784282,0.004839921967912993,0.001130822889699297,0.0014218213133152507,0.002418453220103565,0.0015982296841083408,0.001327334778531487,0.0033246192957159353,0.0013122571400021633,0.005132428155381879,0.0036256694783514364,0.006671855049225855,0.0023501012587706285,0.0034482559316563917,0.0042780286387201875,0.0008594253961714659,0.0011655014583167433,0.0006558772760255939,0.0014801215156286362,0.002172687712075584,0.0015831520455790171,0.0011770609811892242,0.004409706681876282,0.0045469131924931305,0.0015555097082752562,0.0010881029138662124,0.001443935183158258,0.00340101266426451,0.00036538144036061745,0.0021209211531249047,0.001386640156746827,0.0013047183207375006,0.0010031655501510223,0.004087547805299727,0.004881134179893146,0.007074427997958805,0.0013695521664135943,0.0016630635297844344,0.0013951841519134443,0.00013519615881293912,0.0007790113240150713,0.0013047183207375006,0.0024053859333781503,0.0025405820921910894,0.007278478706055656,0.0046484359585905796,0.0013258270146785552,0.0017223689079997745,0.0007322706445741685,0.0011675118101206524,0.0003050708862433228,0.0001467556816854218,0.0005417898111537076,0.0011403720607678688,0.0007669492131916131,0.004999242348372851,0.0018118295632737636,0.0033150701246473634,0.0074845397659564165,0.0024757482465149958,0.006673865401029764,0.0017108093851272935,0.005958682746788832,0.003555307165214591,0.006950288774067372,0.0036161203072828645,0.002452629200770032,0.0017052809176665417,0.0026551721450139513,0.0035151001291363945,0.002717995638886134,0.003082371903344797,0.005863191036103114,0.006275313155904634,0.004329795197670867,0.0007212137096526648,0.00035482709339008933,0.0023973445261625103,0.002777301017101474,0.0029828594890512587,0.002515955282593192,0.0034201110064016535,0.003337686582441348,0.004518265679287415,0.002780819132758317,0.001735436194725189,0.0032617958018437507,0.002157107485595283,0.003280391556029917,0.0016248668455101471,0.0039865276271532565,0.0014459455349621689,0.0024491110851131894,0.0019837146425080564,0.0014343860120896862,0.0030592528575998333,0.00015278673709714918,0.0016238616696081908,0.0009137048948770331,0.006007936365984623,0.0023973445261625103,0.0006372815218394258,0.0039272222489379165,0.005165096372195414,0.0018731452932930145,0.008624911826724285,0.002555659730720413,0.0017012602140587217,0.0028361038073658387,0.002885860014512607,0.007354872074604231,0.0006684419748000311,0.0017243792598036854,0.003181381729687358,0.000964968865876735,0.00044227739686017106,0.005306323586420081,0.005630492814800547,0.005363618612831512,0.001964616300370913,0.005573197788389115,0.0006005926014180721,0.003446748167803458,0.002069657182125203,0.00020405070809685275,0.0016690945851961635,0.004785642469207428,0.004772072594531036,0.0007991148420541695,0.002056087307448811,0.00479117093666818,0.0016213487298533044,0.006778906282784056,0.0032080188910891625,0.0009443627598866577,0.0012931587978650197,0.0020465381363802392,0.0008543995166616913,0.001535406190236158,0.0022832570612906257,0.0038377615936639273,0.0020807141170467083,0.0040895581571036375,0.0001814342503028664,0.001228324952188926,0.0017565448886662418,0.0016746230526569154,0.00024425774417504917,0.0009041557238084613,0.0009478808755435005,0.0026586902606707923,0.0017128197369312027,0.001808311447616921,0.006364773811178623,0.010665921495643774,0.004361960826533423,0.0028361038073658387,0.005560130501663702,0.00041413247160543287,0.0047017102813941905,0.0028878703663165178,0.0017414672501369181,0.001384629804942918,0.00495149649302999,0.0048464556112757,0.002670249783543275,0.002464188723642513,0.004583602112914486,0.004776093298138856,0.0026214987522984613,0.0037668966925761046,0.006948278422263461,0.004966574131559315,0.0026948765931411704,0.0065497261771383306,0.003811124432262121,0.0040282424270843865,0.00180077262835226,0.004314214971190564,0.003076340847933066,0.004865553953412843,0.002367189249103863,0.0009061660756123704,0.0010584502247585423,0.0016057685033730035,0.005495296655987608,0.00204452778457633,0.0045966693996399004,0.0023918160587017585,0.0038241917189875355,0.003219578413961645,0.001794741572940529,0.001697742098401879,0.0018253994379501554,0.0045966693996399004,0.00017741354669504467,0.003334168466784507,0.00180077262835226,0.0016706023490490954,0.0033738729149117262,0.0042438526580537185,0.0036563273433610627,0.0061511739320132,0.0014459455349621689,0.00683569872124451,0.0008373115263284568,0.0009328032370141768,0.0010468907018860614,0.002614965108935753,0.002135496203703251,0.001682161871921578,0.001437904127746529,0.0009669792176806441,0.00364476782048858,0.004591140932179149,0.008689745672400379,0.00784690567861117,0.0030497036865312615,0.00037694096323310014,0.0006473332808589749,0.0009554196948081631,0.001274060455727876,0.001531385486628338,0.003336178818588416,0.000665426447094164,0.0007478508710544694,0.004015175140358972,0.0033703547992548835,0.0005930537821534111,0.002817005465228695,0.003994066446417919,0.0012514439979338897,0.000919233362337785,0.0016917110429901499,0.004154392002779731,0.0013409046532078788,0.0016650738815883435,0.004945968025569238,0.001070009747631025,0.0008946065527398895,0.0056209436437319755,0.005573197788389115,0.0027426224484840295,0.0011474082920815542,0.0015439501854027753,0.00017741354669504467,0.0009498912273474096,0.001652006594862929,0.003408551483529171,0.0028019278266993713,0.002677788602807936,0.0013635211110018652,0.0021359987916542283,0.002399354877966421,0.001216765429316445,0.0031663040911580325,0.0015811416937751063,0.0038699272225264855,0.0031014702454819406,0.0009328032370141768,0.0038679168707225747,0.002876310843444035,0.006851278947724811,0.0037573475215075328,0.0040739779306233365,0.0008488710492009395,0.00048650513654618574,0.001390660860354647,0.0011941489715224587,0.0013218063110707352,0.0037136223697724936,0.0013218063110707352,0.0019837146425080564,0.00349801213880316,0.006851278947724811,0.0032175680621577343,0.00634366511723757,0.0004824844329383675,0.0012207861329242634,5.126397099970356e-05,0.000657887627829503,0.0019666266521748237,0.0007669492131916131,0.0033683444474509744,0.0005799864954279949,0.0022772260058788966,0.004377541053013726,0.002365178897299954,0.0008915910250340241,0.00374578799863505,0.0016650738815883435,0.0026456229739453795,0.0006639186832412339,0.0029562223276494524,0.002248578492673181,0.0008448503455931195,0.0006257219989669466,0.00350203284241098,0.0016535143587158626,0.004566011534630274,0.002204853340938142,0.0006257219989669466,0.00020405070809685275,0.002204853340938142,0.001436396363893597,0.005334971099625796,0.0047434250813253205,0.0023782461840253667,0.0006543695121726603,0.0008850573816713177,0.0020178906231745238,0.0026933688292882386,0.00415238165097582,0.001169019573973586,0.0028059485303071896,0.0015736028745104453,0.002264158719153482,0.0019701447678316646,0.001960595596763093,0.0006639186832412339,0.002931595518051557,0.003936771420006488,0.003959890465751452,0.006035076115337407,0.003639239353027828,0.0033628159799902226,0.000408101416193702,0.0014077488506878816,0.0005166604136048365,0.0016288875491179654,0.002315422690153184,0.0037859950347132482,0.003187412785099087,0.003076340847933066,0.003187412785099087,0.002571239957200714,0.0009383317044749286,0.00394632059107506,0.0019806991148021928,0.00021912834662617467,0.0012645112846593042,0.0026531617932100404,7.036231313684721e-05,0.0019761758232433955,0.0013177856074629152,0.0004749456136737065,0.002582799480073195,0.002117403037468062,0.00204452778457633,0.001216765429316445,0.0013791013374821661,0.000299542418782571,0.00474543543312923,0.002561690786132142,0.0013368839496000588,0.003032615696198027,0.004318235674798384,0.001995274165380539,0.0022199309794674656,--,--,--
84,0.0031145375322073534,0.0014268471928250252,0.0049132998087557025,0.0030632735612076533,0.002473737894711085,0.0037689070443800137,0.0039825069235454365,0.00210383316279167,0.0015374165420400671,0.0002462680959789583,0.0014926862144030734,0.0012911484460611088,0.0012695371641690788,0.0007342809963780776,0.0016459755394512,0.0036563273433610627,0.002159117837399192,0.002012362155713772,0.002470219779054244,0.0007860475553287567,0.002412924752642813,0.0011464031161795996,0.004121723785966196,0.0014172980217564534,0.0028592228531108023,0.0031567549200894607,0.000673467854309804,0.002670249783543275,0.0020410096689194874,0.0017223689079997745,0.003856859935801071,0.003231137936834126,0.002218423215614534,0.004514747563630572,0.0012625009328553934,0.0043946290433469586,0.0021455479627228,0.00021058435145955914,0.0010870977379642578,0.002473737894711085,0.0013524641760803598,0.001384629804942918,0.0037156327215764028,0.0022847648251435593,0.002807456294160123,0.000877518562406655,0.002422473923711385,0.0014268471928250252,0.0005262095846734066,0.007661953312651463,0.0013047183207375006,0.0038930462682714474,0.002511934578985372,0.002523494101857855,0.004142832479907248,0.005039449384451047,0.002410914400838902,0.002607426289671092,0.005924004178171386,0.0015715925227065344,0.0010051759019549314,7.639336854857459e-05,0.0014761008120208162,0.0011539419354442606,0.0030497036865312615,0.00048047408113445836,0.0034296601774702253,0.007396586874535361,0.002260138015545662,0.0004824844329383675,0.0010318130633567377,0.0022410396734085184,0.001388650508550738,0.0001698747274303837,0.0017012602140587217,0.001049906229591925,0.000657887627829503,0.004613757389973133,0.0032597854500398416,0.003000450067335469,0.0015660640552457826,0.0017831820500680481,0.0034160903027938335,0.0010157302489254578,0.002763731142425084,0.0010966469090328296,0.0017912234572836881,0.002580789128269286,0.0022752156540749875,0.0021249418567327247,0.0024013652297703303,0.005638031634065208,0.006267774336639973,0.0016706023490490954,0.0004789663172815248,0.0023802565358292775,0.002117403037468062,0.0009880879116216969,0.0015982296841083408,0.00394632059107506,0.004118205670309353,0.005378696251360837,0.0019033005703516619,0.001996781929233471,0.0019319480835573773,0.0032653139175005935,0.0048560047823442715,0.0006714575025058948,0.0013218063110707352,0.003984517275349347,0.0018063010958130118,0.003282401907833828,0.0023707073647607057,0.0019495386618415891,0.0032577750982359325,0.004011154436751152,0.0016746230526569154,0.004222743964112666,0.002868772024179374,0.0018329382572148164,0.0006086340086337121,0.0006362763459374712,0.0007312654686722139,0.0002367189249103882,0.00335527716072556,0.0030708123804723143,0.0030195484094726124,0.002525504453661764,0.004068449463162583,0.0016535143587158626,0.0037784562154485855,0.0012338534196496779,0.00016484884792060742,7.639336854857459e-05,0.002580789128269286,0.003276873440373076,0.0031567549200894607,0.00039654189332121934,0.0017756432308033854,0.0032713449729123226,0.003601042668753541,0.0022314905023399466,0.004862035837756002,0.004507208744365911,0.001129315125846365,0.0013705573423155488,0.0022716975384181447,0.001436396363893597,0.0012685319882671225,0.003076340847933066,0.0012474232943260697,0.004961045664098563,0.003339696934245259,0.0061511739320132,0.00210383316279167,0.0032341534645399916,0.00394229988746724,0.0008327882347696595,0.0011976670871793015,0.0006121521242905548,0.001396189327815399,0.002050558839988059,0.0013620133471489316,0.0010870977379642578,0.004119713434162285,0.004181029164181536,0.0014152876699525425,0.0010272897717979405,0.0012911484460611088,0.0032175680621577343,0.0003643762644586629,0.0019796939389002365,0.0012986872653257715,0.0011730402775814042,0.0008870677334752268,0.0038855074490067865,0.004490120754032677,0.006555757232550061,0.0012760708075317852,0.001539426893843978,0.0013248218387765989,0.00013067286725414184,0.0007418198156427386,0.0011559522872481715,0.00215358936993844,0.0024450903815053694,0.006820621082715184,0.004367991881945154,0.0013579926435411116,0.0016801515201176672,0.0006769859699666467,0.001081569270503506,0.0002899932477139974,0.00016384367201865285,0.000507111242536263,0.0010453829380331278,0.0006749756181627375,0.004572042590042005,0.0017545345368623327,0.003219578413961645,0.006820621082715184,0.00234608055516281,0.006183842148826736,0.0015962193323044317,0.005428452458507605,0.00334723575350992,0.006420058485786145,0.00329597178251022,0.002248578492673181,0.0015866701612358598,0.0025270122175146976,0.0033738729149117262,0.0026320530992689876,0.0028516840338461396,0.0053671367284883545,0.005769709677221305,0.004011154436751152,0.0007116645385840913,0.000373925435527233,0.002303863167280703,0.002567219253592894,0.002727544809954706,0.002403375581574241,0.0032060085392852534,0.003227117233226306,0.004077998634231155,0.0025787787764653767,0.0016670842333922527,0.003036636399805847,0.001996781929233471,0.0031507238646777316,0.0015715925227065344,0.0036161203072828645,0.0013921686242075806,0.002331002916633485,0.0018882229318223382,0.001338894301403968,0.0027501612677486922,0.0001849523659597091,0.0015142974962951035,0.000869979743141994,0.00549680441984054,0.0021189108013209956,0.0005875253146926593,0.0036337108855670763,0.0048524866666874306,0.0017319180790683463,0.00790219035321869,0.002414935104446722,0.0015982296841083408,0.0026968869449450796,0.0026320530992689876,0.006958832769233987,0.0006186857676532612,0.00160426073952007,0.0028154977013757614,0.0009725076851413959,0.00040056259692904106,0.004875103124481415,0.005165096372195414,0.0050087915194414225,0.0018233890861462446,0.005083174536186086,0.0005473182786144594,0.0031225789394229934,0.0018997824546948192,0.00020204035629294015,0.0015776235781182653,0.004474540527552376,0.004375530701209815,0.0007800164999170259,0.0019379791389691082,0.004486100050424857,0.001485649983089388,0.006326577126904336,0.0029451653927279487,0.0009021453720045505,0.0012132473136596024,0.0018806841125576755,0.0008297727070637959,0.0013826194531390088,0.0021284599723895674,0.003612602191626022,0.0019304403197044455,0.0037271922444488854,0.0001829420141557965,0.0011026779644445605,0.001640447071990448,0.0014916810385011189,0.0002347085731064756,0.0008755082106027458,0.0008885754973281586,0.0024415722658485284,0.0015776235781182653,0.001634416016578719,0.005897367016769581,0.009982904470265397,0.0040815167498879975,0.002612954757131844,0.005165096372195414,0.0003759357873311456,0.004318235674798384,0.0027788087809544077,0.0016726127008530062,0.0012876303304042679,0.004514747563630572,0.004453431833611323,0.0023862875912410066,0.002319443393761004,0.004119713434162285,0.004558472715365613,0.0024280023911721366,0.0034296601774702253,0.006359245343717871,0.004518265679287415,0.0025863175957300377,0.006126547122415305,0.003496001786999251,0.0037804665672524964,0.0017776535826072963,0.003969439636820024,0.0028552021495029823,0.0044976595732973395,0.0021581126614972374,0.0008257520034559776,0.0009634611020238014,0.001436396363893597,0.0051671067239993235,0.0019148600932241445,0.004314214971190564,0.0021897757024088183,0.003492483671342408,0.0029828594890512587,0.0015585252359811216,0.0015776235781182653,0.0017872027536758681,0.0042780286387201875,0.00016484884792060742,0.0031090090647466016,0.0017339284308722572,0.0015032405613735998,0.003173842910422695,0.003915662726065434,0.0034160903027938335,0.005777248496485966,0.0013811116892860752,0.0062426449390911,0.0007925811986914631,0.000861938335926354,0.001024274244092075,0.002357640078035291,0.0019158652691260991,0.001647985891255109,0.0013197959592668243,0.0009157152466809423,0.0034120695991860135,0.004284059694131917,0.008064023673433434,0.007314665038526033,0.0027979071230915514,0.00034728827412542837,0.0006036081291239358,0.0009041557238084613,0.001278081159335696,0.0014268471928250252,0.0030476933347273506,0.0006483384567609295,0.0006865351410352168,0.0037900157383210682,0.0030954391900702097,0.0005739554400162675,0.0025003750561128912,0.0036734153336942955,0.001127304774042456,0.0008508814010048486,0.0015489760649125498,0.0037287000083018173,0.0012227964847281742,0.0016077788551769126,0.004570032238238094,0.0010529217572977905,0.000873497858798835,0.005090713355450749,0.005054527022980371,0.0023877953550939385,0.0011222788945326814,0.001418303197658408,0.00017188507923429283,0.0008981246683967305,0.0015012302095696907,0.0031622833875502143,0.0025903382993378576,0.002571239957200714,0.0012760708075317852,0.002012362155713772,0.0021877653506049075,0.0011177556029738842,0.0029562223276494524,0.0015032405613735998,0.0035819443266163972,0.0028094666459640323,0.0008810366780634977,0.00360305302055745,0.0026380841546807168,0.006277323507708545,0.003504043194214891,0.0037900157383210682,0.0007780061481131167,0.00048047408113445836,0.001285619978600357,0.0010624709283663623,0.0012589828171985507,0.0036085814880182036,0.0012052059064439624,0.0018922436354301582,0.003181381729687358,0.006353214288306142,0.0030059785347962224,0.00589937736857349,0.00047695596547761565,0.001130822889699297,6.081314206827365e-05,0.0006141624760944639,0.0018424874282833882,0.0007267421771134167,0.0031984697200205907,0.0005322406400851375,0.0022199309794674656,0.004133283308838677,0.002138009143458139,0.0008257520034559776,0.0034733853292052645,0.0015258570191675862,0.0025626959620340967,0.000657887627829503,0.0027501612677486922,0.002099812459183852,0.0007955967263973268,0.0006046133050258903,0.003215557710353825,0.0016555247105197717,0.004280038990524097,0.00204452778457633,0.0005950641339573202,0.00021912834662617467,0.0019776835870963273,0.0013293451303353961,0.004779611413795697,0.004367991881945154,0.0021304703241934765,0.0005759657918201766,0.0007800164999170259,0.0020274397942430956,0.002511934578985372,0.0037880053865171574,0.0010795589186995969,0.0025863175957300377,0.0015344010143342034,0.0020711649459781364,0.001854046951155871,0.001854046951155871,0.0006905558446430385,0.0027828294845622277,0.003702062846900011,0.003650798875900309,0.005567669320928363,0.003297982134314129,0.002977331021590507,0.0003673917921645266,0.0014162928458544988,0.0004980646594186684,0.0015122871444911944,0.002172687712075584,0.003704073198703922,0.0029104868241105024,0.0029124971759144132,0.0029718025541297533,0.002319443393761004,0.0008564098684656022,0.003591493497684969,0.0019148600932241445,0.00021561023096933196,0.0012494336461299788,0.0024893181211913876,7.438301674466546e-05,0.0018766634089498573,0.0011881179161107296,0.0004196609390661847,0.002410914400838902,0.001895761751087001,0.0018424874282833882,0.0011539419354442606,0.0012795889231886279,0.00031864076091971463,0.004389603163837184,0.0023802565358292775,0.0012685319882671225,0.0030290975805411843,0.003940792123614308,0.00183846672467557,0.0021857549988009983,--,--,--
85,0.002885860014512607,0.0012971795014728397,0.004490120754032677,0.0028974195373850896,0.0023134123383492747,0.003742269882978209,0.003751819054046781,0.0019359687871651973,0.0015142974962951035,0.00023068786949865736,0.001410261790442768,0.0012016877907871197,0.0011584652270030579,0.0006980946639076994,0.001546965713108639,0.0035703848037439145,0.0020219113267823437,0.001951046425694521,0.002266169070957393,0.0008051458974659004,0.0022867751769474684,0.001077548566895686,0.0037442802347821182,0.0013368839496000588,0.002769259609885836,0.002969792202325844,0.0006292401146237858,0.002466199075446424,0.00189777210289091,0.0015776235781182653,0.004049351121025439,0.0030557347419429906,0.001996781929233471,0.004241842306249809,0.0012418948268653179,0.004030252778888296,0.0018806841125576755,0.00021359987916542283,0.0010167354248274123,0.0022355112059477666,0.0012474232943260697,0.0012971795014728397,0.0036201410108906845,0.0021706773602716747,0.002735083629219367,0.0008393218781323694,0.002372717716564615,0.001327334778531487,0.0005377691075458893,0.00719253616643851,0.0012514439979338897,0.0036487885240964,0.0023707073647607057,0.002519473398250035,0.003948330942878969,0.005062065842245033,0.0022279723866831056,0.0025310329211225176,0.005716435354417694,0.0014077488506878816,0.0010187457766313232,7.438301674466546e-05,0.001388650508550738,0.0011484134679835088,0.002927574814443737,0.0004060910643897929,0.003289940727098489,0.00695430947767519,0.0021857549988009983,0.00045182656792874115,0.0009936163790824504,0.0020942839917230983,0.001338894301403968,0.00016233590816572274,0.0015203285517068343,0.0009890930875236532,0.000566416620751603,0.004398147159003801,0.0030517140383351706,0.002780819132758317,0.0015298777227754062,0.0017203585561958654,0.003147205749020889,0.0009564248707101177,0.0026360738028768076,0.001020253540484255,0.0016881929273333072,0.0024280023911721366,0.002204853340938142,0.0019817042907041473,0.0024968569404560485,0.005029900213382475,0.005781269200093786,0.0017339284308722572,0.0004538369197326503,0.002202842989134231,0.001957077481106252,0.0009634611020238014,0.0015047483252265317,0.0037251818926449746,0.00404734076922153,0.004928377447285028,0.0018193683825384263,0.00179675192474444,0.001804290744009101,0.003137656577952317,0.004608228922512381,0.0006523591603687512,0.0012529517617868215,0.0038146425479189637,0.001689700691186239,0.003087900370805549,0.0022335008541438574,0.0018615857704205319,0.0031205685876190842,0.0037804665672524964,0.0016459755394512,0.003936771420006488,0.0027541819713565122,0.0018806841125576755,0.0006000900134670931,0.0006196909435552157,0.0006980946639076994,0.0002211386984300838,0.003227117233226306,0.002868772024179374,0.002924056698786894,0.0024335308586328885,0.0040322631306922065,0.0015374165420400671,0.0035532968134106818,0.0011499212318364423,0.00014776085758737637,7.739854445052916e-05,0.002470219779054244,0.0031240867032759252,0.002973310317982687,0.0003643762644586629,0.0015012302095696907,0.003082371903344797,0.0034482559316563917,0.002065636478517383,0.0047474457849331405,0.004313712383239587,0.0011559522872481715,0.001342915005011788,0.002163138541007012,0.0013067286725414115,0.001180579096846067,0.0031069987129426924,0.001175050629385315,0.00499321129296112,0.0031145375322073534,0.005916465358906725,0.0020028129846452,0.0030451803949724642,0.003747798350438961,0.0008182131841913132,0.0012378741232574979,0.0005799864954279949,0.0012720501039239652,0.0019721551196355755,0.0012207861329242634,0.0009936163790824504,0.003970947400672956,0.003906113554996862,0.0013600029953450225,0.000998642258592225,0.001182589448649976,0.003078351199736977,0.000373925435527233,0.0019093316257633927,0.0012720501039239652,0.0010318130633567377,0.0008679693913380832,0.00374578799863505,0.004163941173848303,0.006162733454885683,0.0012338534196496779,0.0014534843542268298,0.001259987993100507,0.00012665216364632012,0.0007217162976036404,0.0010011551983471114,0.0019093316257633927,0.0023877953550939385,0.006694974094970819,0.004181029164181536,0.0013811116892860752,0.0017032705658626308,0.0006694471507019857,0.001070009747631025,0.00026536643811610194,0.00018042907440091183,0.0004930387799088956,0.0009423524080827486,0.0005875253146926593,0.004155899766632663,0.00174699571759767,0.0031547445682855516,0.006473332808589756,0.0022375215577516774,0.005897367016769581,0.0014725826963639735,0.005014319986902174,0.0032060085392852534,0.006042614934602068,0.003078351199736977,0.002069657182125203,0.0015087690288343517,0.002525504453661764,0.003231137936834126,0.0026094366414750013,0.0027486535038957587,0.00504698820371571,0.005342509918890459,0.0037231715408410655,0.0007287525289173258,0.0004045833005368593,0.002216412863810623,0.0024375515622407085,0.002614965108935753,0.0022450603770163384,0.002918025643375165,0.003089910722609458,0.003759357873311442,0.0024355412104367976,0.001693721394794059,0.0029145075277183224,0.0018595754186166227,0.0031049883611387816,0.0015087690288343517,0.0033799039703234553,0.0013162778436099833,0.0022887855287513775,0.0018997824546948192,0.0012358637714535887,0.0025521416150635703,0.00021359987916542283,0.0014152876699525425,0.0008413322299362785,0.00504698820371571,0.00194752831003768,0.0005473182786144594,0.003389453141392027,0.004486100050424857,0.0016861825755293963,0.007539824440563938,0.0023480909069667193,0.001594711568451498,0.0027064361160136514,0.002464188723642513,0.006685424923902247,0.0005814942592809284,0.001535406190236158,0.002507913875377554,0.0009443627598866577,0.00035482709339008933,0.004722818975335243,0.004768554478874193,0.004834896088403219,0.001743477601940829,0.004735886262060658,0.0005166604136048365,0.0028707823759832832,0.00179273122113662,0.00019651188883218831,0.001478111163824727,0.004234303486985147,0.004077998634231155,0.0007458405192505603,0.0017319180790683463,0.00434487283620019,0.001430365308481868,0.006084329734533198,0.0027406120966801204,0.0008714875069949259,0.0011464031161795996,0.0017605655922740618,0.0008584202202695113,0.0012589828171985507,0.0020178906231745238,0.0035226389484010554,0.001808311447616921,0.003605063372361361,0.00017540319489113554,0.0009880879116216969,0.0015524941805693908,0.001331355482139307,0.0002347085731064756,0.0008448503455931195,0.0008468606973970304,0.002208874044545962,0.001443935183158258,0.0014821318674325453,0.005527462284850166,0.009513989912003423,0.004211184441240185,0.0024908258850443194,0.005037439032647138,0.00033874427895881284,0.0039825069235454365,0.0026627109642786122,0.0016726127008530062,0.001184599800453887,0.004171479993112964,0.004167459289505144,0.0021917860542127274,0.0022430500252124293,0.003816652899722873,0.0044479033661505695,0.002321453745564913,0.003215557710353825,0.006038594230994249,0.004184547279838378,0.0024988672922599594,0.005914455007102814,0.0031642937393541234,0.0033608056281863117,0.00179273122113662,0.003809114080458212,0.0026476333257492886,0.00425742253273011,0.001996781929233471,0.0007764983842601832,0.0009096841912692132,0.0012549621135907324,0.005020351042313903,0.0018465081318912082,0.0041388117762994284,0.0020254294424391864,0.0032653139175005935,0.002819015817032604,0.0013464331206686306,0.0015851623973829262,0.0017701147633426336,0.003969439636820024,0.00016585402382256545,0.002973310317982687,0.0016690945851961635,0.0013811116892860752,0.002876310843444035,0.0035362088230774472,0.003297982134314129,0.005565658969124454,0.0013162778436099833,0.005908926539642062,0.0007679543890935676,0.0008126847167305613,0.0009976370826902687,0.002159117837399192,0.0017459905416957154,0.001592701216647589,0.0013238166628746443,0.0007574000421230395,0.0033321581149805962,0.004159920470240483,0.007661953312651463,0.007097044455752792,0.0026320530992689876,0.00030406571034136826,0.0005608881532908512,0.0008830470298674068,0.0012494336461299788,0.0013655314628057743,0.002872290139836215,0.0006046133050258903,0.0006332608182316075,0.0036241617144985045,0.0029451653927279487,0.0005724476761633339,0.0021802265313402465,0.0034276498256663145,0.0010509114054938814,0.0008051458974659004,0.0014630335252954017,0.0035321881194696272,0.0011252944222385451,0.0015107793806382625,0.004417245501140945,0.0010378441187684669,0.0008277623552598867,0.004714777568119605,0.004657985129659151,0.002151579018134531,0.0011222788945326814,0.0013439201809137425,0.00016233590816572274,0.0008413322299362785,0.0013082364363943434,0.002876310843444035,0.0023898057068978493,0.002418453220103565,0.0012494336461299788,0.0019168704450280537,0.0021359987916542283,0.0010378441187684669,0.002817005465228695,0.0014745930481678843,0.0034120695991860135,0.0024988672922599594,0.0008373115263284568,0.003551286461606771,0.0024415722658485284,0.006059702924935302,0.0034105618353330817,0.003591493497684969,0.0007393068758878504,0.0004729352618697939,0.0012036981425910306,0.0009689895694845532,0.0012338534196496779,0.003549778697753839,0.0011252944222385451,0.00179273122113662,0.0030572425057959225,0.006128557474219216,0.002826554636297267,0.005699347364084459,0.0004749456136737065,0.0010835796223074168,5.930537821534007e-05,0.0005950641339573202,0.0017585552404701527,0.0006940739602998812,0.003025076876933366,0.0004844947847422766,0.001995274165380539,0.004052869236682282,0.0020294501460470064,0.0007639336854857494,0.003330147763176687,0.001437904127746529,0.002545607971700864,0.0006639186832412339,0.002620493576396505,0.0019455179582337691,0.0007362913481819867,0.0005759657918201766,0.003068802028668405,0.0016670842333922527,0.004104635795632961,0.0018997824546948192,0.0005548570978791238,0.00023068786949865736,0.0017128197369312027,0.0012227964847281742,0.004337334016935528,0.004075988282427246,0.0020219113267823437,0.0004694171462129547,0.0007513689867113121,0.002054076955644902,0.002365178897299954,0.003637229001223919,0.0009669792176806441,0.0024471007333092803,0.001553499356471347,0.00190179280649873,0.001798762276548349,0.0017339284308722572,0.0007096541867801821,0.0026948765931411704,0.003898574735732201,0.003375883266715637,0.005247018208204741,0.003084382255148706,0.0027029180003568104,0.00034025204281174296,0.0014162928458544988,0.0004940439558108502,0.0014399144795504398,0.0020711649459781364,0.0037096016661646736,0.002722016342493954,0.002817005465228695,0.002780819132758317,0.002232495678241903,0.0007704673288484558,0.003284412259637737,0.0018872177559203836,0.00020606105990076187,0.0012514439979338897,0.002319443393761004,7.438301674466546e-05,0.0018233890861462446,0.001020253540484255,0.00036035556085084464,0.0023134123383492747,0.0017660940597348136,0.0017012602140587217,0.0011710299257774951,0.0012227964847281742,0.0003261795801843756,0.0041684644654071,0.002309894222692432,0.0012072162582478733,0.0029944190119237397,0.0038453004129285883,0.00174699571759767,0.0022335008541438574,--,--,--
86,0.002670249783543275,0.001169019573973586,0.004087547805299727,0.002723524106346886,0.002161128189203103,0.00365280922770422,0.003488462967734588,0.0017565448886662418,0.0014570024698836725,0.00022716975384181465,0.0013208011351687806,0.0011122271355131323,0.0010468907018860614,0.0006619083314373213,0.001428354956677957,0.0034693646255974445,0.0018575650668127136,0.0018766634089498573,0.0020867451724584374,0.0008257520034559776,0.002147558314526711,0.001012714721219594,0.0033738729149117262,0.0012609931690024615,0.0026551721450139513,0.002784839836366137,0.0005835046110848376,0.0022314905023399466,0.0017490060694015808,0.0014248368410211144,0.004205655973779431,0.0028476633302383196,0.0017776535826072963,0.003959890465751452,0.0012016877907871197,0.0036658765144296345,0.0016057685033730035,0.00022013352252812923,0.0009403420562788378,0.001987232758164899,0.0011368539451110278,0.0012207861329242634,0.0035321881194696272,0.0020731752977820456,0.0026054159378671813,0.000782026851720935,0.0022832570612906257,0.0012418948268653179,0.0005513389822222811,0.006755787237039092,0.0012016877907871197,0.0034140799509899244,0.0021973145216734793,0.0025043957597207112,0.00374980870224287,0.00504698820371571,0.0020294501460470064,0.002452629200770032,0.0055294726366540755,0.0012378741232574979,0.001020253540484255,7.438301674466546e-05,0.0012876303304042679,0.0011177556029738842,0.0027903683038268887,0.0003377391030568583,0.0031090090647466016,0.006473332808589756,0.0020827244688506174,0.0004196609390661847,0.0009458705237395913,0.0019319480835573773,0.0012609931690024615,0.0001563048527539919,0.0013368839496000588,0.0009126997189750786,0.00048650513654618574,0.004211184441240185,0.002817005465228695,0.0025461105596518412,0.0014725826963639735,0.0016535143587158626,0.002899932477139976,0.0008880729093771814,0.002477758598318905,0.0009252644177495141,0.0015660640552457826,0.0022907958805552884,0.0020731752977820456,0.00185605730295978,0.002561690786132142,0.004457452537219141,0.005287225244282937,0.0017319180790683463,0.0004292101101347548,0.001991253461772719,0.0017701147633426336,0.0009307928852102659,0.0014037281470800616,0.003504043194214891,0.003936771420006488,0.004455442185415232,0.001739456898333009,0.0015695821709026253,0.0016650738815883435,0.003038646751609756,0.004329795197670867,0.0006257219989669466,0.0011655014583167433,0.0036412497048317373,0.0015791313419711971,0.002881839310904787,0.0020983046953309183,0.0017545345368623327,0.002920035995179074,0.0035211311845481236,0.001590690864843678,0.0036317005337631655,0.002557670082524322,0.0018731452932930145,0.0005895356664965684,0.0005930537821534111,0.0006468306929079994,0.00020606105990076187,0.0030476933347273506,0.0027044257642097422,0.0028134873495718523,0.0023229615094178466,0.003955869762143632,0.001430365308481868,0.0033090390692356326,0.001070009747631025,0.0001346935708619601,7.739854445052916e-05,0.0023405520877020566,0.0029466731565808806,0.002773280313493656,0.0003377391030568583,0.0012569724653946415,0.002878321195247946,0.003276873440373076,0.00189375139928309,0.004570032238238094,0.004069454639064539,0.0011614807547089233,0.0012981846773747942,0.0020334708496548264,0.0011710299257774951,0.001081569270503506,0.0030708123804723143,0.0011252944222385451,0.00499723199656894,0.0028592228531108023,0.005615415176271222,0.001895761751087001,0.002811476997767943,0.0035321881194696272,0.0008106743649266522,0.001274060455727876,0.0005397794593497984,0.0011403720607678688,0.0018615857704205319,0.0011026779644445605,0.0008981246683967305,0.0037764458636446764,0.0035990323169496317,0.0012891380942571997,0.0009765283887492159,0.0010835796223074168,0.002967781850521935,0.00039000824995851294,0.0018309279054109073,0.0012454129425221606,0.0009116945430731223,0.0008810366780634977,0.0035608356326753427,0.0037784562154485855,0.005723974173682355,0.0011881179161107296,0.0013655314628057743,0.0011760558052872697,0.00012413922389143545,0.0006980946639076994,0.0008508814010048486,0.0016786437562647354,0.00234608055516281,0.006446695647187951,0.004013164788555063,0.0013921686242075806,0.001697742098401879,0.000657887627829503,0.0010338234151606469,0.0002477758598318919,0.00020204035629294015,0.0004794689052325038,0.0008468606973970304,0.000499572423271602,0.003700052495096102,0.0016706023490490954,0.0030632735612076533,0.006078801267072446,0.00215358936993844,0.0055792288438008455,0.0013620133471489316,0.004577571057502757,0.003087900370805549,0.005624964347339794,0.0028421348627775678,0.0018575650668127136,0.0014343860120896862,0.0025270122175146976,0.003032615696198027,0.002557670082524322,0.0026360738028768076,0.004737896613864567,0.004888672999157807,0.0034140799509899244,0.0007307628807212349,0.0004196609390661847,0.0021344910278012965,0.0022847648251435593,0.0024491110851131894,0.0021304703241934765,0.0026416022703375595,0.002920035995179074,0.003440717112391729,0.0022887855287513775,0.0016746230526569154,0.0027541819713565122,0.001739456898333009,0.003042164867266599,0.0014268471928250252,0.003089910722609458,0.001239884475061407,0.0022239516830752856,0.0018615857704205319,0.0011082064319053123,0.002365178897299954,0.0002367189249103882,0.0012836096267964479,0.0007971044902502604,0.004610239274316292,0.0017796639344112054,0.0005111319461440812,0.0031587652718933715,0.004119713434162285,0.0016097892069808217,0.00710106515936061,0.0022546095480849102,0.0015524941805693908,0.0026838196582196668,0.0022772260058788966,0.006381861801511858,0.0005377691075458893,0.0014474532988151007,0.002218423215614534,0.0008966169045437986,0.0003090915898511411,0.004558472715365613,0.004352411655464851,0.004611747038169224,0.001647985891255109,0.004352411655464851,0.00047695596547761565,0.002603405586063272,0.0016766334044608245,0.0001849523659597091,0.0013715625182175034,0.003996076798221828,0.0037689070443800137,0.0007021153675155212,0.0015258570191675862,0.004112174614897624,0.001373070282070437,0.0058782686746324374,0.002559680434328233,0.0008257520034559776,0.001077548566895686,0.001640447071990448,0.0008714875069949259,0.0011177556029738842,0.0018922436354301582,0.003399002312460599,0.0017223689079997745,0.0034216187702545853,0.00016585402382256545,0.000865959039534174,0.0014570024698836725,0.001186610152257796,0.0002367189249103882,0.0007875553191816903,0.0008031355456619912,0.001995274165380539,0.001281599274992537,0.0013238166628746443,0.00509825217471541,0.009013914900780844,0.004358442710876582,0.002361158193692134,0.004848465963079611,0.00031009676575309564,0.0036085814880182036,0.0025521416150635703,0.001682161871921578,0.0010720200994349342,0.0038814867453989665,0.00384127970932077,0.0019701447678316646,0.002117403037468062,0.003490473319538499,0.004274510523063345,0.0022003300493793447,0.0030019578311884024,0.005672207614731676,0.0038201710153797155,0.0024259920393682258,0.0056345135184083656,0.0028039381785032805,0.002984869840855168,0.00175101642120549,0.0036296901819592563,0.0024335308586328885,0.003951849058535812,0.0018349486090187273,0.0007438301674466477,0.0008413322299362785,0.0010644812801702715,0.004819818449873895,0.0017681044115387245,0.003919683429673254,0.00183846672467557,0.003025076876933366,0.0026320530992689876,0.0011443927643756888,0.0015278673709714953,0.0017299077272644372,0.003658337695164972,0.00016233590816572274,0.002828564988101176,0.0015982296841083408,0.0012569724653946415,0.0025747580728575567,0.0031527342164816407,0.0031507238646777316,0.005319390873145495,0.0012569724653946415,0.005569679672732274,0.0007257370012114621,0.0007609181577798822,0.0009478808755435005,0.001964616300370913,0.0015680744070496935,0.0015032405613735998,0.001278081159335696,0.0006181831797022821,0.003229127585030217,0.00400160526568258,0.007204095689310991,0.0068492685959209,0.002416442868299654,0.00026586902606708096,0.0005176655895067911,0.0008604305720734222,0.001216765429316445,0.0012911484460611088,0.0027029180003568104,0.0005799864954279949,0.0005950641339573202,0.003408551483529171,0.0027521716195526014,0.000566416620751603,0.0018575650668127136,0.0031567549200894607,0.000978538740553125,0.0007458405192505603,0.0013715625182175034,0.003330147763176687,0.0010338234151606469,0.0014193083735603625,0.004234303486985147,0.0010051759019549314,0.0007800164999170259,0.0042780286387201875,0.0042363138387890575,0.0018997824546948192,0.0011102167837092215,0.0012750656316298306,0.0001563048527539919,0.000764938861387704,0.0010946365572289205,0.002622503928200416,0.0021857549988009983,0.0022239516830752856,0.001226314600385017,0.0018103217994208318,0.0020389993171155783,0.0009539119309552296,0.0026873377738765077,0.001428354956677957,0.003236666404294878,0.0021857549988009983,0.000806653661318834,0.003435188644930977,0.002266169070957393,0.00579835719042702,0.0033090390692356326,0.003375883266715637,0.0006905558446430385,0.00046539644260513297,0.0011082064319053123,0.000861938335926354,0.0012092266100517824,0.0034140799509899244,0.0010529217572977905,0.001697742098401879,0.002889880718120427,0.005805896009691683,0.0026551721450139513,0.005491275952379788,0.0004694171462129547,0.0010031655501510223,6.081314206827365e-05,0.0005814942592809284,0.0016650738815883435,0.0006674367988980731,0.002834093455561928,0.0004312204619386674,0.0018158502668815836,0.00394229988746724,0.00190179280649873,0.0006885454928391294,0.003181381729687358,0.001342915005011788,0.002528017393416652,0.0006674367988980731,0.002511934578985372,0.0017816742862151163,0.0006558772760255939,0.000556867449683033,0.002924056698786894,0.0016690945851961635,0.00390058508753611,0.0017701147633426336,0.000515152649751903,0.00023822668876331832,0.0014725826963639735,0.0011041857282974923,0.003912144610408593,0.003742269882978209,0.0019113419775673018,0.0003774435511840757,0.000715182654240934,0.0020410096689194874,0.0022239516830752856,0.0034673542737935353,0.0008508814010048486,0.002307883870888521,0.001542945009500819,0.001715835264637068,0.0017183482043919545,0.0016288875491179654,0.0007171930060448431,0.002607426289671092,0.004026232075280477,0.0030748330840801343,0.004903750637687131,0.0028381141591697478,0.002403375581574241,0.00031663040911580204,0.0014077488506878816,0.00048650513654618574,0.0013579926435411116,0.001957077481106252,0.0036714049818903863,0.002515955282593192,0.0026838196582196668,0.002603405586063272,0.0020972995194289638,0.0006845247892313076,0.0029828594890512587,0.0018233890861462446,0.00019651188883218831,0.001232345655796746,0.0021344910278012965,7.639336854857459e-05,0.0017605655922740618,0.0008810366780634977,0.0003261795801843756,0.002204853340938142,0.0016233590816572135,0.0015524941805693908,0.001182589448649976,0.0011614807547089233,0.0003357287512529457,0.003898574735732201,0.0021973145216734793,0.0011484134679835088,0.0029602430312572724,0.0037116120179685828,0.0016746230526569154,0.002273707890222054,--,--,--
87,0.002477758598318905,0.0010468907018860614,0.0037271922444488854,0.0025385717403871785,0.0020254294424391864,0.003435188644930977,0.0031642937393541234,0.0015504838287654817,0.0013368839496000588,0.00024023704056722744,0.0012147550775125342,0.0010167354248274123,0.0009348135888180859,0.0006277323507708557,0.0012705423400710333,0.003337686582441348,0.001640447071990448,0.0017796639344112054,0.0019530567774984318,0.0008543995166616913,0.0019817042907041473,0.0009574300466120723,0.003023066525129455,0.0011956567353753906,0.0024873077693874767,0.0026054159378671813,0.0005282199364773157,0.0019379791389691082,0.0015866701612358598,0.0012529517617868215,0.004291598513396578,0.0025843072439261285,0.0015585252359811216,0.0036638661626257236,0.0011252944222385451,0.0033015002499709716,0.0013102467881982525,0.00023571374900843017,0.0008543995166616913,0.0017263896116075945,0.001012714721219594,0.0011675118101206524,0.0034713749774013553,0.002006331100302043,0.002365178897299954,0.0006845247892313076,0.002115392685664153,0.0011881179161107296,0.000566416620751603,0.0063914109725804295,0.0011655014583167433,0.0032024904236284107,0.0019530567774984318,0.002462178371838604,0.00354776834594993,0.0049630560159024725,0.001808311447616921,0.002372717716564615,0.005388245422429409,0.0010584502247585423,0.0010011551983471114,7.639336854857459e-05,0.0011634911065128324,0.0010378441187684669,0.002620493576396505,0.00028044407664542734,0.0028436426266304996,0.005924004178171386,0.0019304403197044455,0.0003759357873311456,0.0008850573816713177,0.0017374465465290981,0.001129315125846365,0.00015429450095008276,0.0011484134679835088,0.0008096691890246976,0.0004312204619386674,0.004091065920956569,0.002535053624730336,0.0022812467094867166,0.0013715625182175034,0.0015831520455790171,0.0027029180003568104,0.0008011251938580821,0.002260138015545662,0.0007955967263973268,0.0014112669663447243,0.0021857549988009983,0.0018193683825384263,0.0017625759440779726,0.0025637011379360513,0.003955869762143632,0.004787652821011337,0.0015982296841083408,0.0004025729487329502,0.0017148300887351135,0.0015278673709714953,0.000877518562406655,0.001281599274992537,0.003286422611441648,0.00375382940585069,0.003936771420006488,0.0016670842333922527,0.0012911484460611088,0.0015032405613735998,0.003000450067335469,0.003990045742810099,0.0005895356664965684,0.0010413622344253096,0.0034658465099406018,0.0014821318674325453,0.0026586902606707923,0.0019701447678316646,0.0016097892069808217,0.0025918460631907895,0.0032080188910891625,0.001485649983089388,0.003288432963245557,0.00219932487347739,0.0017625759440779726,0.0005769709677221312,0.0005463131027125048,0.000556867449683033,0.00019651188883218831,0.0027677518460329023,0.0026320530992689876,0.002674270487151095,0.0021741954759285156,0.003807103728654301,0.001338894301403968,0.003032615696198027,0.000998642258592225,0.00012765733954827815,7.136748903880177e-05,0.0021741954759285156,0.002720005990690043,0.0025425924439949985,0.00032215887657655734,0.001065989044023205,0.0026476333257492886,0.003068802028668405,0.0017183482043919545,0.004274510523063345,0.0037251818926449746,0.001130822889699297,0.0012207861329242634,0.0018635961222244427,0.001020253540484255,0.0009614507502198923,0.0029084764723065933,0.0011252944222385451,0.00495149649302999,0.0025446027957989076,0.005188215417940376,0.0017736328789994763,0.0024893181211913876,0.003276873440373076,0.0008182131841913132,0.0013047183207375006,0.00048047408113445836,0.0009976370826902687,0.001682161871921578,0.001022263892288166,0.0008031355456619912,0.003494494023146319,0.003231137936834126,0.0011901282679146388,0.0009709999212884641,0.0009976370826902687,0.0029145075277183224,0.00042066611496813927,0.001739456898333009,0.0012227964847281742,0.0008332908227206386,0.0009574300466120723,0.00329597178251022,0.0032713449729123226,0.005197764589008948,0.001138864296914937,0.0012720501039239652,0.0010564398729546332,0.00012112369618556829,0.0006639186832412339,0.0007056334831723604,0.0014725826963639735,0.002353619374427471,0.005956672394984921,0.003889025564663629,0.0013770909856782552,0.001636426368382628,0.0006407996374962685,0.0009498912273474096,0.00024224739237114004,0.00023370339720452105,0.0004709249100658848,0.000764938861387704,0.000415640235458363,0.0031683144429619434,0.0014534843542268298,0.002924056698786894,0.00559229613052626,0.002117403037468062,0.005203293056469702,0.0012720501039239652,0.00409307627276048,0.0030175380576687033,0.005128910039725036,0.002567219253592894,0.0015831520455790171,0.0013715625182175034,0.0025385717403871785,0.002723524106346886,0.0024511214369171003,0.002509924227181463,0.004453431833611323,0.004383069520474478,0.0030592528575998333,0.0007036231313684513,0.0004060910643897929,0.0020616157749095646,0.00209026328811528,0.0021837446469970875,0.002099812459183852,0.0023898057068978493,0.0026853274220725986,0.003128107406883745,0.0021359987916542283,0.0015756132263143544,0.002525504453661764,0.0016555247105197717,0.0029486835083847914,0.0013067286725414115,0.0027084464678175622,0.001175050629385315,0.0021209211531249047,0.001735436194725189,0.0009252644177495141,0.002200832637330322,0.00025179656343971013,0.0010840822102583941,0.0007217162976036404,0.004203645621975522,0.0016173280262454844,0.00047695596547761565,0.0029527042119926097,0.0037689070443800137,0.0014650438770993125,0.006511529492864043,0.002105843514595581,0.0014419248313543489,0.0025938564149947003,0.002052066603840993,0.006019495888857106,0.0004814792570364129,0.0013197959592668243,0.001964616300370913,0.000806653661318834,0.0002668742019690355,0.004371509997601995,0.0039025954393400192,0.004291598513396578,0.0015218363155597662,0.003898574735732201,0.00041413247160543287,0.002305873519084612,0.0015409346576969098,0.00016786437562647458,0.0012434025907182497,0.0037648863407721937,0.003435188644930977,0.0006407996374962685,0.0013177856074629152,0.0037116120179685828,0.0013082364363943434,0.005741062164015589,0.002424484275515294,0.0007533793385152213,0.0010071862537588405,0.0015203285517068343,0.0008584202202695113,0.0009458705237395913,0.0017319180790683463,0.0032100292428930734,0.0017052809176665417,0.0031240867032759252,0.00014876603348933093,0.0007287525289173258,0.0013524641760803598,0.0010720200994349342,0.00024224739237114004,0.0006789963217705558,0.0007553896903191304,0.0018233890861462446,0.0010604605765624532,0.0011539419354442606,0.004552944247904861,0.008468606973970295,0.004541384725032379,0.002218423215614534,0.0045393743732284695,0.00029351136337084013,0.0031587652718933715,0.002452629200770032,0.0017087990333233827,0.0009363213526710178,0.003708093902311742,0.003431167941323157,0.0016992498622548109,0.0018882229318223382,0.003128107406883745,0.003974968104280776,0.0020530717797429474,0.0027903683038268887,0.005222391398606845,0.003391463493195938,0.0023862875912410066,0.005220381046802934,0.0023862875912410066,0.0026988972967489904,0.0015982296841083408,0.0034140799509899244,0.002214402512006714,0.0035191208327442144,0.0016746230526569154,0.0007398094638388295,0.0007362913481819867,0.0008508814010048486,0.004518265679287415,0.0016670842333922527,0.003612602191626022,0.0016097892069808217,0.0027582026749643305,0.002403375581574241,0.0009594403984159814,0.001335376185747127,0.0016459755394512,0.003341707286049168,0.00015077638529324006,0.002668239431739364,0.0015107793806382625,0.001129315125846365,0.002273707890222054,0.002763731142425084,0.0029466731565808806,0.005010801871245332,0.0012112369618556915,0.005220381046802934,0.0006493436326628875,0.0007096541867801821,0.0008488710492009395,0.0017701147633426336,0.001372567694119458,0.0013464331206686306,0.001134843593307117,0.0005166604136048365,0.003085890019001638,0.0037764458636446764,0.006637679068559388,0.00654620806148149,0.00210785386639949,0.00023923186466527288,0.0004759507895756611,0.0008353011745245477,0.001182589448649976,0.0011901282679146388,0.0025446027957989076,0.0005970744857612294,0.0005875253146926593,0.0031034805972858497,0.0024797689501228157,0.0005493286304183685,0.0015374165420400671,0.0028401245109736586,0.0009137048948770331,0.000665426447094164,0.0012685319882671225,0.0031185582358151734,0.0009539119309552296,0.0013409046532078788,0.003996076798221828,0.0009328032370141768,0.0007267421771134167,0.0037271922444488854,0.0037648863407721937,0.0016117995587847326,0.0010720200994349342,0.0012197809570223088,0.00015831520455790102,0.0006523591603687512,0.0008468606973970304,0.0024430800297014603,0.0019721551196355755,0.001951046425694521,0.0012132473136596024,0.0016841722237254872,0.001854046951155871,0.0008584202202695113,0.002573250309004623,0.0013559822917372025,0.0030537243901390815,0.0018711349414891037,0.0007991148420541695,0.003192941252559839,0.0021344910278012965,0.005449058564497681,0.003188920548952019,0.0031225789394229934,0.0006247168230649885,0.00045182656792874115,0.0009820568562099678,0.0007342809963780776,0.0011881179161107296,0.003128107406883745,0.0009936163790824504,0.0016022503877161608,0.0026300427474650768,0.005292753711743689,0.0025064061115246204,0.005266116550341884,0.0004613757389973147,0.000865959039534174,6.885454928391363e-05,0.0005739554400162675,0.0015504838287654817,0.0006483384567609295,0.002612954757131844,0.00037191508372332385,0.0017203585561958654,0.0037729277479878337,0.0017339284308722572,0.0005865201387907013,0.003025076876933366,0.0012358637714535887,0.0025089190512795085,0.0006598979796334122,0.0024471007333092803,0.0015982296841083408,0.0005342509918890466,0.0005588778014869421,0.002780819132758317,0.0016499962430590199,0.003639239353027828,0.0016786437562647354,0.0004709249100658848,0.00024023704056722744,0.001278081159335696,0.0009634611020238014,0.0035211311845481236,0.0033246192957159353,0.001804290744009101,0.0003111019416550502,0.000657887627829503,0.001957077481106252,0.002092273639919189,0.0032597854500398416,0.0007307628807212349,0.002172687712075584,0.0014745930481678843,0.0014982146818638253,0.001592701216647589,0.0015545045323733016,0.0006980946639076994,0.0025270122175146976,0.004022713959623635,0.0027124671714253822,0.004516757915434483,0.002535053624730336,0.002052066603840993,0.00029552171517474926,0.0013821168651880298,0.00046539644260513297,0.0012589828171985507,0.0018158502668815836,0.003549778697753839,0.0022847648251435593,0.002473737894711085,0.0024586602561817612,0.0018661090619793291,0.0005990848375651385,0.0026913584774843277,0.0016841722237254872,0.0001849523659597091,0.001175050629385315,0.0019284299679005364,8.192183600932643e-05,0.0016766334044608245,0.0007955967263973268,0.00034527792232151924,0.0020827244688506174,0.0014590128216875834,0.001384629804942918,0.0011901282679146388,0.0010966469090328296,0.0003432675705176101,0.0035321881194696272,0.002004823336449111,0.0010911184415720778,0.002922046346982985,0.0035055509580678226,0.0016439651876472908,0.0022983346998199494,--,--,--
88,0.002305873519084612,0.0009307928852102659,0.0034105618353330817,0.0023707073647607057,0.001957077481106252,0.0032577750982359325,0.0029582326794533632,0.0014057384988839707,0.0012529517617868215,0.00025732503090046197,0.0011262995981405014,0.0009061660756123704,0.0008287675311618413,0.0005855149628887467,0.0011423824125717796,0.003219578413961645,0.001437904127746529,0.0017490060694015808,0.0019093316257633927,0.0008905858491320695,0.0018595754186166227,0.0008981246683967305,0.0027084464678175622,0.0010966469090328296,0.0023501012587706285,0.002452629200770032,0.00047695596547761565,0.0016841722237254872,0.0014208161374132961,0.001130822889699297,0.004306676151925903,0.002365178897299954,0.0014097592024917907,0.003377893618519546,0.0010584502247585423,0.002969792202325844,0.0010574450488565878,0.0002467706839299373,0.000764938861387704,0.0015122871444911944,0.0009076738394653023,0.0012514439979338897,0.0034753956810091736,0.0019495386618415891,0.0021822368831441556,0.0006046133050258903,0.0019626059485670037,0.0011499212318364423,0.0005739554400162675,0.005966221566053493,0.0011212737186307251,0.003042164867266599,0.0017851924018719573,0.0024395619140446176,0.0033567849245784917,0.0049474757894221715,0.0016439651876472908,0.0022963243480160402,0.005176655895067895,0.0009041557238084613,0.0009725076851413959,7.639336854857459e-05,0.0010433725862292187,0.000980549092357036,0.0024948465886521394,0.00025179656343971013,0.0026340634510728968,0.005508363942713023,0.001798762276548349,0.00036236591265475376,0.000831783058867705,0.0015811416937751063,0.001012714721219594,0.0001467556816854218,0.0009996474344941796,0.0007171930060448431,0.00038699272225264925,0.003980496571741527,0.002414935104446722,0.002099812459183852,0.0013177856074629152,0.0015122871444911944,0.0025003750561128912,0.0007171930060448431,0.002054076955644902,0.0006845247892313076,0.0012911484460611088,0.002096294343527009,0.001634416016578719,0.0016459755394512,0.0026054159378671813,0.0036241617144985045,0.004398147159003801,0.0015122871444911944,0.0003759357873311456,0.0015163078480990144,0.0012911484460611088,0.0008277623552598867,0.001182589448649976,0.0030748330840801343,0.003555307165214591,0.0035286700038127863,0.0016097892069808217,0.0010529217572977905,0.0013921686242075806,0.0029466731565808806,0.003700052495096102,0.0005533493340261902,0.0009363213526710178,0.003282401907833828,0.0014017177952761525,0.002477758598318905,0.0018691245896851946,0.0014876603348932989,0.0023877953550939385,0.0029547145637965205,0.0013826194531390088,0.0030099992384040406,0.00190179280649873,0.001682161871921578,0.0005644062689476939,0.0005015827750755111,0.00047695596547761565,0.0001829420141557965,0.0025290225693186067,0.0024988672922599594,0.002616975460739664,0.0020827244688506174,0.003700052495096102,0.001281599274992537,0.0027788087809544077,0.0009287825334063568,0.00012313404798948088,6.885454928391363e-05,0.0020274397942430956,0.0025385717403871785,0.002355629726231382,0.00030708123804723195,0.0009554196948081631,0.002511934578985372,0.0029029480048458414,0.0015791313419711971,0.004013164788555063,0.00339297125704887,0.0010946365572289205,0.0011398694728168915,0.001693721394794059,0.0008981246683967305,0.000873497858798835,0.002729555161758615,0.0011675118101206524,0.004899729934079312,0.002264158719153482,0.004812279630609232,0.001652006594862929,0.0022174180397125775,0.003030605344394118,0.0008126847167305613,0.0013027079689335915,0.00042368164267400296,0.0008714875069949259,0.0015067586770304425,0.0009458705237395913,0.0007458405192505603,0.003272852736765256,0.002967781850521935,0.0010911184415720778,0.000964968865876735,0.0009076738394653023,0.002826554636297267,0.0004407696330072375,0.0016575350623236808,0.0011901282679146388,0.0008051458974659004,0.001028294947699895,0.0031225789394229934,0.002876310843444035,0.004675073119992384,0.0010891080897681687,0.0011996774389832106,0.0009584352225140268,0.00011911334438165916,0.0006257219989669466,0.0005910434303494985,0.0013162778436099833,0.002357640078035291,0.0055294726366540755,0.0037880053865171574,0.0013695521664135943,0.0016022503877161608,0.0006066236568298029,0.0008830470298674068,0.00023822668876331832,0.0002593353827043711,0.0004613757389973147,0.0006905558446430385,0.00036236591265475376,0.002817005465228695,0.0013811116892860752,0.0027979071230915514,0.005210831875734363,0.002065636478517383,0.004821828801677804,0.0011614807547089233,0.003654316991557152,0.0028954091855811787,0.004653964426051331,0.00234608055516281,0.0013293451303353961,0.001278081159335696,0.002576768424661466,0.0025425924439949985,0.0023325106804864184,0.0023842772394370975,0.004179018812377627,0.003951849058535812,0.002681809306415756,0.0006769859699666467,0.00039654189332121934,0.0019495386618415891,0.0019530567774984318,0.0019817042907041473,0.002101822810987761,0.0021877653506049075,0.0025174630464461258,0.0028707823759832832,0.0020178906231745238,0.0014876603348932989,0.002307883870888521,0.0015680744070496935,0.002824544284493356,0.0012016877907871197,0.0023918160587017585,0.0011403720607678688,0.0020827244688506174,0.001689700691186239,0.0007724776806523649,0.0020636261267134737,0.0002668742019690355,0.0009051608997104159,0.0006588928037314576,0.0038241917189875355,0.001478111163824727,0.00045182656792874115,0.002771269961689745,0.0035130897773324836,0.0013504538242764506,0.006052164105670639,0.0019857249943119673,0.0013368839496000588,0.0024797689501228157,0.0018691245896851946,0.005564653793222499,0.0004292101101347548,0.0012157602534144888,0.0017278973754605263,0.0007287525289173258,0.0002367189249103882,0.00430315803626906,0.003593503849488878,0.004041812301760778,0.0014343860120896862,0.00354374764234211,0.000366386616262572,0.0020219113267823437,0.0014228264892172052,0.00014876603348933093,0.0011443927643756888,0.0035819443266163972,0.003196961956167659,0.0006543695121726603,0.0012092266100517824,0.0034140799509899244,0.0012358637714535887,0.005502835475252271,0.0022812467094867166,0.0006769859699666467,0.0009423524080827486,0.0013941789760114898,0.0008393218781323694,0.0007991148420541695,0.0015756132263143544,0.0030537243901390815,0.0017168404405390227,0.002864751320571554,0.00012966769135218728,0.0006141624760944639,0.0012378741232574979,0.0009574300466120723,0.00025179656343971013,0.0005835046110848376,0.0007247318253095041,0.0017203585561958654,0.0009041557238084613,0.0010720200994349342,0.004087547805299727,0.008026329577110124,0.0045509338961009504,0.002101822810987761,0.0042855674579848485,0.0002633560863121928,0.002765741494228993,0.0023229615094178466,0.0016992498622548109,0.0008222338877991349,0.003549778697753839,0.003087900370805549,0.0015203285517068343,0.0017278973754605263,0.0028436426266304996,0.00369854473124317,0.0019359687871651973,0.0025461105596518412,0.004766544127070284,0.0029828594890512587,0.002309894222692432,0.00485047631488352,0.002050558839988059,0.0025747580728575567,0.0014916810385011189,0.0032442052235595407,0.0020465381363802392,0.003126097055079836,0.0014972095059618707,0.000707643834976273,0.0006483384567609295,0.0006885454928391294,0.0042398319544459,0.0016057685033730035,0.003381914322127366,0.0014630335252954017,0.0025883279475339485,0.0022470707288202493,0.0008202235359952258,0.0012207861329242634,0.0015449553613047298,0.002984869840855168,0.0001382116865188028,0.002509924227181463,0.0014193083735603625,0.0010091966055627514,0.002092273639919189,0.002513944930789283,0.002811476997767943,0.004732368146403815,0.001175050629385315,0.004881134179893146,0.0005885304905946138,0.0006619083314373213,0.0007935863745934177,0.0015962193323044317,0.0012112369618556915,0.0012187757811203542,0.0010584502247585423,0.000457857623340472,0.0030099992384040406,0.003579933974812488,0.00619690943555215,0.0062446552908950095,0.001840477076479479,0.00021259470326346827,0.0004312204619386674,0.0008141924805834949,0.0011197659547777933,0.0010946365572289205,0.0023747280683685257,0.0006558772760255939,0.0005910434303494985,0.002834093455561928,0.0022676768348103248,0.0005262095846734066,0.0012549621135907324,0.0025064061115246204,0.0008810366780634977,0.0005759657918201766,0.0011655014583167433,0.002876310843444035,0.0008946065527398895,0.0013539719399332916,0.00379554420578182,0.0009021453720045505,0.000673467854309804,0.0032673242693045043,0.0033587952763824026,0.001335376185747127,0.001012714721219594,0.001156957463150126,0.00015278673709714918,0.000566416620751603,0.000715182654240934,0.00230034505162386,0.001844497780087299,0.0017278973754605263,0.0011956567353753906,0.0015585252359811216,0.0016841722237254872,0.000774488032456274,0.002414935104446722,0.0012720501039239652,0.0028913884819733587,0.0015791313419711971,0.0007971044902502604,0.003032615696198027,0.00210785386639949,0.00514800838186218,0.003038646751609756,0.0028572125013068914,0.0005463131027125048,0.00043473857759550663,0.0008870677334752268,0.0006407996374962685,0.0011594704029050142,0.0029049583566497506,0.0009212437141416941,0.0015409346576969098,0.0024280023911721366,0.004898222170226379,0.0023782461840253667,0.00504698820371571,0.0004462981004679893,0.0007418198156427386,7.036231313684721e-05,0.000556867449683033,0.0014590128216875834,0.0006332608182316075,0.002410914400838902,0.0003699047319194147,0.001697742098401879,0.003587472794077149,0.0016117995587847326,0.0005186707654087457,0.002881839310904787,0.001127304774042456,0.002450116261015144,0.0006543695121726603,0.0023385417358981475,0.0014705723445600644,0.00045031880407581104,0.0005739554400162675,0.0026531617932100404,0.001592701216647589,0.0034371989967348863,0.0016022503877161608,0.00042167129087009383,0.00023822668876331832,0.0011157452511699733,0.0008523891648577822,0.0031642937393541234,0.0030019578311884024,0.0017681044115387245,0.00027843372484151474,0.0006503488085648421,0.0019053109221555727,0.0019837146425080564,0.0030652839130115624,0.0006292401146237858,0.0020465381363802392,0.001418303197658408,0.0013218063110707352,0.0014650438770993125,0.0014972095059618707,0.0007096541867801821,0.0024852974175835676,0.003974968104280776,0.0024335308586328885,0.004174998108769807,0.002258127663741753,0.0017374465465290981,0.0002668742019690355,0.001358997819443068,0.00044830845227189844,0.001169019573973586,0.001689700691186239,0.0034296601774702253,0.00215358936993844,0.0023385417358981475,0.0023289925648295757,0.0016605505900295463,0.0005206811172126548,0.0024375515622407085,0.0015449553613047298,0.00017741354669504467,0.001123284070434636,0.00174699571759767,9.900982634256095e-05,0.0016499962430590199,0.0007383016999858959,0.00034879603797836195,0.0019796939389002365,0.0013027079689335915,0.0012338534196496779,0.0011634911065128324,0.001022263892288166,0.0003397494548607674,0.0032261120573243516,0.0018213787343423354,0.0010453829380331278,0.0029984397155315597,0.003383422085980298,0.0016138099105886417,0.002357640078035291,--,--,--
89,0.002206863692742051,0.0008488710492009395,0.003196961956167659,0.0022832570612906257,0.0019741654714394846,0.0031547445682855516,0.0028572125013068914,0.0013539719399332916,0.0012187757811203542,0.0003090915898511411,0.0010509114054938814,0.0008413322299362785,0.0007754932083582286,0.0005608881532908512,0.001074030451238845,0.0031240867032759252,0.0013238166628746443,0.001590690864843678,0.00189375139928309,0.0009423524080827486,0.0018063010958130118,0.000877518562406655,0.0025064061115246204,0.0010393518826213987,0.002161128189203103,0.0023480909069667193,0.00045031880407581104,0.0015504838287654817,0.0013409046532078788,0.0011252944222385451,0.004287577809788759,0.0022219413312713748,0.0013504538242764506,0.003133635874344497,0.001020253540484255,0.002739104332827187,0.0009157152466809423,0.0002698897296748992,0.0007247318253095041,0.0013981996796193098,0.000865959039534174,0.0011368539451110278,0.0035402295266852672,0.0019304403197044455,0.002117403037468062,0.0005684269725555122,0.0018369589608226364,0.0011484134679835088,0.0005814942592809284,0.00555058133059513,0.0011122271355131323,0.003032615696198027,0.0017108093851272935,0.0024471007333092803,0.0033015002499709716,0.004985672473696459,0.0015791313419711971,0.002260138015545662,0.0049474757894221715,0.0008182131841913132,0.0009252644177495141,8.393218781323555e-05,0.0009840672080138786,0.000964968865876735,0.002414935104446722,0.00025581726704753185,0.0025043957597207112,0.0052721476057536135,0.001743477601940829,0.00038699272225264925,0.000823741651652065,0.001478111163824727,0.0009328032370141768,0.0001432375660285791,0.0009287825334063568,0.0006970894880057449,0.0003930237776643801,0.0038719375743303946,0.0022963243480160402,0.002000802632841291,0.0012931587978650197,0.001443935183158258,0.0023737228924665694,0.0006387892856923594,0.0018786737607537664,0.0006121521242905548,0.0012227964847281742,0.0020751856495859547,0.0015258570191675862,0.0015660640552457826,0.0026340634510728968,0.0035191208327442144,0.004183039515985447,0.0014916810385011189,0.000366386616262572,0.0013921686242075806,0.0011368539451110278,0.0007860475553287567,0.0011252944222385451,0.0029411446891201287,0.0034256394738624053,0.0033492461053138307,0.0015791313419711971,0.0009021453720045505,0.001331355482139307,0.0029145075277183224,0.003480924148469927,0.0005397794593497984,0.000873497858798835,0.0031165478840112643,0.0013826194531390088,0.002351609022623562,0.0018309279054109073,0.001437904127746529,0.002159117837399192,0.0028381141591697478,0.0013142674918060725,0.0028612332049147114,0.0017052809176665417,0.0016138099105886417,0.0005453079268105503,0.0004694171462129547,0.0004292101101347548,0.0001814342503028664,0.002376738420172435,0.002422473923711385,0.0026511514414061313,0.0020711649459781364,0.003650798875900309,0.0012685319882671225,0.0025843072439261285,0.0009041557238084613,0.00012413922389143545,6.48338456760919e-05,0.0019168704450280537,0.0024335308586328885,0.0021877653506049075,0.00029552171517474926,0.000823741651652065,0.0024471007333092803,0.002880331547051855,0.001531385486628338,0.0037211611890371546,0.0031130297683544216,0.001024274244092075,0.0010860925620623033,0.0015565148841772108,0.0008523891648577822,0.0008543995166616913,0.0025541519668674795,0.0011710299257774951,0.004881134179893146,0.0020711649459781364,0.004552944247904861,0.0015695821709026253,0.0019962793412824937,0.002823036520640424,0.0008076588372207885,0.0012795889231886279,0.00040056259692904106,0.0008297727070637959,0.001436396363893597,0.0009614507502198923,0.0007362913481819867,0.0031663040911580325,0.0028516840338461396,0.0010272897717979405,0.0009860775598177877,0.0008523891648577822,0.002765741494228993,0.0004643912667031784,0.0016138099105886417,0.001175050629385315,0.0007704673288484558,0.0011006676126406496,0.0030476933347273506,0.002674270487151095,0.004264961351994773,0.001065989044023205,0.0011675118101206524,0.0008870677334752268,0.00012564698774436556,0.0006086340086337121,0.0005377691075458893,0.001226314600385017,0.0024300127429760458,0.0052163603431951144,0.0037116120179685828,0.0013750806338743461,0.001588680513039769,0.0005739554400162675,0.0008393218781323694,0.00022716975384181465,0.00028345960435129103,0.00046338609080122384,0.0006428099893001776,0.0003432675705176101,0.002513944930789283,0.0013539719399332916,0.0027501612677486922,0.00499321129296112,0.002006331100302043,0.004562493418973433,0.001077548566895686,0.003293961430706309,0.002765741494228993,0.004282049342328006,0.002200832637330322,0.0012434025907182497,0.0012303353039928352,0.002507913875377554,0.002420463571907474,0.0022335008541438574,0.002315422690153184,0.0039784862199376166,0.0036085814880182036,0.002376738420172435,0.0006543695121726603,0.0004045833005368593,0.00185605730295978,0.001854046951155871,0.0018786737607537664,0.0021932938180656593,0.0021706773602716747,0.0023938264105056693,0.002727544809954706,0.0019113419775673018,0.0014037281470800616,0.0021093616302524237,0.0014801215156286362,0.002715985287082223,0.0011730402775814042,0.0022314905023399466,0.0011328332415032078,0.002159117837399192,0.001735436194725189,0.0006769859699666467,0.0019837146425080564,0.00030708123804723195,0.0008192183600932677,0.0006206961194571703,0.0035321881194696272,0.0013941789760114898,0.0004613757389973147,0.0026913584774843277,0.003444737815999549,0.0012971795014728397,0.005754632038691981,0.0019188807968319645,0.0013027079689335915,0.0024320230947799566,0.001743477601940829,0.005088703003646838,0.0004025729487329502,0.001123284070434636,0.0016022503877161608,0.0007247318253095041,0.0002211386984300838,0.004276520874867254,0.0034522766352642117,0.003953859410339721,0.0014193083735603625,0.0033738729149117262,0.00032215887657655734,0.001794741572940529,0.001338894301403968,0.0001447453298815092,0.0011197659547777933,0.003637229001223919,0.003032615696198027,0.0006372815218394258,0.001216765429316445,0.003288432963245557,0.0011996774389832106,0.005203293056469702,0.0022335008541438574,0.0006086340086337121,0.0009076738394653023,0.0012795889231886279,0.0008413322299362785,0.0007036231313684513,0.0014610231734914925,0.0030290975805411843,0.0017605655922740618,0.002723524106346886,0.00013519615881293912,0.0005684269725555122,0.001182589448649976,0.000873497858798835,0.0002744130212336965,0.0005377691075458893,0.0007513689867113121,0.0016706023490490954,0.0008332908227206386,0.0010413622344253096,0.0037729277479878337,0.007644865322318228,0.00459867975144381,0.002060108011056631,0.004016682904211906,0.00025581726704753185,0.0024852974175835676,0.0022239516830752856,0.001735436194725189,0.000782026851720935,0.0034160903027938335,0.0029828594890512587,0.0014992198577657798,0.0016213487298533044,0.0026797989546118468,0.0034849448520777454,0.0018339434331167727,0.0023345210322903275,0.004367991881945154,0.0026436126221414686,0.002309894222692432,0.0046484359585905796,0.0018882229318223382,0.002622503928200416,0.0014725826963639735,0.0031451953972169797,0.00194752831003768,0.0028381141591697478,0.0013780961615802115,0.0006940739602998812,0.0005875253146926593,0.0006026029532219812,0.00400160526568258,0.0015756132263143544,0.003334168466784507,0.0014248368410211144,0.0024797689501228157,0.0021857549988009983,0.0007764983842601832,0.0011499212318364423,0.0014399144795504398,0.0026838196582196668,0.00012866251545023272,0.0023501012587706285,0.0013464331206686306,0.0009594403984159814,0.001951046425694521,0.0023898057068978493,0.0027446328002879404,0.004531835553963807,0.0011730402775814042,0.004564503770777342,0.0005644062689476939,0.0006332608182316075,0.0007553896903191304,0.0014876603348932989,0.001141377236669825,0.0011403720607678688,0.0010107043694156832,0.0004749456136737065,0.0030079888866001315,0.0035151001291363945,0.005867211739710932,0.0059375740528477775,0.0016766334044608245,0.0001985222406361009,0.00040357812463490475,0.0008106743649266522,0.0010911184415720778,0.0010433725862292187,0.002266169070957393,0.0006483384567609295,0.0006066236568298029,0.0026873377738765077,0.0021359987916542283,0.0005091215943401721,0.0010679993958271142,0.0022470707288202493,0.0008905858491320695,0.000499572423271602,0.0011252944222385451,0.002670249783543275,0.0009212437141416941,0.0012931587978650197,0.0037136223697724936,0.000873497858798835,0.0006543695121726603,0.002922046346982985,0.003137656577952317,0.0011579626390520806,0.0009498912273474096,0.0011082064319053123,0.0001698747274303837,0.0005438001629576167,0.0006558772760255939,0.0022294801505360375,0.0017912234572836881,0.0016213487298533044,0.001224304248581106,0.0014685619927561552,0.0015600329998340535,0.0007227214735055949,0.0022867751769474684,0.0012187757811203542,0.002786850188170046,0.001436396363893597,0.0007307628807212349,0.002969792202325844,0.002101822810987761,0.004974615538774953,0.002924056698786894,0.0027084464678175622,0.0005045983027813748,0.0004312204619386674,0.0008353011745245477,0.0006026029532219812,0.0011675118101206524,0.002722016342493954,0.0008885754973281586,0.0014951991541579598,0.002365178897299954,0.0046861300549138896,0.0023249718612217557,0.004834896088403219,0.00043875928120332836,0.0006905558446430385,7.99114842054173e-05,0.0005513389822222811,0.001428354956677957,0.0006789963217705558,0.0022812467094867166,0.0004196609390661847,0.0017278973754605263,0.00350203284241098,0.0015851623973829262,0.0004950491317128047,0.002759710438817264,0.0010433725862292187,0.0023013502275258148,0.0006468306929079994,0.002266169070957393,0.0013981996796193098,0.00041212211980152375,0.000616172827898373,0.0026853274220725986,0.0015866701612358598,0.003330147763176687,0.001590690864843678,0.0003930237776643801,0.000249786211635801,0.0010071862537588405,0.0007971044902502604,0.002889880718120427,0.0027943890074347087,0.0016268771973140563,0.0002347085731064756,0.0006749756181627375,0.0019188807968319645,0.0019379791389691082,0.002967781850521935,0.0005759657918201766,0.001964616300370913,0.0013368839496000588,0.0012052059064439624,0.0014037281470800616,0.0014685619927561552,0.0007398094638388295,0.0024717275429071758,0.0038950566200753583,0.002307883870888521,0.003953859410339721,0.002092273639919189,0.0015218363155597662,0.00024878103573384644,0.001309241612296298,0.0004558472715365629,0.0011252944222385451,0.0016173280262454844,0.0033015002499709716,0.002147558314526711,0.0023289925648295757,0.0022314905023399466,0.0015489760649125498,0.0004749456136737065,0.0022832570612906257,0.0014429300072563035,0.0001814342503028664,0.001081569270503506,0.00160024003591225,0.00011056934921504363,0.0016801515201176672,0.0006885454928391294,0.00036236591265475376,0.0019244092642927164,0.0012132473136596024,0.001130822889699297,0.0011026779644445605,0.0009594403984159814,0.00033371839944903656,0.0029602430312572724,0.0016881929273333072,0.001012714721219594,0.003025076876933366,0.003330147763176687,0.0015982296841083408,0.0023877953550939385,--,--,--
90,0.002065636478517383,0.0007398094638388295,0.0028627409687676433,0.00219530416986957,0.001959087832910161,0.0029828594890512587,0.0025541519668674795,0.0012358637714535887,0.0011177556029738842,0.00036035556085084464,0.0009393368803768832,0.000816202832387404,0.0007503638108093576,0.0005628985050947603,0.0010187457766313232,0.0029602430312572724,0.0011941489715224587,0.0014665516409522444,0.0018671142378812854,0.0009363213526710178,0.0017052809176665417,0.000873497858798835,0.002294313996212131,0.0010378441187684669,0.0019033005703516619,0.0021762058277324265,0.00041413247160543287,0.001396189327815399,0.0012760708075317852,0.001035833766964556,0.004095086624564389,0.0020887555242623465,0.0012549621135907324,0.002713974935278314,0.0009745180369453068,0.0024430800297014603,0.0007714725047504103,0.0003060760621452774,0.0006940739602998812,0.0012434025907182497,0.0008353011745245477,0.000980549092357036,0.00354374764234211,0.0018656064740283518,0.0019701447678316646,0.0005493286304183685,0.0016917110429901499,0.001127304774042456,0.0005910434303494985,0.005107801345783982,0.0011006676126406496,0.003015527705864794,0.001588680513039769,0.002399354877966421,0.0032120395946969825,0.0049173205123635225,0.0014725826963639735,0.0021229315049288155,0.004690150758521708,0.000733275820476123,0.0008755082106027458,9.147100707789999e-05,0.0009383317044749286,0.0009116945430731223,0.0023365313840942384,0.00028396219230227004,0.0022867751769474684,0.0048600254859520915,0.0016670842333922527,0.0004045833005368593,0.0007991148420541695,0.0013449253568156988,0.0008373115263284568,0.0001447453298815092,0.0008353011745245477,0.0006845247892313076,0.00041011176799761115,0.0036678868662335436,0.0019857249943119673,0.0017087990333233827,0.0011730402775814042,0.0013655314628057743,0.0021706773602716747,0.0005855149628887467,0.0016459755394512,0.0005493286304183685,0.0011157452511699733,0.0020294501460470064,0.0013921686242075806,0.0013293451303353961,0.0024948465886521394,0.003276873440373076,0.0037136223697724936,0.0014097592024917907,0.0003432675705176101,0.001226314600385017,0.0010107043694156832,0.0007513689867113121,0.0010529217572977905,0.0027677518460329023,0.003219578413961645,0.0030099992384040406,0.0015298777227754062,0.0007458405192505603,0.001226314600385017,0.002780819132758317,0.003085890019001638,0.0004940439558108502,0.0007915760227895086,0.002965771498718024,0.0013449253568156988,0.0021440401988698683,0.0017414672501369181,0.0014419248313543489,0.001840477076479479,0.0025843072439261285,0.0011730402775814042,0.0025330432729264267,0.0015278673709714953,0.0015218363155597662,0.0005312354641831829,0.00042066611496813927,0.0003814642547918974,0.0001849523659597091,0.0021706773602716747,0.002269687186614234,0.0026436126221414686,0.001960595596763093,0.0035115820134795517,0.0012705423400710333,0.0022887855287513775,0.0009307928852102659,0.00012514439979339,6.68441974800045e-05,0.0017545345368623327,0.0022505888444770902,0.0020465381363802392,0.0003111019416550502,0.0006769859699666467,0.0022390293216046093,0.0027943890074347087,0.0014630335252954017,0.0032693346211084134,0.002804943354405235,0.0009383317044749286,0.0010232690681901205,0.001432375660285777,0.0007935863745934177,0.0008604305720734222,0.002262148367349573,0.001182589448649976,0.00474945613673705,0.0018253994379501554,0.004148360947368,0.001436396363893597,0.0017374465465290981,0.0025290225693186067,0.0008096691890246976,0.0012418948268653179,0.00038347460659580654,0.0007840372035248476,0.0013484434724725398,0.0010031655501510223,0.0007589078059759731,0.002933605869855466,0.0026416022703375595,0.0009443627598866577,0.0009725076851413959,0.0008086640131227431,0.002723524106346886,0.0004854999606442312,0.0015545045323733016,0.0011328332415032078,0.0007438301674466477,0.001169019573973586,0.0028612332049147114,0.0023440702033588993,0.0036317005337631655,0.0010167354248274123,0.0011252944222385451,0.0008076588372207885,0.0001382116865188028,0.000582499435182883,0.0004729352618697939,0.0010931287933759887,0.0023501012587706285,0.00460069010324772,0.0035151001291363945,0.0013826194531390088,0.0015067586770304425,0.0005091215943401721,0.0007478508710544694,0.00023269822130256648,0.0003196459368216692,0.0004558472715365629,0.0005739554400162675,0.0003126097055079838,0.002142029847065959,0.001232345655796746,0.002624514280004325,0.004518265679287415,0.0019304403197044455,0.004226764667720486,0.0010107043694156832,0.002939134337316218,0.002576768424661466,0.003811124432262121,0.0019701447678316646,0.0011403720607678688,0.0011785687450421578,0.0023918160587017585,0.002172687712075584,0.002111371982056333,0.002202842989134231,0.0037347310637135464,0.0032140499465008916,0.0020676468303212937,0.0006141624760944639,0.0004196609390661847,0.0017872027536758681,0.0017168404405390227,0.0016384367201865372,0.0022963243480160402,0.00204452778457633,0.002248578492673181,0.0025425924439949985,0.0017223689079997745,0.001281599274992537,0.0018691245896851946,0.0013811116892860752,0.002576768424661466,0.001129315125846365,0.00204854848818415,0.0010870977379642578,0.0021359987916542283,0.0017168404405390227,0.0005779761436240857,0.0018309279054109073,0.00035482709339008933,0.0007257370012114621,0.0005634010930457393,0.003135646226148408,0.0012609931690024615,0.0004613757389973147,0.0025787787764653767,0.0033185882403042044,0.0011484134679835088,0.005134438507185788,0.0017816742862151163,0.0012227964847281742,0.0023269822130256666,0.0015640537034418735,0.0045549545997087704,0.0003879978981546038,0.0010041707260529768,0.0014459455349621689,0.0007322706445741685,0.0002211386984300838,0.004146350595564091,0.0030135173540608833,0.0038146425479189637,0.0013162778436099833,0.0030954391900702097,0.00026536643811610194,0.00160024003591225,0.0012454129425221606,0.00013720651061684824,0.0010966469090328296,0.0035628459844792536,0.002775290665297565,0.0005608881532908512,0.001184599800453887,0.0029562223276494524,0.0011499212318364423,0.00485047631488352,0.0021877653506049075,0.0005417898111537076,0.0008795289142105658,0.0011499212318364423,0.0007971044902502604,0.0005814942592809284,0.0013368839496000588,0.0028476633302383196,0.0017449853657937608,0.0024797689501228157,0.0001467556816854218,0.0005035931268794203,0.0012092266100517824,0.0007860475553287567,0.00029351136337084013,0.0004789663172815248,0.0007669492131916131,0.0015791313419711971,0.000749358634907403,0.000980549092357036,0.003341707286049168,0.006992506161949479,0.004472530175748467,0.0019701447678316646,0.003591493497684969,0.00025079138753775557,0.002204853340938142,0.0020983046953309183,0.0018369589608226364,0.0007458405192505603,0.003034626048001938,0.002872290139836215,0.0014705723445600644,0.0014268471928250252,0.002416442868299654,0.003225106881422397,0.0017062860935684963,0.0021877653506049075,0.003889025564663629,0.002273707890222054,0.002311904574496341,0.0043468831880040994,0.0016786437562647354,0.002525504453661764,0.0014002100314232189,0.0029411446891201287,0.0017796639344112054,0.0025405820921910894,0.0012685319882671225,0.0006925661964469476,0.0005206811172126548,0.0004920336040069376,0.003597021965145721,0.0015087690288343517,0.003068802028668405,0.0013600029953450225,0.0021822368831441556,0.0020711649459781364,0.0007342809963780776,0.0009860775598177877,0.0013142674918060725,0.0024053859333781503,0.00012313404798948088,0.0021209211531249047,0.0012549621135907324,0.000877518562406655,0.0017831820500680481,0.002101822810987761,0.002565208901788985,0.004181029164181536,0.0011579626390520806,0.0041388117762994284,0.000524701820820473,0.0006026029532219812,0.000715182654240934,0.0013620133471489316,0.0010644812801702715,0.0010338234151606469,0.0009172230105338741,0.0004844947847422766,0.002965771498718024,0.0033035106017748807,0.005378696251360837,0.005537011455918738,0.0014665516409522444,0.0001879678936655728,0.0003774435511840757,0.0007875553191816903,0.001081569270503506,0.0009765283887492159,0.002060108011056631,0.0006277323507708557,0.0006066236568298029,0.002473737894711085,0.00185203659935196,0.0004920336040069376,0.0008850573816713177,0.0020199009749784346,0.0008488710492009395,0.0004025729487329502,0.0010679993958271142,0.0023898057068978493,0.0009574300466120723,0.0011730402775814042,0.0033949816088527807,0.0007935863745934177,0.0006503488085648421,0.0024586602561817612,0.002819015817032604,0.0009820568562099678,0.0008840522057693614,0.0010378441187684669,0.0001829420141557965,0.0005342509918890466,0.0005835046110848376,0.00204452778457633,0.001697742098401879,0.0015142974962951035,0.0012092266100517824,0.0013750806338743461,0.0013811116892860752,0.000665426447094164,0.00215358936993844,0.0011710299257774951,0.0026797989546118468,0.0013162778436099833,0.000665426447094164,0.0027999174748954605,0.0019666266521748237,0.004611747038169224,0.0027788087809544077,0.0025501312632596612,0.0004920336040069376,0.00044227739686017106,0.0007322706445741685,0.0005438001629576167,0.0011579626390520806,0.002462178371838604,0.0007669492131916131,0.001430365308481868,0.0021822368831441556,0.004251391477318381,0.002216412863810623,0.00449162851788561,0.00043875928120332836,0.0006598979796334122,9.147100707789999e-05,0.0005453079268105503,0.001388650508550738,0.0007478508710544694,0.002117403037468062,0.0004045833005368593,0.001697742098401879,0.0032919510789024,0.0014725826963639735,0.00046640161850708753,0.002519473398250035,0.0009709999212884641,0.0021259470326346792,0.0006277323507708557,0.0021189108013209956,0.0012836096267964479,0.0003759357873311456,0.0006558772760255939,0.0026838196582196668,0.0016268771973140563,0.0031683144429619434,0.0015333958384322471,0.0003774435511840757,0.00025581726704753185,0.0009076738394653023,0.0007478508710544694,0.002565208901788985,0.0024873077693874767,0.0014650438770993125,0.00019098342137143648,0.0006980946639076994,0.001840477076479479,0.0018766634089498573,0.002761720790621173,0.0005377691075458893,0.0018786737607537664,0.0012147550775125342,0.0010669942199251596,0.0013409046532078788,0.0014534843542268298,0.000774488032456274,0.0024053859333781503,0.0036181306590867754,0.0021400194952620483,0.003660348046968881,0.0018902332836262473,0.0012986872653257715,0.00023370339720452105,0.001259987993100507,0.00044227739686017106,0.0010433725862292187,0.0014972095059618707,0.0030974495418741206,0.00210383316279167,0.002212392160202803,0.0021093616302524237,0.0013826194531390088,0.0004538369197326503,0.00210383316279167,0.001335376185747127,0.00019651188883218831,0.0010051759019549314,0.0014037281470800616,0.00013519615881293912,0.0016575350623236808,0.0006141624760944639,0.0003794539029879883,0.0017449853657937608,0.001123284070434636,0.0010262845958959842,0.001012714721219594,0.0008679693913380832,0.0003377391030568583,0.002624514280004325,0.0015032405613735998,0.0009383317044749286,0.0029718025541297533,0.0030592528575998333,0.0015680744070496935,0.0023440702033588993,--,--,--
91,0.00190179280649873,0.0006181831797022821,0.0024717275429071758,0.002096294343527009,0.0019244092642927164,0.0027788087809544077,0.0021762058277324265,0.0010870977379642578,0.0009916060272785396,0.000408101416193702,0.0008141924805834949,0.0007955967263973268,0.0007297577048192803,0.0005724476761633339,0.0009594403984159814,0.0027677518460329023,0.0010453829380331278,0.001384629804942918,0.0018424874282833882,0.0009096841912692132,0.0015811416937751063,0.000869979743141994,0.0020636261267134737,0.0010453829380331278,0.001634416016578719,0.0019761758232433955,0.0003678943801155056,0.0012207861329242634,0.0011976670871793015,0.0009041557238084613,0.003839269357516859,0.00194752831003768,0.0011368539451110278,0.0022279723866831056,0.0009212437141416941,0.002111371982056333,0.0006141624760944639,0.0003432675705176101,0.0006598979796334122,0.0010644812801702715,0.0007971044902502604,0.000865959039534174,0.0035211311845481236,0.0017816742862151163,0.0017796639344112054,0.0005322406400851375,0.0015333958384322471,0.0010946365572289205,0.0006005926014180721,0.004646425606786669,0.0010850873861603487,0.002973310317982687,0.0014399144795504398,0.0023289925648295757,0.003085890019001638,0.004802730459540661,0.001338894301403968,0.0019414972546259492,0.004419255852944854,0.0006377841097904048,0.0008257520034559776,9.750206248962737e-05,0.0008870677334752268,0.0008393218781323694,0.002252599196281001,0.00032065111272362376,0.0020334708496548264,0.004367991881945154,0.0015736028745104453,0.0004196609390661847,0.0007609181577798822,0.0011921386197185479,0.0007287525289173258,0.0001447453298815092,0.0007267421771134167,0.0006629135073392758,0.00042368164267400296,0.003433178293127068,0.0016288875491179654,0.0013484434724725398,0.001022263892288166,0.001285619978600357,0.0019264196160966255,0.0005387742834478439,0.001386640156746827,0.00048047408113445836,0.0009916060272785396,0.0019666266521748237,0.0012474232943260697,0.001028294947699895,0.0023023554034277693,0.002965771498718024,0.003135646226148408,0.0012986872653257715,0.0003126097055079838,0.0010433725862292187,0.0008830470298674068,0.0007171930060448431,0.0009689895694845532,0.002565208901788985,0.002973310317982687,0.0025863175957300377,0.0014685619927561552,0.0005759657918201766,0.0011041857282974923,0.0026054159378671813,0.002626524631808236,0.0004327282257915975,0.0006980946639076994,0.0028134873495718523,0.0012931587978650197,0.0019033005703516619,0.0016268771973140563,0.0014459455349621689,0.0015087690288343517,0.002262148367349573,0.0010011551983471114,0.0021249418567327247,0.0013449253568156988,0.0014248368410211144,0.0005186707654087457,0.0003643762644586629,0.0003291951078902393,0.00018696271776361822,0.0019339584353612882,0.0020711649459781364,0.002614965108935753,0.0018158502668815836,0.003334168466784507,0.0012720501039239652,0.0019495386618415891,0.0009669792176806441,0.00012514439979339,6.98597251858682e-05,0.0015695821709026253,0.0020334708496548264,0.0019148600932241445,0.0003357287512529457,0.0005357587557419802,0.0019776835870963273,0.002668239431739364,0.0013750806338743461,0.0027677518460329023,0.0024787637742208594,0.0008543995166616913,0.0009508964032493659,0.0013047183207375006,0.0007192033578487522,0.000865959039534174,0.0019264196160966255,0.0012132473136596024,0.004572042590042005,0.0015489760649125498,0.0036754256854982063,0.001274060455727876,0.0014630335252954017,0.002200832637330322,0.0008116795408286068,0.0011976670871793015,0.00036035556085084464,0.0007267421771134167,0.0012378741232574979,0.0010413622344253096,0.0007915760227895086,0.0026436126221414686,0.0023862875912410066,0.0008468606973970304,0.0009443627598866577,0.0007609181577798822,0.002681809306415756,0.0005035931268794203,0.0014841422192364562,0.0010795589186995969,0.0007247318253095041,0.0012358637714535887,0.002628534983612145,0.0019495386618415891,0.0029049583566497506,0.0009539119309552296,0.0010720200994349342,0.0007227214735055949,0.00015178156119519462,0.000548323454516414,0.00039855224512513193,0.0009363213526710178,0.002200832637330322,0.003866409106869643,0.0032713449729123226,0.001388650508550738,0.0013981996796193098,0.0004312204619386674,0.0006372815218394258,0.00024425774417504917,0.00035834520904693204,0.00044227739686017106,0.0004940439558108502,0.00027843372484151474,0.0017585552404701527,0.0010835796223074168,0.0024586602561817612,0.003934761068202577,0.001850026247548051,0.003843290061124679,0.0009443627598866577,0.002580789128269286,0.002361158193692134,0.003289940727098489,0.0017012602140587217,0.0010051759019549314,0.0011137348993660642,0.0022812467094867166,0.0018847048161654955,0.0019721551196355755,0.0020636261267134737,0.0034638361581366926,0.0027963993592386178,0.001743477601940829,0.0005684269725555122,0.00043473857759550663,0.0017203585561958654,0.0015680744070496935,0.001342915005011788,0.0023918160587017585,0.00185605730295978,0.0020983046953309183,0.0023249718612217557,0.0015067586770304425,0.0011443927643756888,0.0016097892069808217,0.001274060455727876,0.002418453220103565,0.0010679993958271142,0.0018424874282833882,0.0010298027115528269,0.0020676468303212937,0.0016746230526569154,0.0004709249100658848,0.001640447071990448,0.00040056259692904106,0.0006171780038003276,0.0004980646594186684,0.0026893481256804186,0.0011041857282974923,0.0004538369197326503,0.0024395619140446176,0.003143185045413069,0.0009614507502198923,0.004387090224082298,0.0016138099105886417,0.0011122271355131323,0.0021837446469970875,0.0013600029953450225,0.003991050918712054,0.0003729202596252784,0.0008765133865047004,0.0012625009328553934,0.0007322706445741685,0.0002211386984300838,0.0039865276271532565,0.002460670607985672,0.003637229001223919,0.0011785687450421578,0.0027582026749643305,0.00020606105990076187,0.0014097592024917907,0.0011443927643756888,0.00012765733954827815,0.0010624709283663623,0.0034045307799213526,0.0024832870657796567,0.0004789663172815248,0.001127304774042456,0.0025365613885832694,0.0010870977379642578,0.004476550879356285,0.0021249418567327247,0.0004729352618697939,0.0008468606973970304,0.001012714721219594,0.0007342809963780776,0.0004442877486640802,0.0012016877907871197,0.0025938564149947003,0.0017072912694704508,0.0021782161795363356,0.00015831520455790102,0.00042719975833084567,0.0012514439979338897,0.0006905558446430385,0.0003111019416550502,0.00041011176799761115,0.0007684569770445467,0.0014685619927561552,0.0006543695121726603,0.0009096841912692132,0.0028572125013068914,0.0062486759945028295,0.004260940648386953,0.00185203659935196,0.0031185582358151734,0.00024224739237114004,0.0019128497414202337,0.0019530567774984318,0.0019455179582337691,0.0007021153675155212,0.0025637011379360513,0.002727544809954706,0.0014208161374132961,0.0012016877907871197,0.00210785386639949,0.0029411446891201287,0.0015705873468045799,0.002052066603840993,0.0033703547992548835,0.0018826944643615864,0.0022963243480160402,0.0039865276271532565,0.001432375660285777,0.002367189249103863,0.0013006976171296807,0.0026948765931411704,0.0015831520455790171,0.0022279723866831056,0.0011484134679835088,0.0006885454928391294,0.00045182656792874115,0.0003643762644586629,0.003130117758687656,0.001430365308481868,0.0027064361160136514,0.001274060455727876,0.0018213787343423354,0.0019264196160966255,0.0006789963217705558,0.0007915760227895086,0.0011785687450421578,0.002117403037468062,0.0001181081684797046,0.0018691245896851946,0.0011499212318364423,0.0007724776806523649,0.0016153176744415753,0.00175101642120549,0.00234608055516281,0.0037689070443800137,0.001134843593307117,0.0036714049818903863,0.0004749456136737065,0.0005704373243594248,0.0006769859699666467,0.0012227964847281742,0.0009720050971904187,0.0009116945430731223,0.0008106743649266522,0.0004844947847422766,0.0029049583566497506,0.003021056173325546,0.004829367620942467,0.005104283230127141,0.001228324952188926,0.00017741354669504467,0.0003498012138803165,0.0007589078059759731,0.001070009747631025,0.0008925962009359786,0.001808311447616921,0.000616172827898373,0.0005990848375651385,0.0022199309794674656,0.0015067586770304425,0.0004709249100658848,0.0006905558446430385,0.0017912234572836881,0.0007875553191816903,0.00029351136337084013,0.0009916060272785396,0.0020751856495859547,0.0009860775598177877,0.0010564398729546332,0.002975320669786596,0.0006980946639076994,0.0006448203411040902,0.00194752831003768,0.0024430800297014603,0.0007895656709855994,0.0008141924805834949,0.0009554196948081631,0.00018897306956752735,0.0005226914690165639,0.0005056034786833294,0.0018103217994208318,0.001588680513039769,0.0013941789760114898,0.001169019573973586,0.0012760708075317852,0.001175050629385315,0.0005990848375651385,0.002010351803909863,0.0011137348993660642,0.0025637011379360513,0.001184599800453887,0.000616172827898373,0.0025863175957300377,0.00179273122113662,0.004165448937701235,0.002614965108935753,0.002368697012956795,0.0004814792570364129,0.000457857623340472,0.0006101417724866422,0.0004749456136737065,0.0011328332415032078,0.0021782161795363356,0.0006046133050258903,0.0013539719399332916,0.0019399894907730173,0.0037211611890371546,0.0020771960013898656,0.004100615092025141,0.0004407696330072375,0.0006277323507708557,0.00010102017814647007,0.0005342509918890466,0.0013368839496000588,0.0008141924805834949,0.0019304403197044455,0.0003643762644586629,0.001647985891255109,0.0030175380576687033,0.0013197959592668243,0.00043222563784062196,0.0022375215577516774,0.0008981246683967305,0.0019500412497925664,0.0006026029532219812,0.0019359687871651973,0.0011519315836403515,0.0003357287512529457,0.0006925661964469476,0.0026395919185336486,0.0016690945851961635,0.002973310317982687,0.0014514740024229207,0.00036236591265475376,0.0002593353827043711,0.000806653661318834,0.0006940739602998812,0.002214402512006714,0.0021359987916542283,0.0013238166628746443,0.00015278673709714918,0.0007171930060448431,0.0017243792598036854,0.0018022803922051918,0.0025003750561128912,0.0004980646594186684,0.0017872027536758681,0.0010840822102583941,0.0009147100707789877,0.0012625009328553934,0.0014399144795504398,0.0008011251938580821,0.002319443393761004,0.0032748630885691653,0.0019379791389691082,0.0033226089439120244,0.0016630635297844344,0.0010604605765624532,0.00021762058277324456,0.0012147550775125342,0.00042167129087009383,0.0009443627598866577,0.0013524641760803598,0.0028667616723754633,0.0020369889653116674,0.0020465381363802392,0.0019741654714394846,0.001184599800453887,0.00043875928120332836,0.0019033005703516619,0.0012197809570223088,0.00021359987916542283,0.0009157152466809423,0.001186610152257796,0.0001698747274303837,0.0016138099105886417,0.0005342509918890466,0.0003950341294682892,0.0015203285517068343,0.001024274244092075,0.0009096841912692132,0.0009137048948770331,0.000764938861387704,0.00034527792232151924,0.002264158719153482,0.0012931587978650197,0.0008508814010048486,0.002922046346982985,0.0027084464678175622,0.0015258570191675862,0.0022812467094867166,--,--,--
92,0.0018063010958130118,0.0005608881532908512,0.002256619899888821,0.0020465381363802392,0.001951046425694521,0.002666229079935455,0.0020334708496548264,0.0010946365572289205,0.0009996474344941796,0.0004292101101347548,0.0007865501432797323,0.000774488032456274,0.0007121671265350703,0.0005895356664965684,0.0009157152466809423,0.002614965108935753,0.0009689895694845532,0.001169019573973586,0.0017052809176665417,0.000980549092357036,0.0015680744070496935,0.0008584202202695113,0.002004823336449111,0.0010604605765624532,0.0015122871444911944,0.0019304403197044455,0.0003397494548607674,0.0011579626390520806,0.0011539419354442606,0.0008850573816713177,0.0037442802347821182,0.0019223989124888055,0.001127304774042456,0.002069657182125203,0.0009443627598866577,0.0019319480835573773,0.0005769709677221312,0.0003794539029879883,0.0006558772760255939,0.0009840672080138786,0.0007533793385152213,0.0007971044902502604,0.003391463493195938,0.0016992498622548109,0.0016535143587158626,0.0005282199364773157,0.0014459455349621689,0.0010931287933759887,0.0006046133050258903,0.004118205670309353,0.0010468907018860614,0.002977331021590507,0.001335376185747127,0.0022832570612906257,0.002981351725198325,0.004627327264649525,0.0013006976171296807,0.0018615857704205319,0.004213194793044094,0.0006523591603687512,0.0007684569770445467,0.0001030305299503792,0.0008508814010048486,0.0008222338877991349,0.0021932938180656593,0.00032215887657655734,0.0019208911486358737,0.004291598513396578,0.0015524941805693908,0.0004292101101347548,0.0007669492131916131,0.0011464031161795996,0.000715182654240934,0.00012413922389143545,0.0006940739602998812,0.0006568824519275485,0.000408101416193702,0.0032215887657655543,0.0014761008120208162,0.0012434025907182497,0.0009212437141416941,0.001180579096846067,0.0018605805945185773,0.0005427949870556621,0.0013102467881982525,0.0004613757389973147,0.0009498912273474096,0.0019128497414202337,0.001226314600385017,0.0009880879116216969,0.0022676768348103248,0.002967781850521935,0.002933605869855466,0.0013067286725414115,0.00028597254410617917,0.0009709999212884641,0.0008488710492009395,0.0007116645385840913,0.0009076738394653023,0.002331002916633485,0.0029451653927279487,0.0024832870657796567,0.001430365308481868,0.0005056034786833294,0.0010966469090328296,0.0025290225693186067,0.0023862875912410066,0.0004045833005368593,0.000665426447094164,0.002626524631808236,0.001281599274992537,0.0017816742862151163,0.0015449553613047298,0.0014951991541579598,0.0014193083735603625,0.0020887555242623465,0.000869979743141994,0.0019319480835573773,0.0013142674918060725,0.0013484434724725398,0.0004950491317128047,0.00033020028379219385,0.00030406571034136826,0.00019098342137143648,0.001735436194725189,0.0019796939389002365,0.0025290225693186067,0.0017278973754605263,0.003284412259637737,0.0012891380942571997,0.00185203659935196,0.0009433575839847032,0.00011911334438165916,6.98597251858682e-05,0.0014665516409522444,0.0019339584353612882,0.001735436194725189,0.00034527792232151924,0.0005035931268794203,0.00183846672467557,0.0026988972967489904,0.0014037281470800616,0.002576768424661466,0.0022887855287513775,0.0007609181577798822,0.0008604305720734222,0.001226314600385017,0.0006769859699666467,0.0008850573816713177,0.0017681044115387245,0.0012514439979338897,0.004541384725032379,0.0014097592024917907,0.0034673542737935353,0.0012207861329242634,0.0013821168651880298,0.002056087307448811,0.0007659440372896585,0.0011579626390520806,0.0003090915898511411,0.0007247318253095041,0.0012052059064439624,0.0011594704029050142,0.000831783058867705,0.0024415722658485284,0.0023782461840253667,0.0008353011745245477,0.0009383317044749286,0.0007342809963780776,0.002569229605396805,0.0004779611413795702,0.0014570024698836725,0.0010489010536899705,0.0007267421771134167,0.0012705423400710333,0.002580789128269286,0.0017756432308033854,0.002725534458150795,0.000980549092357036,0.0010338234151606469,0.0006855299651332622,0.00015932038045985558,0.0005206811172126548,0.000366386616262572,0.0008297727070637959,0.002212392160202803,0.003496001786999251,0.003219578413961645,0.0013811116892860752,0.0013655314628057743,0.0003774435511840757,0.0006005926014180721,0.000249786211635801,0.00038045907888994285,0.00042167129087009383,0.00043674892939941923,0.0002744130212336965,0.0015640537034418735,0.000964968865876735,0.002331002916633485,0.003793533853977911,0.0018118295632737636,0.0035532968134106818,0.0008870677334752268,0.0023707073647607057,0.0022239516830752856,0.0030401545154626897,0.0015524941805693908,0.0009745180369453068,0.0011006676126406496,0.002331002916633485,0.0018118295632737636,0.001951046425694521,0.0020465381363802392,0.003293961430706309,0.0025938564149947003,0.001647985891255109,0.0005533493340261902,0.0004292101101347548,0.0016268771973140563,0.0014876603348932989,0.0011785687450421578,0.002557670082524322,0.0017872027536758681,0.0022294801505360375,0.002248578492673181,0.001432375660285777,0.0010911184415720778,0.0014916810385011189,0.001180579096846067,0.0023440702033588993,0.0010529217572977905,0.00174699571759767,0.0009348135888180859,0.0020636261267134737,0.001652006594862929,0.00044830845227189844,0.0016173280262454844,0.0004442877486640802,0.0005739554400162675,0.0004789663172815248,0.002507913875377554,0.0010433725862292187,0.00047695596547761565,0.0023289925648295757,0.0031587652718933715,0.0008353011745245477,0.003967429285016113,0.0015218363155597662,0.0011026779644445605,0.002161128189203103,0.0013162778436099833,0.0037287000083018173,0.0003432675705176101,0.0008332908227206386,0.0011881179161107296,0.0007362913481819867,0.0002211386984300838,0.0040739779306233365,0.0022772260058788966,0.0035668666880870736,0.0011594704029050142,0.0026757782510040268,0.00018696271776361822,0.0012951691496689288,0.0010891080897681687,0.00012765733954827815,0.0010509114054938814,0.003339696934245259,0.0022847648251435593,0.00045182656792874115,0.001129315125846365,0.0024988672922599594,0.0010966469090328296,0.004371509997601995,0.0021400194952620483,0.000457857623340472,0.0008373115263284568,0.0008966169045437986,0.0007056334831723604,0.00043674892939941923,0.0012112369618556915,0.002557670082524322,0.0017816742862151163,0.00204854848818415,0.0001945015370282792,0.0003814642547918974,0.0012625009328553934,0.0006789963217705558,0.0003528167415861802,0.0003910134258604675,0.0007780061481131167,0.0014112669663447243,0.0006694471507019857,0.0009594403984159814,0.0026551721450139513,0.005867211739710932,0.004183039515985447,0.001808311447616921,0.002965771498718024,0.0002231490502339964,0.0018193683825384263,0.0019399894907730173,0.0020369889653116674,0.000715182654240934,0.0024335308586328885,0.0026054159378671813,0.0014841422192364562,0.0011368539451110278,0.0020239216785862546,0.0028592228531108023,0.0015087690288343517,0.0019399894907730173,0.0031049883611387816,0.001689700691186239,0.0021741954759285156,0.003866409106869643,0.0013770909856782552,0.002321453745564913,0.0013122571400021633,0.002612954757131844,0.0015278673709714953,0.002101822810987761,0.0011594704029050142,0.0006619083314373213,0.00041212211980152375,0.0003397494548607674,0.002935616221659377,0.001327334778531487,0.002626524631808236,0.0011730402775814042,0.0017183482043919545,0.0018274097897540646,0.0006905558446430385,0.0007418198156427386,0.0011026779644445605,0.0019741654714394846,0.00012112369618556829,0.0017087990333233827,0.0011061960801014015,0.0007227214735055949,0.0015067586770304425,0.0016881929273333072,0.002376738420172435,0.0036181306590867754,0.0011710299257774951,0.003383422085980298,0.0004789663172815248,0.0005438001629576167,0.0006428099893001776,0.0011082064319053123,0.0009564248707101177,0.0009061660756123704,0.0007764983842601832,0.0005322406400851375,0.0029984397155315597,0.0029411446891201287,0.004545405428640199,0.004932398150892846,0.0012052059064439624,0.00017439801898918098,0.0003281899319882847,0.0007322706445741685,0.0010378441187684669,0.0008373115263284568,0.0016957317465979699,0.0005588778014869421,0.0005799864954279949,0.0021932938180656593,0.0013981996796193098,0.0005015827750755111,0.0006046133050258903,0.0016173280262454844,0.0007383016999858959,0.0002764233730376056,0.0009614507502198923,0.0018063010958130118,0.0009916060272785396,0.0009614507502198923,0.0028516840338461396,0.0007192033578487522,0.0006066236568298029,0.0018158502668815836,0.0023842772394370975,0.0007342809963780776,0.000764938861387704,0.0009363213526710178,0.0001945015370282792,0.000524701820820473,0.00045031880407581104,0.0016630635297844344,0.0014876603348932989,0.0013409046532078788,0.001184599800453887,0.0012112369618556915,0.0011559522872481715,0.0005684269725555122,0.0018480158957441418,0.0011122271355131323,0.002600892646308384,0.0011328332415032078,0.0005759657918201766,0.0024873077693874767,0.0017108093851272935,0.003959890465751452,0.0025521416150635703,0.002359147841888223,0.0004613757389973147,0.0004327282257915975,0.0005814942592809284,0.0004327282257915975,0.0011197659547777933,0.0021264496205856565,0.0005608881532908512,0.0012052059064439624,0.0019264196160966255,0.0035246493002049663,0.0019741654714394846,0.003915662726065434,0.0004407696330072375,0.0006086340086337121,0.00012413922389143545,0.0005322406400851375,0.0013579926435411116,0.0008755082106027458,0.001804290744009101,0.00032416922838046647,0.0017087990333233827,0.002977331021590507,0.0012986872653257715,0.0004327282257915975,0.002138009143458139,0.0008222338877991349,0.001850026247548051,0.0006046133050258903,0.001743477601940829,0.0010986572608367405,0.0003281899319882847,0.0007513689867113121,0.002763731142425084,0.0016690945851961635,0.0028989273012380214,0.0013600029953450225,0.00037191508372332385,0.00026536643811610194,0.0007764983842601832,0.0006483384567609295,0.0019188807968319645,0.0019837146425080564,0.0013539719399332916,0.00015077638529324006,0.0007438301674466477,0.0016057685033730035,0.00174699571759767,0.0024053859333781503,0.0004844947847422766,0.0016746230526569154,0.0010604605765624532,0.0008704823310929713,0.0012132473136596024,0.0013449253568156988,0.0007860475553287567,0.0023134123383492747,0.0032215887657655543,0.0019073212739594819,0.003135646226148408,0.0016248668455101471,0.0009860775598177877,0.00021058435145955914,0.0011996774389832106,0.00038548495839971567,0.0008523891648577822,0.0013047183207375006,0.0026797989546118468,0.002115392685664153,0.00194350760642986,0.0019148600932241445,0.0010901132656701232,0.0004292101101347548,0.0017912234572836881,0.0011740454534833605,0.00024023704056722744,0.000861938335926354,0.0011212737186307251,0.00017540319489113554,0.0015107793806382625,0.0004885154883500983,0.00040056259692904106,0.001432375660285777,0.0009880879116216969,0.0008523891648577822,0.0008885754973281586,0.0007342809963780776,0.00035834520904693204,0.002056087307448811,0.0011921386197185479,0.0008468606973970304,0.0029104868241105024,0.002620493576396505,0.0015600329998340535,0.002351609022623562,--,--,--
93,0.0017243792598036854,0.000515152649751903,0.0020636261267134737,0.002006331100302043,0.0019741654714394846,0.0025747580728575567,0.0018997824546948192,0.0011041857282974923,0.0010147250730235032,0.0004442877486640802,0.0007704673288484558,0.0007513689867113121,0.0006980946639076994,0.0006086340086337121,0.000877518562406655,0.002477758598318905,0.0009076738394653023,0.0009307928852102659,0.0015715925227065344,0.001020253540484255,0.0015715925227065344,0.0008523891648577822,0.0019530567774984318,0.0010720200994349342,0.0014057384988839707,0.00189777210289091,0.0003126097055079838,0.0011122271355131323,0.0011212737186307251,0.0008584202202695113,0.0036754256854982063,0.0018847048161654955,0.001123284070434636,0.0019319480835573773,0.000980549092357036,0.0017796639344112054,0.0005397794593497984,0.00041664541136031755,0.000657887627829503,0.000919233362337785,0.0007171930060448431,0.0007096541867801821,0.0032693346211084134,0.001636426368382628,0.001546965713108639,0.0005322406400851375,0.0013620133471489316,0.0010946365572289205,0.0006141624760944639,0.003654316991557152,0.0010187457766313232,0.003023066525129455,0.0012454129425221606,0.0022430500252124293,0.0029069687084536614,0.004486100050424857,0.0012705423400710333,0.0018022803922051918,0.004041812301760778,0.0006704523266039403,0.0007192033578487522,0.00011257970101895276,0.0008202235359952258,0.0008141924805834949,0.0021440401988698683,0.0003281899319882847,0.0018233890861462446,0.00425340182912229,0.0015298777227754062,0.0004442877486640802,0.0007780061481131167,0.0011102167837092215,0.0007036231313684513,0.00010705123355820093,0.0006714575025058948,0.0006588928037314576,0.0003774435511840757,0.003042164867266599,0.0013027079689335915,0.0011519315836403515,0.0008297727070637959,0.001070009747631025,0.0018138399150776727,0.0005417898111537076,0.0012434025907182497,0.00044227739686017106,0.0009172230105338741,0.0018766634089498573,0.0011921386197185479,0.0009478808755435005,0.0022199309794674656,0.002984869840855168,0.002769259609885836,0.0013197959592668243,0.0002593353827043711,0.0009116945430731223,0.000823741651652065,0.0007096541867801821,0.0008564098684656022,0.0021284599723895674,0.002931595518051557,0.002418453220103565,0.0013695521664135943,0.00044830845227189844,0.0010755382150917769,0.002477758598318905,0.0021802265313402465,0.0003794539029879883,0.0006407996374962685,0.002452629200770032,0.001278081159335696,0.0016746230526569154,0.001478111163824727,0.0015258570191675862,0.0013409046532078788,0.001960595596763093,0.0007684569770445467,0.0017756432308033854,0.0012836096267964479,0.0012795889231886279,0.0004789663172815248,0.0003015527705864801,0.00028396219230227004,0.00019249118522437006,0.0015680744070496935,0.001895761751087001,0.0024546395525739412,0.0016595454141275917,0.0032653139175005935,0.0013142674918060725,0.00175101642120549,0.0009338084129161314,0.00011358487692090732,6.98597251858682e-05,0.001384629804942918,0.0018635961222244427,0.0015715925227065344,0.00035482709339008933,0.000457857623340472,0.0017168404405390227,0.002763731142425084,0.0014343860120896862,0.002406893697231082,0.0021259470326346792,0.0006749756181627375,0.0007770009722111622,0.0011614807547089233,0.0006448203411040902,0.0009001350202006413,0.0016193383780493936,0.0012665216364632133,0.004535856257571627,0.0012795889231886279,0.003288432963245557,0.001180579096846067,0.0013102467881982525,0.0019379791389691082,0.0007322706445741685,0.001127304774042456,0.00026536643811610194,0.0007171930060448431,0.001169019573973586,0.001281599274992537,0.000873497858798835,0.0022847648251435593,0.0023782461840253667,0.000831783058867705,0.0009393368803768832,0.0007131723024370248,0.0024757482465149958,0.0004608731510463357,0.0014459455349621689,0.001024274244092075,0.0007131723024370248,0.0012876303304042679,0.002535053624730336,0.001634416016578719,0.002559680434328233,0.0010051759019549314,0.0010031655501510223,0.0006533643362707058,0.00016886955152842914,0.0004950491317128047,0.0003357287512529457,0.0007342809963780776,0.002200832637330322,0.003143185045413069,0.003181381729687358,0.0013655314628057743,0.0013368839496000588,0.0003377391030568583,0.0005739554400162675,0.00025732503090046197,0.00040357812463490475,0.00040709624029174746,0.0003890030740565584,0.0002708949055768538,0.0013655314628057743,0.0008126847167305613,0.002200832637330322,0.003708093902311742,0.0017796639344112054,0.003289940727098489,0.000831783058867705,0.002168667008467764,0.0021189108013209956,0.0028154977013757614,0.001428354956677957,0.0009539119309552296,0.0010850873861603487,0.0023420598515549902,0.0017374465465290981,0.0019223989124888055,0.0020274397942430956,0.0031547445682855516,0.002406893697231082,0.0015565148841772108,0.0005417898111537076,0.00042719975833084567,0.001539426893843978,0.0014037281470800616,0.0010413622344253096,0.002715985287082223,0.0017490060694015808,0.0023501012587706285,0.0021877653506049075,0.0013675418146096834,0.0010489010536899705,0.0013811116892860752,0.0010946365572289205,0.002294313996212131,0.0010378441187684669,0.0016595454141275917,0.0008393218781323694,0.0020410096689194874,0.0016022503877161608,0.00042167129087009383,0.0016022503877161608,0.0004824844329383675,0.0005367639316439347,0.00046338609080122384,0.0023405520877020566,0.0009996474344941796,0.0004960543076147593,0.0022430500252124293,0.0032004800718245015,0.0007131723024370248,0.003591493497684969,0.001443935183158258,0.0010986572608367405,0.002159117837399192,0.0012836096267964479,0.003490473319538499,0.00031864076091971463,0.0007935863745934177,0.001127304774042456,0.0007362913481819867,0.0002211386984300838,0.0041352936606425875,0.0021093616302524237,0.0035286700038127863,0.0011559522872481715,0.002622503928200416,0.00016786437562647458,0.0011941489715224587,0.0010413622344253096,0.00012564698774436556,0.0010433725862292187,0.003280391556029917,0.002115392685664153,0.0004045833005368593,0.0011082064319053123,0.0024797689501228157,0.0011157452511699733,0.004276520874867254,0.0021741954759285156,0.0004407696330072375,0.0008297727070637959,0.0007875553191816903,0.0006830170253783775,0.00042719975833084567,0.001216765429316445,0.002507913875377554,0.0018369589608226364,0.0019495386618415891,0.00022716975384181465,0.00034728827412542837,0.0012911484460611088,0.0006749756181627375,0.0003950341294682892,0.000373925435527233,0.0007935863745934177,0.0013579926435411116,0.0006865351410352168,0.0009709999212884641,0.002468209427250333,0.005531482988457986,0.004144842831711159,0.0017756432308033854,0.002834093455561928,0.00019952741653805547,0.0017278973754605263,0.0019319480835573773,0.0021324806759973874,0.0007227214735055949,0.0023249718612217557,0.002477758598318905,0.001546965713108639,0.0010720200994349342,0.0019626059485670037,0.002786850188170046,0.0014494636506190116,0.0018329382572148164,0.0028667616723754633,0.0015142974962951035,0.00209026328811528,0.0037804665672524964,0.0013162778436099833,0.002256619899888821,0.0013006976171296807,0.002555659730720413,0.0014801215156286362,0.0019817042907041473,0.0011760558052872697,0.0006428099893001776,0.0003759357873311456,0.0003126097055079838,0.002771269961689745,0.0012303353039928352,0.0025446027957989076,0.0010835796223074168,0.001640447071990448,0.0017319180790683463,0.0007036231313684513,0.000707643834976273,0.0010338234151606469,0.0018369589608226364,0.00012564698774436556,0.0015695821709026253,0.0010604605765624532,0.0006789963217705558,0.0014077488506878816,0.0016138099105886417,0.002420463571907474,0.00350203284241098,0.0012092266100517824,0.003126097055079836,0.00048650513654618574,0.000524701820820473,0.0006141624760944639,0.0010071862537588405,0.0009458705237395913,0.0009116945430731223,0.0007192033578487522,0.0005608881532908512,0.003085890019001638,0.0028878703663165178,0.004284059694131917,0.004798709755932841,0.001180579096846067,0.00017238766718527185,0.00031009676575309564,0.000707643834976273,0.0010107043694156832,0.0007875553191816903,0.0015962193323044317,0.00048650513654618574,0.0005417898111537076,0.002164646304859944,0.0012986872653257715,0.000524701820820473,0.0005186707654087457,0.0014745930481678843,0.0007001050157116086,0.00026536643811610194,0.0009383317044749286,0.0015715925227065344,0.0009820568562099678,0.0008332908227206386,0.0027466431520918495,0.0007247318253095041,0.0005739554400162675,0.001682161871921578,0.002361158193692134,0.0006865351410352168,0.0007141774783389794,0.0009242592418475595,0.00020003000448903102,0.0005131422979479938,0.00039654189332121934,0.0015374165420400671,0.0013921686242075806,0.0012891380942571997,0.0011996774389832106,0.0011539419354442606,0.0011443927643756888,0.0005417898111537076,0.0017072912694704508,0.0011157452511699733,0.002642607446239514,0.0010679993958271142,0.0005226914690165639,0.0023877953550939385,0.0016022503877161608,0.003809114080458212,0.002507913875377554,0.0023420598515549902,0.0004462981004679893,0.00041413247160543287,0.0005608881532908512,0.0004025729487329502,0.0011061960801014015,0.0020751856495859547,0.0005111319461440812,0.0010564398729546332,0.0019264196160966255,0.0033663340956470653,0.0018847048161654955,0.003755337169703622,0.00043674892939941923,0.0006026029532219812,0.0001447453298815092,0.0005302302882812249,0.0013791013374821661,0.0009212437141416941,0.0016957317465979699,0.0002668742019690355,0.0017545345368623327,0.0029718025541297533,0.0012911484460611088,0.0004397644571052829,0.002052066603840993,0.0007609181577798822,0.00174699571759767,0.0006121521242905548,0.0015660640552457826,0.0010549321091016996,0.00032215887657655734,0.0007991148420541695,0.002881839310904787,0.0016630635297844344,0.0028436426266304996,0.0012795889231886279,0.000373925435527233,0.0002729052573807629,0.0007478508710544694,0.0006141624760944639,0.001652006594862929,0.0018289175536069981,0.0013675418146096834,0.0001467556816854218,0.0007478508710544694,0.0014705723445600644,0.0017087990333233827,0.0023325106804864184,0.0004709249100658848,0.0015776235781182653,0.0010318130633567377,0.0008287675311618413,0.001169019573973586,0.0012529517617868215,0.0007362913481819867,0.0023023554034277693,0.0032004800718245015,0.0018997824546948192,0.0029622533830611815,0.0015831520455790171,0.0009287825334063568,0.000208071411704671,0.0011881179161107296,0.00035482709339008933,0.0007724776806523649,0.0012609931690024615,0.0025043957597207112,0.0021837446469970875,0.0018615857704205319,0.0018671142378812854,0.0010137198971215487,0.00042368164267400296,0.0017032705658626308,0.0011358487692090732,0.00026888455377294465,0.0008222338877991349,0.0010529217572977905,0.00017188507923429283,0.0014017177952761525,0.00045182656792874115,0.00039654189332121934,0.0013559822917372025,0.0009574300466120723,0.0008031355456619912,0.000861938335926354,0.0007116645385840913,0.0003699047319194147,0.0018646012981263973,0.0011041857282974923,0.0008141924805834949,0.002823036520640424,0.002555659730720413,0.0015680744070496935,0.002418453220103565,--,--,--
94,0.0017052809176665417,0.0005131422979479938,0.0019761758232433955,0.002004823336449111,0.0020178906231745238,0.002580789128269286,0.00183846672467557,0.0011579626390520806,0.001077548566895686,0.0004462981004679893,0.0007875553191816903,0.0007227214735055949,0.0006759807940646921,0.0006332608182316075,0.000865959039534174,0.0024053859333781503,0.0008850573816713177,0.0007287525289173258,0.0015142974962951035,0.0010167354248274123,0.0016153176744415753,0.000861938335926354,0.0019399894907730173,0.0010911184415720778,0.0013675418146096834,0.0019128497414202337,0.0003111019416550502,0.001134843593307117,0.0011423824125717796,0.0008564098684656022,0.0037251818926449746,0.0018826944643615864,0.0011559522872481715,0.0018786737607537664,0.0010489010536899705,0.0017339284308722572,0.0005186707654087457,0.0004538369197326503,0.0006845247892313076,0.0009212437141416941,0.0007267421771134167,0.0006141624760944639,0.003272852736765256,0.0016670842333922527,0.0015258570191675862,0.000566416620751603,0.0013177856074629152,0.0011177556029738842,0.0006407996374962685,0.003423629122058496,0.0010262845958959842,0.003229127585030217,0.0012303353039928352,0.002264158719153482,0.002943155040924038,0.004516757915434483,0.0012971795014728397,0.0018233890861462446,0.003990045742810099,0.0006970894880057449,0.0007021153675155212,0.00012765733954827815,0.000823741651652065,0.0008448503455931195,0.002168667008467764,0.0003432675705176101,0.00180077262835226,0.004379048816866658,0.0015333958384322471,0.00046338609080122384,0.0007935863745934177,0.0011041857282974923,0.0007021153675155212,0.00010102017814647007,0.0006830170253783775,0.0007116645385840913,0.0003377391030568583,0.0029828594890512587,0.0011579626390520806,0.0011594704029050142,0.0007991148420541695,0.0009725076851413959,0.0018530417752539163,0.000533245815987092,0.001224304248581106,0.00042167129087009383,0.0009137048948770331,0.0019244092642927164,0.0011539419354442606,0.0009348135888180859,0.0022219413312713748,0.003072822732276225,0.0027828294845622277,0.0013524641760803598,0.00024023704056722744,0.0008981246683967305,0.0008604305720734222,0.0007192033578487522,0.0008468606973970304,0.00204854848818415,0.0029828594890512587,0.0024873077693874767,0.001335376185747127,0.0004538369197326503,0.0010549321091016996,0.0024948465886521394,0.0021133823338602437,0.0003814642547918974,0.0006387892856923594,0.0023385417358981475,0.0013047183207375006,0.001634416016578719,0.0014685619927561552,0.0015183181999029235,0.0013177856074629152,0.001955067129302341,0.0007574000421230395,0.0017565448886662418,0.0012685319882671225,0.0012514439979338897,0.0004920336040069376,0.0002975320669786584,0.00028597254410617917,0.00020606105990076187,0.0015298777227754062,0.0018158502668815836,0.0024717275429071758,0.0016786437562647354,0.0033608056281863117,0.0013579926435411116,0.0016746230526569154,0.0009539119309552296,0.00010956417331308907,7.237266494075634e-05,0.0013770909856782552,0.0019033005703516619,0.0015067586770304425,0.0003528167415861802,0.0004327282257915975,0.0017032705658626308,0.0029124971759144132,0.0014801215156286362,0.002355629726231382,0.002072170121880091,0.0006312504664276984,0.0007362913481819867,0.001138864296914937,0.0006448203411040902,0.000923254065945605,0.0015736028745104453,0.0012549621135907324,0.0046484359585905796,0.0012514439979338897,0.003231137936834126,0.0011881179161107296,0.0012836096267964479,0.0019223989124888055,0.000733275820476123,0.0011368539451110278,0.00025380691524361926,0.0007131723024370248,0.0011559522872481715,0.001437904127746529,0.0009287825334063568,0.0022887855287513775,0.0024415722658485284,0.0008584202202695113,0.0009604455743179377,0.0007212137096526648,0.0024511214369171003,0.00046991973416393024,0.0014876603348932989,0.001022263892288166,0.0006940739602998812,0.0012911484460611088,0.0025481209114557504,0.0016575350623236808,0.0024873077693874767,0.0010338234151606469,0.0009936163790824504,0.0006493436326628875,0.0001814342503028664,0.0004985672473696474,0.00033020028379219385,0.0006980946639076994,0.002204853340938142,0.0029486835083847914,0.003219578413961645,0.0013635211110018652,0.0013464331206686306,0.00034728827412542837,0.0005759657918201766,0.0002729052573807629,0.0004327282257915975,0.0004146350595564084,0.00037191508372332385,0.0002708949055768538,0.001224304248581106,0.0006257219989669466,0.0021264496205856565,0.003801575261193549,0.0017625759440779726,0.003135646226148408,0.0007935863745934177,0.0020254294424391864,0.0021093616302524237,0.0027044257642097422,0.0014037281470800616,0.0009709999212884641,0.0011137348993660642,0.002353619374427471,0.0016861825755293963,0.00190179280649873,0.0020369889653116674,0.003131625522540588,0.002294313996212131,0.0014916810385011189,0.0005493286304183685,0.0004327282257915975,0.0014876603348932989,0.0013655314628057743,0.0010147250730235032,0.0029084764723065933,0.0018178606186854927,0.0024832870657796567,0.0021877653506049075,0.0013524641760803598,0.001022263892288166,0.0013238166628746443,0.0010509114054938814,0.0023249718612217557,0.001035833766964556,0.0016173280262454844,0.0007895656709855994,0.0020143725075176828,0.0015600329998340535,0.00041212211980152375,0.001640447071990448,0.0004980646594186684,0.0005091215943401721,0.0004729352618697939,0.002262148367349573,0.001022263892288166,0.0005226914690165639,0.0022832570612906257,0.0033226089439120244,0.0006448203411040902,0.0034201110064016535,0.0014097592024917907,0.001138864296914937,0.002208874044545962,0.0013067286725414115,0.0033542719848236053,0.00031763558501776007,0.0007865501432797323,0.0011368539451110278,0.0007267421771134167,0.00023269822130256648,0.004203645621975522,0.0020636261267134737,0.003597021965145721,0.001182589448649976,0.0026873377738765077,0.00016233590816572274,0.0011519315836403515,0.0010262845958959842,0.00012765733954827815,0.0010413622344253096,0.0033205985921081153,0.002099812459183852,0.00033371839944903656,0.0010755382150917769,0.002555659730720413,0.001180579096846067,0.004238324190592967,0.0022887855287513775,0.00044830845227189844,0.0008373115263284568,0.0007342809963780776,0.0006940739602998812,0.0004327282257915975,0.0012494336461299788,0.0024893181211913876,0.0018766634089498573,0.0019721551196355755,0.0002633560863121928,0.00035482709339008933,0.0013715625182175034,0.0006905558446430385,0.00043473857759550663,0.00037191508372332385,0.0008353011745245477,0.001342915005011788,0.0007192033578487522,0.0009212437141416941,0.002372717716564615,0.005439509393429109,0.004241842306249809,0.0017796639344112054,0.0027999174748954605,0.00017942389849895726,0.001652006594862929,0.0019379791389691082,0.0022410396734085184,0.0007287525289173258,0.0023440702033588993,0.002412924752642813,0.0016595454141275917,0.0010338234151606469,0.001995274165380539,0.0027486535038957587,0.0013992048555212643,0.0017545345368623327,0.002765741494228993,0.0014268471928250252,0.002115392685664153,0.0038241917189875355,0.0012795889231886279,0.002206863692742051,0.0012514439979338897,0.002603405586063272,0.0014665516409522444,0.0019113419775673018,0.001224304248581106,0.000665426447094164,0.00036236591265475376,0.000299542418782571,0.002735083629219367,0.001180579096846067,0.0025270122175146976,0.001081569270503506,0.001682161871921578,0.0017168404405390227,0.0007383016999858959,0.0007212137096526648,0.0009976370826902687,0.0017490060694015808,0.00014022203832271193,0.0015067586770304425,0.0010489010536899705,0.0006749756181627375,0.0013791013374821661,0.0015640537034418735,0.0025330432729264267,0.0035246493002049663,0.0012338534196496779,0.0030079888866001315,0.000499572423271602,0.0005302302882812249,0.0006101417724866422,0.0009860775598177877,0.0009709999212884641,0.0009725076851413959,0.0006372815218394258,0.0005533493340261902,0.0032175680621577343,0.002933605869855466,0.004148360947368,0.004821828801677804,0.0011710299257774951,0.00017238766718527185,0.0003116045296060292,0.0006940739602998812,0.0010071862537588405,0.0007780061481131167,0.0015866701612358598,0.0004176505872622756,0.00048047408113445836,0.0021917860542127274,0.0012609931690024615,0.0005322406400851375,0.0004538369197326503,0.0014228264892172052,0.0006940739602998812,0.0002729052573807629,0.0009574300466120723,0.0014725826963639735,0.0009634611020238014,0.0007096541867801821,0.002773280313493656,0.0007056334831723604,0.000566416620751603,0.0015811416937751063,0.0024852974175835676,0.0006694471507019857,0.0006759807940646921,0.0009348135888180859,0.00020957917555760458,0.000499572423271602,0.0003759357873311456,0.0015012302095696907,0.0013655314628057743,0.0012569724653946415,0.0012147550775125342,0.0011328332415032078,0.0011710299257774951,0.0005417898111537076,0.0016499962430590199,0.0011614807547089233,0.002729555161758615,0.0010147250730235032,0.00046338609080122384,0.002363168545496043,0.0015032405613735998,0.0038699272225264855,0.002557670082524322,0.0023249718612217557,0.0004513239799777656,0.00041212211980152375,0.000566416620751603,0.0004176505872622756,0.0011197659547777933,0.002054076955644902,0.00048650513654618574,0.0009539119309552296,0.002006331100302043,0.0033949816088527807,0.0018595754186166227,0.003680954152958958,0.00042518940652693654,0.0006312504664276984,0.00016032555636181015,0.0005513389822222811,0.0014208161374132961,0.0009458705237395913,0.0016670842333922527,0.00019249118522437006,0.00179273122113662,0.0030748330840801343,0.0013238166628746443,0.000457857623340472,0.0020254294424391864,0.0007553896903191304,0.001668089409294209,0.0006332608182316075,0.0014821318674325453,0.0010679993958271142,0.0003528167415861802,0.000816202832387404,0.0030019578311884024,0.0016670842333922527,0.0028707823759832832,0.0012454129425221606,0.00035834520904693204,0.00028597254410617917,0.0007362913481819867,0.000623711647163034,0.0015107793806382625,0.0017339284308722572,0.0013921686242075806,0.0001412272142246665,0.0007192033578487522,0.0013409046532078788,0.0017243792598036854,0.0023707073647607057,0.00046539644260513297,0.0015504838287654817,0.0010212587163862096,0.0008051458974659004,0.0011634911065128324,0.0011921386197185479,0.0006141624760944639,0.0023229615094178466,0.0033055209535787916,0.0019761758232433955,0.002872290139836215,0.0015640537034418735,0.0009423524080827486,0.0002211386984300838,0.0011911334438165933,0.00034527792232151924,0.0007418198156427386,0.0012569724653946415,0.002418453220103565,0.0022470707288202493,0.0018786737607537664,0.0018847048161654955,0.0010071862537588405,0.00042518940652693654,0.0017128197369312027,0.0011197659547777933,0.00029200359951790655,0.0008373115263284568,0.0009936163790824504,0.00015077638529324006,0.0013238166628746443,0.00044830845227189844,0.00039654189332121934,0.0013635211110018652,0.0009328032370141768,0.0007991148420541695,0.0008488710492009395,0.0007227214735055949,0.00038699272225264925,0.0017555397127642872,0.001065989044023205,0.0007553896903191304,0.0026395919185336486,0.0026360738028768076,0.0015449553613047298,0.002477758598318905,--,--,--
95,0.0017032705658626308,0.0005091215943401721,0.0018711349414891037,0.001955067129302341,0.0020731752977820456,0.002561690786132142,0.00179675192474444,0.0012036981425910306,0.0011484134679835088,0.00045986797514438113,0.0007734828565543195,0.0007021153675155212,0.0006121521242905548,0.0006387892856923594,0.0008488710492009395,0.0022963243480160402,0.000861938335926354,0.0006980946639076994,0.0015278673709714953,0.0010870977379642578,0.001592701216647589,0.0008584202202695113,0.0018671142378812854,0.0011041857282974923,0.0013258270146785552,0.0018766634089498573,0.00031663040911580204,0.001169019573973586,0.0011559522872481715,0.0009252644177495141,0.0037251818926449746,0.0019414972546259492,0.0011996774389832106,0.001808311447616921,0.0010644812801702715,0.0016595454141275917,0.0005025879509774657,0.00048348960884032205,0.0007056334831723604,0.0009403420562788378,0.0007478508710544694,0.0006101417724866422,0.003375883266715637,0.0017052809176665417,0.0014876603348932989,0.0006101417724866422,0.0013082364363943434,0.0011026779644445605,0.0006694471507019857,0.003194951604363748,0.0010393518826213987,0.003377893618519546,0.001224304248581106,0.0023325106804864184,0.002927574814443737,0.004527814850355987,0.001338894301403968,0.0018233890861462446,0.003904103203192953,0.0006940739602998812,0.0006925661964469476,0.00015077638529324006,0.0008508814010048486,0.0008795289142105658,0.002210381808398894,0.00035834520904693204,0.0017851924018719573,0.004467001708287713,0.0015524941805693908,0.0004694171462129547,0.0007895656709855994,0.0010891080897681687,0.0006769859699666467,9.900982634256095e-05,0.0006845247892313076,0.0007925811986914631,0.00034879603797836195,0.002927574814443737,0.0011484134679835088,0.001228324952188926,0.000823741651652065,0.0009212437141416941,0.00186811941378324,0.0005292251123792703,0.0012072162582478733,0.0003890030740565584,0.0008850573816713177,0.001987232758164899,0.0011559522872481715,0.0009669792176806441,0.002269687186614234,0.003126097055079836,0.0028094666459640323,0.0013368839496000588,0.00023068786949865736,0.0008870677334752268,0.0009383317044749286,0.000707643834976273,0.0008222338877991349,0.0019495386618415891,0.0029828594890512587,0.002521483750053944,0.0014112669663447243,0.0004729352618697939,0.0010835796223074168,0.0024430800297014603,0.0020465381363802392,0.00041011176799761115,0.0006277323507708557,0.0021917860542127274,0.001327334778531487,0.0015851623973829262,0.0014343860120896862,0.0015333958384322471,0.0013122571400021633,0.0018847048161654955,0.0007227214735055949,0.0017087990333233827,0.0012665216364632133,0.0011941489715224587,0.0005141474738499484,0.00029351136337084013,0.00029552171517474926,0.00023269822130256648,0.0015012302095696907,0.0017585552404701527,0.0025290225693186067,0.001682161871921578,0.0033738729149117262,0.0013539719399332916,0.0016329082527257854,0.000923254065945605,0.00010956417331308907,7.639336854857459e-05,0.001331355482139307,0.0019414972546259492,0.0014992198577657798,0.0003261795801843756,0.0005166604136048365,0.0017223689079997745,0.002939134337316218,0.0015238466673636753,0.002353619374427471,0.0019997974569393364,0.0006101417724866422,0.000707643834976273,0.0011026779644445605,0.0006407996374962685,0.0009478808755435005,0.0015600329998340535,0.0013162778436099833,0.004680601587453136,0.0013082364363943434,0.003177863614030515,0.001169019573973586,0.001251946585884867,0.0019128497414202337,0.0007161878301428885,0.0011403720607678688,0.00025380691524361926,0.0007574000421230395,0.0011941489715224587,0.0015715925227065344,0.0009539119309552296,0.0022887855287513775,0.0025270122175146976,0.000865959039534174,0.0009508964032493659,0.0007212137096526648,0.0024259920393682258,0.0004709249100658848,0.0014841422192364562,0.001012714721219594,0.0007116645385840913,0.0013368839496000588,0.002576768424661466,0.001743477601940829,0.002477758598318905,0.0010509114054938814,0.000964968865876735,0.0006568824519275485,0.00018696271776361822,0.0005186707654087457,0.0003281899319882847,0.0006830170253783775,0.002273707890222054,0.0028496736820422305,0.003225106881422397,0.0013791013374821661,0.0013675418146096834,0.0003759357873311456,0.0005684269725555122,0.00028597254410617917,0.00045986797514438113,0.0004176505872622756,0.00036236591265475376,0.00029351136337084013,0.0011770609811892242,0.0005910434303494985,0.0021209211531249047,0.0037764458636446764,0.0017203585561958654,0.0029602430312572724,0.0007589078059759731,0.0019168704450280537,0.00204452778457633,0.002620493576396505,0.0013695521664135943,0.0009725076851413959,0.0011941489715224587,0.002477758598318905,0.0016801515201176672,0.0018766634089498573,0.002012362155713772,0.003038646751609756,0.0021897757024088183,0.0014268471928250252,0.0005342509918890466,0.00042167129087009383,0.0014570024698836725,0.0013504538242764506,0.0009996474344941796,0.0031165478840112643,0.0018656064740283518,0.002610944405327933,0.002163138541007012,0.0013464331206686306,0.0009614507502198923,0.0012705423400710333,0.0009996474344941796,0.0022928062323591975,0.0010624709283663623,0.0015831520455790171,0.0008051458974659004,0.002052066603840993,0.001636426368382628,0.0004442877486640802,0.0016670842333922527,0.0004940439558108502,0.00046640161850708753,0.0005045983027813748,0.0021857549988009983,0.001028294947699895,0.000556867449683033,0.0023289925648295757,0.0033949816088527807,0.0006257219989669466,0.003288432963245557,0.0013449253568156988,0.0011941489715224587,0.002157107485595283,0.0013162778436099833,0.0032004800718245015,0.00032215887657655734,0.0008001200179561241,0.0011579626390520806,0.0007227214735055949,0.00025179656343971013,0.00429511662905342,0.0020942839917230983,0.0036065711362142927,0.0011901282679146388,0.0027124671714253822,0.00016786437562647458,0.0011252944222385451,0.0009900982634256077,0.00013519615881293912,0.0009956267308863596,0.0034181006545977426,0.0021359987916542283,0.00034527792232151924,0.0010911184415720778,0.0025787787764653767,0.001232345655796746,0.004119713434162285,0.002357640078035291,0.0004709249100658848,0.0008297727070637959,0.0007021153675155212,0.0007212137096526648,0.0004694171462129547,0.0013122571400021633,0.0025481209114557504,0.0019359687871651973,0.0019837146425080564,0.00031663040911580204,0.000373925435527233,0.0014002100314232189,0.0006865351410352168,0.0004558472715365629,0.00037191508372332385,0.0008714875069949259,0.0013238166628746443,0.0007574000421230395,0.0009519015791513204,0.002315422690153184,0.005401815297105799,0.004217215496651914,0.0017374465465290981,0.002713974935278314,0.00018193683825384194,0.0015600329998340535,0.0019093316257633927,0.002294313996212131,0.0007342809963780776,0.002403375581574241,0.002418453220103565,0.0017816742862151163,0.0010071862537588405,0.001995274165380539,0.002620493576396505,0.0013162778436099833,0.001652006594862929,0.0026838196582196668,0.001384629804942918,0.00209026328811528,0.0037764458636446764,0.0013027079689335915,0.002258127663741753,0.0012434025907182497,0.0026416022703375595,0.001432375660285777,0.00183846672467557,0.001263506108757348,0.0006674367988980731,0.00037191508372332385,0.0003050708862433228,0.0026893481256804186,0.0011730402775814042,0.0025541519668674795,0.0011252944222385451,0.0017278973754605263,0.00175101642120549,0.0007533793385152213,0.0007056334831723604,0.0009709999212884641,0.001689700691186239,0.0001563048527539919,0.0014132773181486334,0.001077548566895686,0.0006885454928391294,0.001388650508550738,0.00160024003591225,0.0025863175957300377,0.0035246493002049663,0.0011956567353753906,0.002926067050590805,0.0005005775991735566,0.0005453079268105503,0.0005970744857612294,0.0009936163790824504,0.000998642258592225,0.0010433725862292187,0.0006181831797022821,0.0005970744857612294,0.003289940727098489,0.0029411446891201287,0.003994066446417919,0.0047434250813253205,0.0011539419354442606,0.00018042907440091183,0.00032065111272362376,0.0006749756181627375,0.001022263892288166,0.0007669492131916131,0.0015851623973829262,0.0004176505872622756,0.0004844947847422766,0.0022335008541438574,0.0012494336461299788,0.0005453079268105503,0.0004196609390661847,0.001338894301403968,0.000673467854309804,0.00026536643811610194,0.0009765283887492159,0.0014002100314232189,0.0009996474344941796,0.0007629285095837914,0.0028592228531108023,0.0007513689867113121,0.0005835046110848376,0.0015087690288343517,0.0025978771186025203,0.0006407996374962685,0.0006558772760255939,0.0009222488900436504,0.00022867751769474823,0.0005357587557419802,0.0004045833005368593,0.001485649983089388,0.0014017177952761525,0.0012147550775125342,0.0012036981425910306,0.0011252944222385451,0.0011770609811892242,0.0005473182786144594,0.001594711568451498,0.0012227964847281742,0.0027838346604641823,0.0010298027115528269,0.0004824844329383675,0.002414935104446722,0.0015278673709714953,0.0038679168707225747,0.002618985812543573,0.00230034505162386,0.0004613757389973147,0.0004045833005368593,0.0005724476761633339,0.00044830845227189844,0.001127304774042456,0.002050558839988059,0.0005035931268794203,0.0009041557238084613,0.0020847348206545265,0.0034371989967348863,0.0018289175536069981,0.0035402295266852672,0.00041212211980152375,0.0006543695121726603,0.0001829420141557965,0.0006066236568298029,0.0014554947060307407,0.0009669792176806441,0.0016630635297844344,0.00019249118522437006,0.001895761751087001,0.0031145375322073534,0.001327334778531487,0.000457857623340472,0.0019796939389002365,0.0007438301674466477,0.0016213487298533044,0.0006312504664276984,0.001428354956677957,0.0010986572608367405,0.000408101416193702,0.0008106743649266522,0.003030605344394118,0.0016992498622548109,0.002868772024179374,0.0012016877907871197,0.0003643762644586629,0.0003111019416550502,0.0007171930060448431,0.0006292401146237858,0.001390660860354647,0.0017278973754605263,0.0015203285517068343,0.0001447453298815092,0.0007629285095837914,0.0012951691496689288,0.0017072912694704508,0.0024335308586328885,0.0004694171462129547,0.0015333958384322471,0.0010413622344253096,0.0007790113240150713,0.0011484134679835088,0.001138864296914937,0.0005302302882812249,0.002353619374427471,0.00335125645711774,0.0020369889653116674,0.0027923786556307995,0.0015600329998340535,0.0009634611020238014,0.00023571374900843017,0.001169019573973586,0.0003508063897822711,0.0007342809963780776,0.0012494336461299788,0.0023707073647607057,0.002307883870888521,0.0018902332836262473,0.0019148600932241445,0.0010011551983471114,0.00042368164267400296,0.0017299077272644372,0.0010891080897681687,0.0003111019416550502,0.0008508814010048486,0.0009574300466120723,0.0001563048527539919,0.0013006976171296807,0.0004442877486640802,0.0004292101101347548,0.0014268471928250252,0.0008523891648577822,0.000816202832387404,0.0008488710492009395,0.0007247318253095041,0.0004060910643897929,0.0016736178767549608,0.001024274244092075,0.000774488032456274,0.0026893481256804186,0.0027426224484840295,0.0015866701612358598,0.0025003750561128912,--,--,--
96,0.0016575350623236808,0.0004674067944090421,0.0016630635297844344,0.0018289175536069981,0.002069657182125203,0.002403375581574241,0.0016459755394512,0.0011539419354442606,0.0011423824125717796,0.0004789663172815248,0.0007181981819467977,0.0006830170253783775,0.0005357587557419802,0.0006217012953591249,0.0007840372035248476,0.0020807141170467083,0.0008202235359952258,0.0006257219989669466,0.0014725826963639735,0.0011484134679835088,0.0015032405613735998,0.0008373115263284568,0.0016881929273333072,0.0010870977379642578,0.0012072162582478733,0.001743477601940829,0.0002975320669786584,0.0011559522872481715,0.0011061960801014015,0.0009554196948081631,0.0035402295266852672,0.0018731452932930145,0.0011881179161107296,0.001636426368382628,0.001020253540484255,0.0014761008120208162,0.0004513239799777656,0.0005121371220460393,0.0006980946639076994,0.0009096841912692132,0.000715182654240934,0.0005950641339573202,0.0033110494210395434,0.001647985891255109,0.0013655314628057743,0.0006372815218394258,0.0012529517617868215,0.0010298027115528269,0.0006789963217705558,0.002834093455561928,0.0010187457766313232,0.0033321581149805962,0.0011559522872481715,0.0023345210322903275,0.0027788087809544077,0.00430315803626906,0.001342915005011788,0.0017243792598036854,0.003708093902311742,0.0006493436326628875,0.0006598979796334122,0.00017540319489113554,0.000861938335926354,0.000877518562406655,0.0021455479627228,0.0003699047319194147,0.0016957317465979699,0.004356432359072671,0.0014876603348932989,0.0004824844329383675,0.0007780061481131167,0.0010413622344253096,0.0006196909435552157,9.750206248962737e-05,0.0006503488085648421,0.0008468606973970304,0.00036035556085084464,0.0028059485303071896,0.001077548566895686,0.0012418948268653179,0.000806653661318834,0.0008508814010048486,0.0017786587585092509,0.0005196759413107002,0.0011464031161795996,0.0003357287512529457,0.0008182131841913132,0.0019721551196355755,0.001123284070434636,0.0009725076851413959,0.002151579018134531,0.0030572425057959225,0.002674270487151095,0.0012705423400710333,0.0002211386984300838,0.0008428399937892104,0.0009996474344941796,0.0006694471507019857,0.0007513689867113121,0.0017374465465290981,0.0028436426266304996,0.0024259920393682258,0.0014152876699525425,0.00045986797514438113,0.0010870977379642578,0.0022983346998199494,0.0018711349414891037,0.0004327282257915975,0.0005855149628887467,0.0019626059485670037,0.0013162778436099833,0.0014705723445600644,0.0013368839496000588,0.0014992198577657798,0.001274060455727876,0.001743477601940829,0.0006483384567609295,0.0015504838287654817,0.0012358637714535887,0.0010604605765624532,0.0005196759413107002,0.0002678793778709901,0.00029552171517474926,0.00025179656343971013,0.0013655314628057743,0.00175101642120549,0.0024852974175835676,0.0015831520455790171,0.0032100292428930734,0.0013047183207375006,0.0015409346576969098,0.0008488710492009395,0.0001085589974111345,7.99114842054173e-05,0.0011956567353753906,0.0018997824546948192,0.001428354956677957,0.0003030605344394137,0.000566416620751603,0.0016288875491179654,0.0028039381785032805,0.001535406190236158,0.0022772260058788966,0.0018158502668815836,0.0005644062689476939,0.0006473332808589749,0.0010529217572977905,0.0006005926014180721,0.0009348135888180859,0.0014132773181486334,0.001331355482139307,0.004490120754032677,0.0013082364363943434,0.003038646751609756,0.001070009747631025,0.0011680143980716297,0.0018274097897540646,0.0006684419748000311,0.0011102167837092215,0.00024224739237114004,0.0007875553191816903,0.0011996774389832106,0.0016097892069808217,0.0009307928852102659,0.002212392160202803,0.0025541519668674795,0.0008277623552598867,0.0009137048948770331,0.0006905558446430385,0.00234608055516281,0.0004473032763699439,0.0013941789760114898,0.0009725076851413959,0.0006885454928391294,0.0013142674918060725,0.0024757482465149958,0.001739456898333009,0.0023822668876331866,0.001022263892288166,0.0008981246683967305,0.0006397944615943139,0.00018897306956752735,0.0005101267702421267,0.0003126097055079838,0.0006372815218394258,0.0022470707288202493,0.0025903382993378576,0.003078351199736977,0.0013484434724725398,0.001342915005011788,0.00038347460659580654,0.0005282199364773157,0.0002899932477139974,0.00047193008596783936,0.0004060910643897929,0.0003357287512529457,0.0003090915898511411,0.0010755382150917769,0.000556867449683033,0.00204854848818415,0.0035532968134106818,0.001647985891255109,0.0026893481256804186,0.0007131723024370248,0.0017605655922740618,0.001895761751087001,0.0024335308586328885,0.0012589828171985507,0.0009116945430731223,0.001226314600385017,0.0024335308586328885,0.0016555247105197717,0.0017912234572836881,0.0018806841125576755,0.0027979071230915514,0.002010351803909863,0.0013122571400021633,0.0004980646594186684,0.00039855224512513193,0.001396189327815399,0.0012434025907182497,0.0009001350202006413,0.0032004800718245015,0.0018349486090187273,0.002622503928200416,0.00204452778457633,0.0012911484460611088,0.0008543995166616913,0.0011594704029050142,0.0008966169045437986,0.00215358936993844,0.0010644812801702715,0.0014534843542268298,0.000782026851720935,0.0020143725075176828,0.0016595454141275917,0.0004613757389973147,0.0016173280262454844,0.000507111242536263,0.0004226764667720484,0.000524701820820473,0.002000802632841291,0.0009614507502198923,0.0005724476761633339,0.002248578492673181,0.0033723651510587944,0.0005724476761633339,0.0030175380576687033,0.0012303353039928352,0.0012132473136596024,0.0020199009749784346,0.0012474232943260697,0.0029346110457574223,0.0003116045296060292,0.0007790113240150713,0.001127304774042456,0.000715182654240934,0.00025179656343971013,0.004177008460573716,0.00204854848818415,0.0035055509580678226,0.0011675118101206524,0.002603405586063272,0.00016786437562647458,0.001065989044023205,0.0008981246683967305,0.00013921686242075737,0.0009157152466809423,0.0033723651510587944,0.0020636261267134737,0.0003528167415861802,0.0010584502247585423,0.0024450903815053694,0.0012147550775125342,0.0038337408900561074,0.002317433041957093,0.0004729352618697939,0.0007935863745934177,0.0006277323507708557,0.0007131723024370248,0.0005015827750755111,0.0013142674918060725,0.002507913875377554,0.0019128497414202337,0.0018997824546948192,0.00036035556085084464,0.0003774435511840757,0.0013539719399332916,0.0006639186832412339,0.0004789663172815248,0.000366386616262572,0.0009021453720045505,0.0012358637714535887,0.0007684569770445467,0.0009614507502198923,0.0021782161795363356,0.005092723707254658,0.003999594913878671,0.0016117995587847326,0.002464188723642513,0.0001764083707930901,0.001430365308481868,0.0018369589608226364,0.002264158719153482,0.0007036231313684513,0.002331002916633485,0.0023023554034277693,0.00179675192474444,0.000919233362337785,0.0018786737607537664,0.002355629726231382,0.0011730402775814042,0.0014876603348932989,0.0024717275429071758,0.001285619978600357,0.002004823336449111,0.003496001786999251,0.0012836096267964479,0.0022199309794674656,0.0011941489715224587,0.002561690786132142,0.0013464331206686306,0.0016881929273333072,0.0012569724653946415,0.0006196909435552157,0.0003759357873311456,0.000299542418782571,0.0025270122175146976,0.0011328332415032078,0.0024395619140446176,0.0011041857282974923,0.0016535143587158626,0.001682161871921578,0.0007116645385840913,0.0006372815218394258,0.0009252644177495141,0.0016057685033730035,0.0001628384961166983,0.0012549621135907324,0.0010679993958271142,0.0006714575025058948,0.001327334778531487,0.0015811416937751063,0.0024908258850443194,0.0033628159799902226,0.0011368539451110278,0.002759710438817264,0.0004920336040069376,0.0005417898111537076,0.000566416620751603,0.0009498912273474096,0.0009765283887492159,0.0010584502247585423,0.0005628985050947603,0.0006372815218394258,0.003133635874344497,0.0028552021495029823,0.0036563273433610627,0.004434836079425157,0.001081569270503506,0.00018595754186166366,0.00031361488140993835,0.0006332608182316075,0.0010298027115528269,0.0007036231313684513,0.0014705723445600644,0.0003890030740565584,0.0004694171462129547,0.002155097133791372,0.0011921386197185479,0.0005513389822222811,0.00037191508372332385,0.001226314600385017,0.0006292401146237858,0.00023822668876331832,0.0009307928852102659,0.0012494336461299788,0.001012714721219594,0.0008051458974659004,0.002811476997767943,0.0007915760227895086,0.0006086340086337121,0.0013524641760803598,0.002571239957200714,0.0005739554400162675,0.0006181831797022821,0.000861938335926354,0.00024224739237114004,0.0005397794593497984,0.0004292101101347548,0.001436396363893597,0.0013770909856782552,0.0011328332415032078,0.0011464031161795996,0.0010946365572289205,0.0011041857282974923,0.000524701820820473,0.0014841422192364562,0.0012529517617868215,0.0027129697593763595,0.0010091966055627514,0.000499572423271602,0.0023747280683685257,0.001493691390305028,0.003643260056635648,0.002571239957200714,0.002206863692742051,0.0004548420956346083,0.0003930237776643801,0.0005548570978791238,0.00044830845227189844,0.0010870977379642578,0.001987232758164899,0.00046338609080122384,0.0008353011745245477,0.002069657182125203,0.0033130597728434526,0.001735436194725189,0.003252246630775179,0.0003890030740565584,0.0006558772760255939,0.00020957917555760458,0.0006448203411040902,0.0014474532988151007,0.0009498912273474096,0.0015962193323044317,0.00020405070809685275,0.0019530567774984318,0.003038646751609756,0.001278081159335696,0.0004397644571052829,0.0018465081318912082,0.0006925661964469476,0.001521333727608789,0.0005990848375651385,0.0012931587978650197,0.0010755382150917769,0.00043875928120332836,0.0007629285095837914,0.002878321195247946,0.001697742098401879,0.002775290665297565,0.0010946365572289205,0.0003774435511840757,0.00034728827412542837,0.0006714575025058948,0.0005910434303494985,0.0011901282679146388,0.0016630635297844344,0.0016193383780493936,0.0001412272142246665,0.0007935863745934177,0.0012052059064439624,0.001647985891255109,0.002414935104446722,0.0004558472715365629,0.0014650438770993125,0.0010117095453176378,0.0007277473530153712,0.001077548566895686,0.0010453829380331278,0.00041212211980152375,0.002262148367349573,0.0031984697200205907,0.002010351803909863,0.002618985812543573,0.0014951991541579598,0.000919233362337785,0.00023571374900843017,0.0011072012560033578,0.00034879603797836195,0.0006925661964469476,0.0011881179161107296,0.0022375215577516774,0.002311904574496341,0.00180077262835226,0.0018882229318223382,0.0009519015791513204,0.0004196609390661847,0.0016881929273333072,0.001028294947699895,0.00033170804764512743,0.0008277623552598867,0.0009061660756123704,0.00015077638529324006,0.001226314600385017,0.00042167129087009383,0.0004176505872622756,0.0014097592024917907,0.0007267421771134167,0.0008126847167305613,0.000823741651652065,0.0006830170253783775,0.0004196609390661847,0.0015238466673636753,0.0009287825334063568,0.0007458405192505603,0.0027009076485528995,0.002681809306415756,0.0015791313419711971,0.002464188723642513,--,--,--
97,0.0016308979009218762,0.00044830845227189844,0.001546965713108639,0.0017490060694015808,0.0020887555242623465,0.002315422690153184,0.001590690864843678,0.001134843593307117,0.0011594704029050142,0.0004960543076147593,0.0006875403169371748,0.000657887627829503,0.0004970594835167139,0.0006196909435552157,0.0007383016999858959,0.0019264196160966255,0.0008126847167305613,0.0006257219989669466,0.0014951991541579598,0.0011634911065128324,0.0014570024698836725,0.0008257520034559776,0.0015620433516379626,0.001077548566895686,0.001130822889699297,0.001647985891255109,0.00029351136337084013,0.001180579096846067,0.0011102167837092215,0.0009745180369453068,0.0034140799509899244,0.0018480158957441418,0.001226314600385017,0.0015449553613047298,0.0009996474344941796,0.0013449253568156988,0.00043021528603670936,0.0005417898111537076,0.0007036231313684513,0.0009041557238084613,0.0007307628807212349,0.0006101417724866422,0.0033567849245784917,0.0016193383780493936,0.0013082364363943434,0.0006865351410352168,0.0012147550775125342,0.0009900982634256077,0.0006830170253783775,0.002616975460739664,0.001022263892288166,0.0033799039703234553,0.0011403720607678688,0.0023747280683685257,0.0027501612677486922,0.004249381125514472,0.0014152876699525425,0.001689700691186239,0.003538219174881358,0.0006247168230649885,0.0006292401146237858,0.00020606105990076187,0.0008966169045437986,0.0008905858491320695,0.00214956866633062,0.0003759357873311456,0.0016308979009218762,0.004276520874867254,0.0014665516409522444,0.0005056034786833294,0.0007800164999170259,0.0010167354248274123,0.0005855149628887467,9.900982634256095e-05,0.0006483384567609295,0.0008689745672400377,0.00038548495839971567,0.002773280313493656,0.0010413622344253096,0.0013218063110707352,0.000816202832387404,0.0007935863745934177,0.0017449853657937608,0.000499572423271602,0.0011041857282974923,0.0003030605344394137,0.000782026851720935,0.0019932638135766283,0.0011157452511699733,0.0010187457766313232,0.002142029847065959,0.003089910722609458,0.0026627109642786122,0.0012609931690024615,0.0002231490502339964,0.0008353011745245477,0.0010564398729546332,0.0006543695121726603,0.0007247318253095041,0.0016193383780493936,0.002777301017101474,0.002464188723642513,0.0014650438770993125,0.00048650513654618574,0.0010835796223074168,0.0022219413312713748,0.001794741572940529,0.0004709249100658848,0.000556867449683033,0.0017681044115387245,0.0013368839496000588,0.0014097592024917907,0.0012951691496689288,0.0015333958384322471,0.001274060455727876,0.0017072912694704508,0.0006257219989669466,0.0014745930481678843,0.0012418948268653179,0.0009900982634256077,0.0005397794593497984,0.00025833020680241653,0.0002985372428806164,0.00028245442844933646,0.001327334778531487,0.001735436194725189,0.0025330432729264267,0.0015449553613047298,0.0031492161008247997,0.0013047183207375006,0.0014992198577657798,0.0008106743649266522,0.00011358487692090732,8.493736371519359e-05,0.0011177556029738842,0.0018847048161654955,0.001428354956677957,0.00028044407664542734,0.0006181831797022821,0.0016248668455101471,0.002780819132758317,0.0015565148841772108,0.0022676768348103248,0.0017299077272644372,0.0005533493340261902,0.0006282349387218313,0.0010338234151606469,0.0005910434303494985,0.0009745180369453068,0.0013811116892860752,0.0013620133471489316,0.004434836079425157,0.0013368839496000588,0.0029451653927279487,0.001024274244092075,0.0011177556029738842,0.0017912234572836881,0.0006694471507019857,0.0011212737186307251,0.00023822668876331832,0.000816202832387404,0.0012338534196496779,0.0016138099105886417,0.0009443627598866577,0.0021857549988009983,0.0025903382993378576,0.0008086640131227431,0.0008966169045437986,0.0006769859699666467,0.002305873519084612,0.000449313628173853,0.0013675418146096834,0.0009348135888180859,0.0006810066735744649,0.001331355482139307,0.002473737894711085,0.0018349486090187273,0.0022983346998199494,0.001035833766964556,0.0008679693913380832,0.0006342659941335621,0.0001985222406361009,0.0005282199364773157,0.00030708123804723195,0.0006372815218394258,0.0022963243480160402,0.002422473923711385,0.002973310317982687,0.0013464331206686306,0.0013258270146785552,0.0004176505872622756,0.000515152649751903,0.00029351136337084013,0.0004900232522030284,0.00041212211980152375,0.00032416922838046647,0.00031663040911580204,0.0010393518826213987,0.0005493286304183685,0.0020827244688506174,0.0033663340956470653,0.001594711568451498,0.0025043957597207112,0.0006960843121037903,0.0016786437562647354,0.0018213787343423354,0.002309894222692432,0.0012147550775125342,0.0008981246683967305,0.0012720501039239652,0.002468209427250333,0.0016726127008530062,0.001739456898333009,0.001798762276548349,0.0026456229739453795,0.0018922436354301582,0.001224304248581106,0.0004789663172815248,0.00040056259692904106,0.0013635211110018652,0.0012132473136596024,0.0008830470298674068,0.0032482259271673607,0.001844497780087299,0.0026531617932100404,0.002006331100302043,0.0012625009328553934,0.0007895656709855994,0.0010720200994349342,0.0008202235359952258,0.002092273639919189,0.0011026779644445605,0.0013811116892860752,0.0007860475553287567,0.001991253461772719,0.001689700691186239,0.0004729352618697939,0.0015640537034418735,0.000524701820820473,0.0003879978981546038,0.0005548570978791238,0.0018902332836262473,0.0009252644177495141,0.0005930537821534111,0.0022430500252124293,0.0034065411317252617,0.0005377691075458893,0.0029029480048458414,0.001175050629385315,0.0012338534196496779,0.0019399894907730173,0.0012207861329242634,0.0027380991569252323,0.0003261795801843756,0.0007850423794268022,0.0011499212318364423,0.0007553896903191304,0.00025179656343971013,0.004184547279838378,0.0021093616302524237,0.003446748167803458,0.0011634911065128324,0.002515955282593192,0.00016585402382256545,0.001065989044023205,0.0008428399937892104,0.0001447453298815092,0.0008850573816713177,0.0033723651510587944,0.0020711649459781364,0.00038699272225264925,0.001074030451238845,0.002418453220103565,0.001228324952188926,0.003635218649420008,0.002321453745564913,0.0005091215943401721,0.000764938861387704,0.0005950641339573202,0.000715182654240934,0.0005397794593497984,0.0013368839496000588,0.002569229605396805,0.0019148600932241445,0.0019148600932241445,0.0003930237776643801,0.0004045833005368593,0.0013504538242764506,0.0006448203411040902,0.0005056034786833294,0.0003678943801155056,0.0009076738394653023,0.0012052059064439624,0.0007724776806523649,0.0009403420562788378,0.0021324806759973874,0.00495551719663781,0.003793533853977911,0.001542945009500819,0.00230034505162386,0.0001814342503028664,0.001335376185747127,0.00180077262835226,0.0022812467094867166,0.0006885454928391294,0.0022812467094867166,0.0022832570612906257,0.0017796639344112054,0.000869979743141994,0.0018253994379501554,0.0021837446469970875,0.0010901132656701232,0.0014097592024917907,0.0023365313840942384,0.0012358637714535887,0.0019666266521748237,0.003330147763176687,0.0013047183207375006,0.002264158719153482,0.0011901282679146388,0.0025365613885832694,0.001278081159335696,0.0016288875491179654,0.0012625009328553934,0.0005970744857612294,0.00038699272225264925,0.0003050708862433228,0.0024259920393682258,0.001130822889699297,0.0024491110851131894,0.0011252944222385451,0.0016786437562647354,0.001652006594862929,0.0006980946639076994,0.0005970744857612294,0.0009076738394653023,0.001531385486628338,0.00017942389849895726,0.0011403720607678688,0.0010986572608367405,0.0006619083314373213,0.0013067286725414115,0.0015776235781182653,0.0024852974175835676,0.003272852736765256,0.0011102167837092215,0.002660700612474703,0.00048650513654618574,0.0005588778014869421,0.0005644062689476939,0.0009443627598866577,0.0009890930875236532,0.0011026779644445605,0.0005377691075458893,0.0006749756181627375,0.0030059785347962224,0.002828564988101176,0.003435188644930977,0.004272500171259434,0.0010564398729546332,0.00019751706473414288,0.00031009676575309564,0.0006026029532219812,0.0010393518826213987,0.000665426447094164,0.0014208161374132961,0.0003814642547918974,0.00045031880407581104,0.0021264496205856565,0.0011579626390520806,0.0005608881532908512,0.00035683744519400193,0.0011539419354442606,0.0006026029532219812,0.00023822668876331832,0.0009212437141416941,0.0011559522872481715,0.001020253540484255,0.0008051458974659004,0.0027883579520229795,0.0008297727070637959,0.0006468306929079994,0.0012418948268653179,0.002576768424661466,0.0005377691075458893,0.0006483384567609295,0.0008383167022304114,0.00026536643811610194,0.0005417898111537076,0.00044227739686017106,0.0014152876699525425,0.0014002100314232189,0.0010911184415720778,0.0010986572608367405,0.001065989044023205,0.001065989044023205,0.0005166604136048365,0.0014097592024917907,0.001274060455727876,0.0026416022703375595,0.0010091966055627514,0.0005438001629576167,0.0023842772394370975,0.0014801215156286362,0.003551286461606771,0.0025521416150635703,0.002163138541007012,0.00045685244743851744,0.000373925435527233,0.0005513389822222811,0.00046338609080122384,0.001077548566895686,0.001955067129302341,0.00045031880407581104,0.000816202832387404,0.0020219113267823437,0.0032788837921769853,0.001689700691186239,0.0030537243901390815,0.00038347460659580654,0.0006749756181627375,0.00022867751769474823,0.000665426447094164,0.0014248368410211144,0.0009478808755435005,0.0015811416937751063,0.00023068786949865736,0.0020334708496548264,0.003038646751609756,0.0012227964847281742,0.00041011176799761115,0.0017640837079309045,0.000673467854309804,0.0014258420169230707,0.0005779761436240857,0.0012112369618556915,0.0011006676126406496,0.0004694171462129547,0.0007398094638388295,0.002817005465228695,0.0017530267730094008,0.0027330732774154577,0.0010489010536899705,0.00038699272225264925,0.0003759357873311456,0.0006639186832412339,0.0005739554400162675,0.0010529217572977905,0.0016424574237943572,0.0017299077272644372,0.00014876603348933093,0.0008413322299362785,0.0011770609811892242,0.0016439651876472908,0.0024430800297014603,0.00046539644260513297,0.0014399144795504398,0.0009911034393275623,0.0007036231313684513,0.0010679993958271142,0.0010167354248274123,0.0003508063897822711,0.0022294801505360375,0.0031110194165505124,0.0020294501460470064,0.0024968569404560485,0.0014665516409522444,0.0009423524080827486,0.0002462680959789583,0.0011016727885426042,0.00034879603797836195,0.0006769859699666467,0.0011770609811892242,0.0021359987916542283,0.002399354877966421,0.0018063010958130118,0.0018806841125576755,0.0009317980611122222,0.0004196609390661847,0.0016726127008530062,0.0010137198971215487,0.00034879603797836195,0.0008222338877991349,0.0008564098684656022,0.0001563048527539919,0.0011770609811892242,0.00042368164267400296,0.0004045833005368593,0.0014590128216875834,0.0006523591603687512,0.0008297727070637959,0.0008277623552598867,0.0006749756181627375,0.0004292101101347548,0.0014162928458544988,0.0008946065527398895,0.0007362913481819867,0.0026933688292882386,0.0026933688292882386,0.0015831520455790171,0.002466199075446424,--,--,--
98,0.0016117995587847326,0.00043875928120332836,0.001478111163824727,0.001693721394794059,0.0021189108013209956,0.002264158719153482,0.0015811416937751063,0.001129315125846365,0.001186610152257796,0.0005091215943401721,0.0006714575025058948,0.0006312504664276984,0.0004749456136737065,0.0006292401146237858,0.0007056334831723604,0.00180077262835226,0.0008277623552598867,0.0006619083314373213,0.0015545045323733016,0.0011579626390520806,0.001432375660285777,0.0008182131841913132,0.0014650438770993125,0.001074030451238845,0.0010755382150917769,0.0015715925227065344,0.0002975320669786584,0.001224304248581106,0.0011423824125717796,0.0009900982634256077,0.0033170804764512726,0.0018465081318912082,0.0012891380942571997,0.001493691390305028,0.0009916060272785396,0.0012378741232574979,0.00042518940652693654,0.0005724476761633339,0.0007131723024370248,0.0009096841912692132,0.0007669492131916131,0.0006407996374962685,0.0034598154545288726,0.00160426073952007,0.001285619978600357,0.0007458405192505603,0.001184599800453887,0.0009634611020238014,0.0006845247892313076,0.0024717275429071758,0.001035833766964556,0.0034733853292052645,0.0011539419354442606,0.0024335308586328885,0.002784839836366137,0.004284059694131917,0.0015218363155597662,0.0016881929273333072,0.003383422085980298,0.0006101417724866422,0.0006005926014180721,0.0002367189249103882,0.0009383317044749286,0.0009116945430731223,0.0021857549988009983,0.0003814642547918974,0.0015791313419711971,0.004211184441240185,0.0014650438770993125,0.0005302302882812249,0.0007895656709855994,0.0010031655501510223,0.0005628985050947603,0.0001050408817542918,0.0006639186832412339,0.0008745030347007895,0.0004196609390661847,0.0027883579520229795,0.001024274244092075,0.001436396363893597,0.0008413322299362785,0.0007418198156427386,0.001739456898333009,0.00047394043777175196,0.001070009747631025,0.00028396219230227004,0.0007609181577798822,0.0020314604978509156,0.0011197659547777933,0.0010870977379642578,0.0021857549988009983,0.003173842910422695,0.002713974935278314,0.0012795889231886279,0.0002347085731064756,0.0008448503455931195,0.0011102167837092215,0.0006503488085648421,0.0007192033578487522,0.0015504838287654817,0.0027466431520918495,0.002567219253592894,0.0015409346576969098,0.0005357587557419802,0.001074030451238845,0.0021782161795363356,0.0017701147633426336,0.0005131422979479938,0.0005357587557419802,0.001592701216647589,0.0013750806338743461,0.0013750806338743461,0.001281599274992537,0.0016022503877161608,0.0012931587978650197,0.0017263896116075945,0.0006257219989669466,0.001437904127746529,0.0012645112846593042,0.0009519015791513204,0.0005684269725555122,0.0002563198549985074,0.00030406571034136826,0.00032065111272362376,0.001338894301403968,0.0017168404405390227,0.002626524631808236,0.0015409346576969098,0.0031411746936091597,0.0013293451303353961,0.0014821318674325453,0.0007895656709855994,0.00012011852028361372,9.147100707789999e-05,0.001070009747631025,0.0018847048161654955,0.0014650438770993125,0.0002613457345082837,0.0006714575025058948,0.0016630635297844344,0.002811476997767943,0.0015811416937751063,0.0022907958805552884,0.0016927162188921045,0.0005608881532908512,0.0006302452905257439,0.001028294947699895,0.0005970744857612294,0.0010413622344253096,0.0014077488506878816,0.0014037281470800616,0.00444589301434666,0.0013826194531390088,0.002876310843444035,0.0010031655501510223,0.0010825744464054605,0.0017796639344112054,0.0006940739602998812,0.0011519315836403515,0.00024023704056722744,0.0008428399937892104,0.001281599274992537,0.0016057685033730035,0.0009725076851413959,0.0021897757024088183,0.002628534983612145,0.0007991148420541695,0.0008895806732301149,0.000673467854309804,0.0022832570612906257,0.00046338609080122384,0.0013695521664135943,0.0008981246683967305,0.0006789963217705558,0.0013695521664135943,0.002521483750053944,0.0019776835870963273,0.0022199309794674656,0.0010679993958271142,0.0008523891648577822,0.0006342659941335621,0.00021359987916542283,0.0005588778014869421,0.0003050708862433228,0.000657887627829503,0.0023802565358292775,0.0023023554034277693,0.002885860014512607,0.0013600029953450225,0.0013122571400021633,0.00046338609080122384,0.000515152649751903,0.000299542418782571,0.0005121371220460393,0.00042719975833084567,0.00031864076091971463,0.00031663040911580204,0.0010338234151606469,0.000556867449683033,0.002168667008467764,0.0031984697200205907,0.001546965713108639,0.002365178897299954,0.0006940739602998812,0.0016329082527257854,0.0017831820500680481,0.002218423215614534,0.0012016877907871197,0.0009076738394653023,0.0013218063110707352,0.0025385717403871785,0.0017108093851272935,0.0017052809176665417,0.001743477601940829,0.0025385717403871785,0.0018022803922051918,0.0011519315836403515,0.0004674067944090421,0.00041413247160543287,0.0013464331206686306,0.001216765429316445,0.0009096841912692132,0.0032788837921769853,0.0018711349414891037,0.0026913584774843277,0.002004823336449111,0.0012474232943260697,0.0007438301674466477,0.0010031655501510223,0.0007574000421230395,0.002069657182125203,0.0011579626390520806,0.001331355482139307,0.0008051458974659004,0.0019796939389002365,0.0017319180790683463,0.0004824844329383675,0.0015142974962951035,0.0005438001629576167,0.00035834520904693204,0.0005885304905946138,0.0018178606186854927,0.0009061660756123704,0.000616172827898373,0.0022716975384181447,0.0034673542737935353,0.000515152649751903,0.0028667616723754633,0.0011499212318364423,0.0012549621135907324,0.0018882229318223382,0.0012147550775125342,0.0025747580728575567,0.00035482709339008933,0.0008041407215639458,0.0011996774389832106,0.000816202832387404,0.0002477758598318919,0.004260940648386953,0.0022279723866831056,0.0034105618353330817,0.0011675118101206524,0.0024415722658485284,0.00016384367201865285,0.0010986572608367405,0.000806653661318834,0.00015077638529324006,0.000877518562406655,0.00339699196065669,0.002117403037468062,0.00043674892939941923,0.0011137348993660642,0.0024450903815053694,0.0012569724653946415,0.003476903444862107,0.00234608055516281,0.0005608881532908512,0.0007383016999858959,0.0005855149628887467,0.0007192033578487522,0.0005835046110848376,0.0013695521664135943,0.002681809306415756,0.0019284299679005364,0.0019796939389002365,0.0004196609390661847,0.00044227739686017106,0.0013655314628057743,0.0006332608182316075,0.0005377691075458893,0.00037191508372332385,0.0009001350202006413,0.0012016877907871197,0.0007724776806523649,0.0009041557238084613,0.0021284599723895674,0.0049017402858832215,0.003591493497684969,0.0014992198577657798,0.0021802265313402465,0.00019098342137143648,0.0012589828171985507,0.0017831820500680481,0.002321453745564913,0.0006810066735744649,0.0022470707288202493,0.002311904574496341,0.0017449853657937608,0.0008353011745245477,0.0018022803922051918,0.002056087307448811,0.0010383467067194441,0.001373070282070437,0.0022390293216046093,0.0012132473136596024,0.0019530567774984318,0.003219578413961645,0.0013449253568156988,0.0023501012587706285,0.0012016877907871197,0.0025425924439949985,0.0012207861329242634,0.0016173280262454844,0.001274060455727876,0.0005875253146926593,0.00040056259692904106,0.00031864076091971463,0.002353619374427471,0.0011499212318364423,0.002519473398250035,0.0011675118101206524,0.0017530267730094008,0.001640447071990448,0.0007001050157116086,0.0005724476761633339,0.0009041557238084613,0.0014630335252954017,0.00020204035629294015,0.0010489010536899705,0.0011519315836403515,0.000657887627829503,0.0013067286725414115,0.0015811416937751063,0.0025270122175146976,0.003219578413961645,0.0010966469090328296,0.0025918460631907895,0.0004824844329383675,0.0005855149628887467,0.0005779761436240857,0.0009594403984159814,0.0010187457766313232,0.0011594704029050142,0.0005282199364773157,0.0007131723024370248,0.002889880718120427,0.002832585691708996,0.003272852736765256,0.004183039515985447,0.0010549321091016996,0.00021058435145955914,0.00030708123804723195,0.0005759657918201766,0.0010489010536899705,0.0006428099893001776,0.0014037281470800616,0.00038548495839971567,0.0004312204619386674,0.0021209211531249047,0.0011328332415032078,0.0005724476761633339,0.00035683744519400193,0.0011041857282974923,0.0005835046110848376,0.00025179656343971013,0.0009267721816024459,0.0010911184415720778,0.001022263892288166,0.000782026851720935,0.002777301017101474,0.000865959039534174,0.0006905558446430385,0.0011559522872481715,0.0025998874704064295,0.000515152649751903,0.0007131723024370248,0.0008332908227206386,0.0002899932477139974,0.0005473182786144594,0.00045182656792874115,0.0014097592024917907,0.0014494636506190116,0.0010679993958271142,0.0010584502247585423,0.001035833766964556,0.0010433725862292187,0.0005166604136048365,0.0013539719399332916,0.0012931587978650197,0.0025702347812987594,0.0010187457766313232,0.0006046133050258903,0.002418453220103565,0.0014745930481678843,0.0035246493002049663,0.0025446027957989076,0.002142029847065959,0.0004643912667031784,0.0003528167415861802,0.0005533493340261902,0.0004885154883500983,0.0010835796223074168,0.0019359687871651973,0.00045031880407581104,0.000823741651652065,0.001959087832910161,0.003289940727098489,0.0016670842333922527,0.0028989273012380214,0.0003890030740565584,0.000707643834976273,0.00024425774417504917,0.0006769859699666467,0.0013921686242075806,0.0009519015791513204,0.001592701216647589,0.0002633560863121928,0.0021249418567327247,0.003078351199736977,0.0011655014583167433,0.0003759357873311456,0.0017052809176665417,0.0006714575025058948,0.0013323606580412616,0.0005628985050947603,0.0011539419354442606,0.0011484134679835088,0.000499572423271602,0.0007287525289173258,0.0028019278266993713,0.0018369589608226364,0.002713974935278314,0.0010338234151606469,0.0003950341294682892,0.00039855224512513193,0.000673467854309804,0.0005684269725555122,0.0009458705237395913,0.0016439651876472908,0.0018465081318912082,0.00016233590816572274,0.0008966169045437986,0.0011770609811892242,0.0016690945851961635,0.0024968569404560485,0.00048650513654618574,0.0014343860120896862,0.0009745180369453068,0.0006940739602998812,0.0010850873861603487,0.001022263892288166,0.00032065111272362376,0.0022279723866831056,0.0030557347419429906,0.0020711649459781364,0.002399354877966421,0.0014590128216875834,0.0009976370826902687,0.0002613457345082837,0.0011242892463365906,0.0003528167415861802,0.0006769859699666467,0.0011881179161107296,0.00204854848818415,0.0025290225693186067,0.0018615857704205319,0.0018826944643615864,0.0009252644177495141,0.00042167129087009383,0.0016726127008530062,0.001022263892288166,0.0003643762644586629,0.000823741651652065,0.000806653661318834,0.00017188507923429283,0.001138864296914937,0.0004407696330072375,0.00038699272225264925,0.001542945009500819,0.0006026029532219812,0.0008564098684656022,0.0008448503455931195,0.0006830170253783775,0.00043674892939941923,0.0013303503062373524,0.0008925962009359786,0.0007362913481819867,0.002670249783543275,0.0027426224484840295,0.001590690864843678,0.0024893181211913876,--,--,--
99,0.0016268771973140563,0.0004442877486640802,0.0014685619927561552,0.0016917110429901499,0.002164646304859944,0.002309894222692432,0.0016057685033730035,0.001184599800453887,0.0012147550775125342,0.0005186707654087457,0.0006704523266039403,0.0006066236568298029,0.0004513239799777656,0.0006483384567609295,0.0007056334831723604,0.001739456898333009,0.000869979743141994,0.0007307628807212349,0.0016022503877161608,0.0011901282679146388,0.001437904127746529,0.000816202832387404,0.0014248368410211144,0.0010966469090328296,0.0010564398729546332,0.001542945009500819,0.0003146200573118929,0.0012951691496689288,0.0011941489715224587,0.001024274244092075,0.003297982134314129,0.001886212580018429,0.001373070282070437,0.0014876603348932989,0.0009936163790824504,0.0012036981425910306,0.00043222563784062196,0.0006015977773200266,0.0007398094638388295,0.0009519015791513204,0.0008297727070637959,0.0006865351410352168,0.0035668666880870736,0.0016193383780493936,0.0013102467881982525,0.0008051458974659004,0.0011941489715224587,0.0009745180369453068,0.0007116645385840913,0.002410914400838902,0.001077548566895686,0.003612602191626022,0.001184599800453887,0.002523494101857855,0.0028572125013068914,0.004337334016935528,0.0016329082527257854,0.0017168404405390227,0.0033246192957159353,0.0006196909435552157,0.0005950641339573202,0.0002708949055768538,0.0010011551983471114,0.0009403420562788378,0.0022676768348103248,0.00038347460659580654,0.0016077788551769126,0.00429913733266124,0.0014630335252954017,0.0005357587557419802,0.0007955967263973268,0.0010187457766313232,0.000566416620751603,0.00011056934921504363,0.0006960843121037903,0.0008765133865047004,0.0004694171462129547,0.0028572125013068914,0.0010298027115528269,0.0016173280262454844,0.0008850573816713177,0.000707643834976273,0.0017902182813817318,0.00047193008596783936,0.001065989044023205,0.00027843372484151474,0.0007609181577798822,0.0021209211531249047,0.0011368539451110278,0.0011443927643756888,0.0022772260058788966,0.0033321581149805962,0.0028707823759832832,0.0012971795014728397,0.00024425774417504917,0.0008714875069949259,0.0011770609811892242,0.0006523591603687512,0.0007267421771134167,0.0015504838287654817,0.0027903683038268887,0.0027466431520918495,0.001640447071990448,0.0005930537821534111,0.0010870977379642578,0.0021837446469970875,0.0017736328789994763,0.000556867449683033,0.000524701820820473,0.0015012302095696907,0.001430365308481868,0.0013791013374821661,0.0013027079689335915,0.0016555247105197717,0.0013333658339432161,0.001794741572940529,0.0006448203411040902,0.0014399144795504398,0.0012760708075317852,0.0009383317044749286,0.0006046133050258903,0.0002613457345082837,0.00031361488140993835,0.00035834520904693204,0.0014057384988839707,0.0017851924018719573,0.0027828294845622277,0.0016022503877161608,0.0032004800718245015,0.0013620133471489316,0.0015087690288343517,0.0007991148420541695,0.00012514439979339,9.900982634256095e-05,0.0010584502247585423,0.0019304403197044455,0.001546965713108639,0.00024023704056722744,0.0007096541867801821,0.0017605655922740618,0.002878321195247946,0.001636426368382628,0.002363168545496043,0.0016861825755293963,0.0005875253146926593,0.0006513539844667966,0.0010604605765624532,0.000616172827898373,0.0011197659547777933,0.0014514740024229207,0.0014570024698836725,0.004467001708287713,0.0014761008120208162,0.0029049583566497506,0.001020253540484255,0.001081569270503506,0.001798762276548349,0.0007257370012114621,0.0011941489715224587,0.00024425774417504917,0.000873497858798835,0.0013293451303353961,0.0016706023490490954,0.0009840672080138786,0.002204853340938142,0.002735083629219367,0.0008051458974659004,0.0008810366780634977,0.0006960843121037903,0.002317433041957093,0.00048650513654618574,0.0014172980217564534,0.0008714875069949259,0.000707643834976273,0.001396189327815399,0.002603405586063272,0.002159117837399192,0.002218423215614534,0.0011177556029738842,0.0008584202202695113,0.0006483384567609295,0.00022867751769474823,0.0005970744857612294,0.0003111019416550502,0.0006905558446430385,0.0024757482465149958,0.002331002916633485,0.0029069687084536614,0.0013921686242075806,0.0013102467881982525,0.0005226914690165639,0.0005322406400851375,0.00032215887657655734,0.0005417898111537076,0.00045031880407581104,0.00033371839944903656,0.00032416922838046647,0.0010549321091016996,0.0005759657918201766,0.0022832570612906257,0.003139666929756228,0.0015087690288343517,0.002305873519084612,0.0006905558446430385,0.0016077788551769126,0.0017640837079309045,0.0022199309794674656,0.001239884475061407,0.0009383317044749286,0.001396189327815399,0.002620493576396505,0.001739456898333009,0.00174699571759767,0.0017108093851272935,0.002515955282593192,0.0017625759440779726,0.0011137348993660642,0.0004694171462129547,0.00042719975833084567,0.0013600029953450225,0.0012705423400710333,0.000980549092357036,0.0033643237438431544,0.0019817042907041473,0.002763731142425084,0.002056087307448811,0.0012589828171985507,0.0007247318253095041,0.0009689895694845532,0.0007212137096526648,0.0021093616302524237,0.001224304248581106,0.0013504538242764506,0.0008508814010048486,0.0020028129846452,0.0017736328789994763,0.0004900232522030284,0.0015298777227754062,0.0005473182786144594,0.0003357287512529457,0.0006257219989669466,0.001798762276548349,0.0009287825334063568,0.0006468306929079994,0.0023973445261625103,0.0035286700038127863,0.0005186707654087457,0.002927574814443737,0.0011197659547777933,0.0013218063110707352,0.0018806841125576755,0.001239884475061407,0.0024988672922599594,0.00039000824995851294,0.000840327054034324,0.0012795889231886279,0.0008679693913380832,0.00025179656343971013,0.004527814850355987,0.002422473923711385,0.003389453141392027,0.0011675118101206524,0.0024450903815053694,0.0001733928430872264,0.0011519315836403515,0.000816202832387404,0.00016384367201865285,0.0008795289142105658,0.0034673542737935353,0.0022199309794674656,0.00046539644260513297,0.0011675118101206524,0.002525504453661764,0.0013027079689335915,0.0034296601774702253,0.0024355412104367976,0.0006312504664276984,0.0007362913481819867,0.0005950641339573202,0.0007438301674466477,0.0006312504664276984,0.0014228264892172052,0.0028989273012380214,0.001987232758164899,0.00209026328811528,0.00044830845227189844,0.00047695596547761565,0.0014132773181486334,0.0006448203411040902,0.0005588778014869421,0.0003890030740565584,0.0008795289142105658,0.0012207861329242634,0.0008051458974659004,0.0009634611020238014,0.0021782161795363356,0.005058045138637213,0.0035306803556166954,0.001489670686697208,0.0021440401988698683,0.0002050558839988073,0.001232345655796746,0.0017776535826072963,0.002424484275515294,0.0006865351410352168,0.002260138015545662,0.002414935104446722,0.0017736328789994763,0.0008353011745245477,0.0018635961222244427,0.001955067129302341,0.0010147250730235032,0.0013791013374821661,0.002214402512006714,0.0012187757811203542,0.001951046425694521,0.0032482259271673607,0.0014037281470800616,0.002468209427250333,0.0012207861329242634,0.0025958667667986095,0.0011921386197185479,0.0016766334044608245,0.0013162778436099833,0.0005910434303494985,0.0004327282257915975,0.0003377391030568583,0.0023480909069667193,0.0011921386197185479,0.0026360738028768076,0.0012132473136596024,0.001854046951155871,0.001697742098401879,0.0007307628807212349,0.0005644062689476939,0.0009287825334063568,0.001436396363893597,0.0002281749297437692,0.0009976370826902687,0.001232345655796746,0.000665426447094164,0.0013177856074629152,0.00160426073952007,0.002624514280004325,0.003229127585030217,0.0010679993958271142,0.0026300427474650768,0.00048348960884032205,0.0006121521242905548,0.0005910434303494985,0.0010051759019549314,0.0010755382150917769,0.0012092266100517824,0.0005397794593497984,0.0007418198156427386,0.002777301017101474,0.002872290139836215,0.003183392081491267,0.004241842306249809,0.001065989044023205,0.0002211386984300838,0.00031864076091971463,0.0005628985050947603,0.0010891080897681687,0.0006503488085648421,0.0014459455349621689,0.00038699272225264925,0.0004045833005368593,0.0021857549988009983,0.001127304774042456,0.0005950641339573202,0.000373925435527233,0.0010720200994349342,0.0005302302882812249,0.0002729052573807629,0.0009765283887492159,0.0010911184415720778,0.0010795589186995969,0.0007724776806523649,0.0028667616723754633,0.0009061660756123704,0.0007212137096526648,0.0011122271355131323,0.0027029180003568104,0.0005166604136048365,0.0007764983842601832,0.0008428399937892104,0.00031864076091971463,0.0005704373243594248,0.0004613757389973147,0.0014208161374132961,0.0015278673709714953,0.0010453829380331278,0.0010091966055627514,0.001024274244092075,0.0010644812801702715,0.0005302302882812249,0.0013258270146785552,0.0013579926435411116,0.002596871942700564,0.0010564398729546332,0.0006769859699666467,0.0025290225693186067,0.0014419248313543489,0.0036105918398221127,0.002624514280004325,0.0021917860542127274,0.0004885154883500983,0.00034728827412542837,0.0005759657918201766,0.0005262095846734066,0.0011137348993660642,0.0019761758232433955,0.0004674067944090421,0.000873497858798835,0.0019721551196355755,0.0034065411317252617,0.0016917110429901499,0.0028381141591697478,0.0003930237776643801,0.0007458405192505603,0.00025732503090046197,0.0007171930060448431,0.001384629804942918,0.0009689895694845532,0.0016459755394512,0.00029200359951790655,0.0021822368831441556,0.0031663040911580325,0.0011122271355131323,0.00035583226929204737,0.0016841722237254872,0.0006885454928391294,0.0012730552798259197,0.0005548570978791238,0.0011368539451110278,0.001216765429316445,0.0005302302882812249,0.0007131723024370248,0.0028612332049147114,0.0019244092642927164,0.0027104568196214714,0.0010644812801702715,0.0004045833005368593,0.0004196609390661847,0.0006960843121037903,0.0005895356664965684,0.0009001350202006413,0.001693721394794059,0.001991253461772719,0.00017942389849895726,0.000923254065945605,0.001182589448649976,0.0016917110429901499,0.0025978771186025203,0.0005035931268794203,0.0014685619927561552,0.0009956267308863596,0.0007066386590743184,0.0011403720607678688,0.0010720200994349342,0.00031663040911580204,0.0022792363576828057,0.0031240867032759252,0.0021284599723895674,0.002418453220103565,0.0014745930481678843,0.001077548566895686,0.00028245442844933646,0.0011614807547089233,0.00035834520904693204,0.0006980946639076994,0.0012052059064439624,0.002056087307448811,0.002717995638886134,0.0019379791389691082,0.0019284299679005364,0.0009383317044749286,0.00042167129087009383,0.0017012602140587217,0.0010423674103272641,0.0003814642547918974,0.0008353011745245477,0.0007704673288484558,0.0001849523659597091,0.001130822889699297,0.00046338609080122384,0.0003528167415861802,0.0016610531779805236,0.0005855149628887467,0.0009157152466809423,0.000869979743141994,0.0007056334831723604,0.00044830845227189844,0.001285619978600357,0.0009157152466809423,0.0007513689867113121,0.002670249783543275,0.0028954091855811787,0.0016097892069808217,0.002521483750053944,--,--,--
100,0.0015811416937751063,0.00043674892939941923,0.0014399144795504398,0.001693721394794059,0.0021455479627228,0.002317433041957093,0.0015660640552457826,0.0011614807547089233,0.0012016877907871197,0.0005131422979479938,0.000665426447094164,0.0005684269725555122,0.000457857623340472,0.0006448203411040902,0.0007001050157116086,0.001682161871921578,0.0009307928852102659,0.0007362913481819867,0.0016555247105197717,0.0011901282679146388,0.0014017177952761525,0.000816202832387404,0.0014132773181486334,0.0010850873861603487,0.001012714721219594,0.0015278673709714953,0.00032416922838046647,0.0012911484460611088,0.0011941489715224587,0.0010489010536899705,0.0031984697200205907,0.001840477076479479,0.0014343860120896862,0.0014610231734914925,0.0009745180369453068,0.001180579096846067,0.00043373340169355207,0.0006196909435552157,0.0007458405192505603,0.0009478808755435005,0.0008353011745245477,0.0006865351410352168,0.003555307165214591,0.0016138099105886417,0.0013142674918060725,0.0008373115263284568,0.0011921386197185479,0.0009725076851413959,0.0007192033578487522,0.002315422690153184,0.001070009747631025,0.003605063372361361,0.0011785687450421578,0.0024893181211913876,0.0028456529784344105,0.004280038990524097,0.001735436194725189,0.0016917110429901499,0.003225106881422397,0.0006111469483885967,0.0005779761436240857,0.0003030605344394137,0.0010453829380331278,0.0009348135888180859,0.002266169070957393,0.0003814642547918974,0.0015811416937751063,0.004287577809788759,0.0014343860120896862,0.0005453079268105503,0.0008051458974659004,0.0010031655501510223,0.0005588778014869421,0.0001085589974111345,0.0007267421771134167,0.0008724926828968804,0.0004789663172815248,0.0028421348627775678,0.001020253540484255,0.001647985891255109,0.000861938335926354,0.0006940739602998812,0.0018339434331167727,0.00047394043777175196,0.001077548566895686,0.00028597254410617917,0.0007362913481819867,0.0021284599723895674,0.0011252944222385451,0.001186610152257796,0.002248578492673181,0.003385432437784209,0.0029009376530419306,0.0012931587978650197,0.0002613457345082837,0.0008981246683967305,0.0011675118101206524,0.0006448203411040902,0.0007458405192505603,0.0015298777227754062,0.0027486535038957587,0.002773280313493656,0.0016595454141275917,0.000616172827898373,0.0010720200994349342,0.002216412863810623,0.0017756432308033854,0.0005970744857612294,0.000515152649751903,0.0013750806338743461,0.0014474532988151007,0.0013539719399332916,0.0013238166628746443,0.0016786437562647354,0.0013539719399332916,0.0017851924018719573,0.0006428099893001776,0.0013981996796193098,0.0013006976171296807,0.0009172230105338741,0.0006101417724866422,0.00025581726704753185,0.00031009676575309564,0.0003678943801155056,0.001373070282070437,0.0018309279054109073,0.002834093455561928,0.0015409346576969098,0.003169822206814875,0.001335376185747127,0.0015203285517068343,0.0008056484854168759,0.0001382116865188028,0.00011358487692090732,0.0010011551983471114,0.0018575650668127136,0.0015585252359811216,0.00022716975384181465,0.0006141624760944639,0.0017625759440779726,0.002889880718120427,0.001647985891255109,0.002418453220103565,0.0016706023490490954,0.0006141624760944639,0.0006639186832412339,0.0010549321091016996,0.0006181831797022821,0.0012016877907871197,0.0014474532988151007,0.0014112669663447243,0.00440417821441553,0.001485649983089388,0.0029069687084536614,0.0010011551983471114,0.0010835796223074168,0.0017912234572836881,0.0007694621529465012,0.0012112369618556915,0.00025179656343971013,0.000861938335926354,0.0013791013374821661,0.001689700691186239,0.0009554196948081631,0.0021249418567327247,0.002720005990690043,0.0008001200179561241,0.0008584202202695113,0.0006885454928391294,0.0022907958805552884,0.0004940439558108502,0.001437904127746529,0.0008523891648577822,0.0007533793385152213,0.0013293451303353961,0.0026013952342593613,0.0021932938180656593,0.002172687712075584,0.001138864296914937,0.0008508814010048486,0.0006438151652021322,0.00024425774417504917,0.0005809916713299494,0.000299542418782571,0.0007171930060448431,0.0025174630464461258,0.002305873519084612,0.0028572125013068914,0.0014097592024917907,0.0012625009328553934,0.0005588778014869421,0.0005302302882812249,0.0003261795801843756,0.000582499435182883,0.00046539644260513297,0.00033371839944903656,0.0003126097055079838,0.0010679993958271142,0.0005377691075458893,0.0022907958805552884,0.0030708123804723143,0.0014841422192364562,0.002264158719153482,0.0006885454928391294,0.0015715925227065344,0.0017605655922740618,0.0021822368831441556,0.0012589828171985507,0.0009458705237395913,0.0013791013374821661,0.002628534983612145,0.0017278973754605263,0.00180077262835226,0.0016650738815883435,0.002513944930789283,0.0017223689079997745,0.0010911184415720778,0.000457857623340472,0.00043875928120332836,0.0013409046532078788,0.001278081159335696,0.0009900982634256077,0.0032537543946281125,0.002008341452105952,0.0027426224484840295,0.0020942839917230983,0.0012589828171985507,0.0007021153675155212,0.0009267721816024459,0.0006865351410352168,0.0020887555242623465,0.0012625009328553934,0.0013122571400021633,0.000861938335926354,0.0019223989124888055,0.0017701147633426336,0.00046338609080122384,0.0014534843542268298,0.0005397794593497984,0.0003211537006745993,0.0006257219989669466,0.001804290744009101,0.0009267721816024459,0.0006543695121726603,0.0024053859333781503,0.0034713749774013553,0.0004885154883500983,0.0028838496627086978,0.001129315125846365,0.0013635211110018652,0.00189375139928309,0.0012227964847281742,0.0023983497020644666,0.00041865576316423014,0.0008458555214950741,0.0013826194531390088,0.0009287825334063568,0.0002477758598318919,0.0044519240697583895,0.002460670607985672,0.0033628159799902226,0.001129315125846365,0.002414935104446722,0.0001698747274303837,0.0012227964847281742,0.0008222338877991349,0.0001733928430872264,0.000873497858798835,0.0034482559316563917,0.0022219413312713748,0.000499572423271602,0.001169019573973586,0.0025405820921910894,0.001278081159335696,0.00334723575350992,0.002565208901788985,0.0006960843121037903,0.0007227214735055949,0.0005930537821534111,0.0007383016999858959,0.0006483384567609295,0.0014077488506878816,0.002943155040924038,0.0019817042907041473,0.0021741954759285156,0.0004538369197326503,0.0005035931268794203,0.001428354956677957,0.0006639186832412339,0.0005759657918201766,0.00038548495839971567,0.0009061660756123704,0.001216765429316445,0.0008257520034559776,0.0009689895694845532,0.002172687712075584,0.005031407977235407,0.0035075613098717318,0.0014761008120208162,0.002096294343527009,0.00021561023096933196,0.001175050629385315,0.0017681044115387245,0.002452629200770032,0.0006483384567609295,0.002159117837399192,0.002367189249103863,0.0017796639344112054,0.000823741651652065,0.0018274097897540646,0.00190179280649873,0.0009916060272785396,0.0013484434724725398,0.002069657182125203,0.0012474232943260697,0.0019379791389691082,0.0032175680621577343,0.001430365308481868,0.0024832870657796567,0.001232345655796746,0.002561690786132142,0.0011770609811892242,0.0017072912694704508,0.0013228114869726897,0.0005895356664965684,0.0004709249100658848,0.0003528167415861802,0.0022867751769474684,0.001182589448649976,0.0026360738028768076,0.0012303353039928352,0.0018882229318223382,0.001697742098401879,0.0007342809963780776,0.000566416620751603,0.0009287825334063568,0.0014343860120896862,0.00023822668876331832,0.0009539119309552296,0.0012625009328553934,0.0006619083314373213,0.0013122571400021633,0.0015504838287654817,0.0026360738028768076,0.003219578413961645,0.0010509114054938814,0.002612954757131844,0.0004875103124481403,0.0006598979796334122,0.0005895356664965684,0.0010318130633567377,0.001081569270503506,0.0012072162582478733,0.0005453079268105503,0.0007669492131916131,0.0026013952342593613,0.0028552021495029823,0.003135646226148408,0.004230282783377328,0.0010679993958271142,0.0002477758598318919,0.0003231640524785119,0.0005513389822222811,0.0010835796223074168,0.0006639186832412339,0.0014610231734914925,0.0003910134258604675,0.0003774435511840757,0.00219530416986957,0.0010931287933759887,0.0006181831797022821,0.0003910134258604675,0.001065989044023205,0.000507111242536263,0.0003146200573118929,0.0009936163790824504,0.0010549321091016996,0.001127304774042456,0.0007307628807212349,0.002830575339905087,0.0009212437141416941,0.0007247318253095041,0.0011041857282974923,0.0027406120966801204,0.0004885154883500983,0.0008232390637010895,0.0008413322299362785,0.00034879603797836195,0.0005438001629576167,0.00045031880407581104,0.0014152876699525425,0.0015851623973829262,0.0010795589186995969,0.0009669792176806441,0.0009840672080138786,0.0010604605765624532,0.0005342509918890466,0.001281599274992537,0.001388650508550738,0.0025224889259559003,0.001074030451238845,0.0007362913481819867,0.0025843072439261285,0.0014228264892172052,0.0035648563362831627,0.0026395919185336486,0.002168667008467764,0.0004789663172815248,0.00036236591265475376,0.0006101417724866422,0.0005226914690165639,0.0011403720607678688,0.001964616300370913,0.0004844947847422766,0.000873497858798835,0.0019359687871651973,0.00339699196065669,0.0016766334044608245,0.002771269961689745,0.0004060910643897929,0.0007553896903191304,0.0002744130212336965,0.0007212137096526648,0.0013293451303353961,0.000978538740553125,0.0017203585561958654,0.00032416922838046647,0.0022199309794674656,0.0032080188910891625,0.0010509114054938814,0.00032718475608633016,0.001647985891255109,0.0007001050157116086,0.0012177706052183997,0.0005302302882812249,0.0011212737186307251,0.0012207861329242634,0.0005453079268105503,0.0007171930060448431,0.002830575339905087,0.002006331100302043,0.0026300427474650768,0.0010624709283663623,0.000415640235458363,0.00042518940652693654,0.0006960843121037903,0.0005684269725555122,0.0008523891648577822,0.0017108093851272935,0.002058097659252722,0.00019098342137143648,0.0009041557238084613,0.001175050629385315,0.0017585552404701527,0.002603405586063272,0.0005186707654087457,0.0014725826963639735,0.000994621554984405,0.0007036231313684513,0.0011539419354442606,0.0010986572608367405,0.0003090915898511411,0.0023782461840253667,0.0031205685876190842,0.0021284599723895674,0.0024280023911721366,0.0014650438770993125,0.001138864296914937,0.00029351136337084013,0.0011931437956205042,0.00034527792232151924,0.0006980946639076994,0.0011976670871793015,0.0020178906231745238,0.002729555161758615,0.001955067129302341,0.001951046425694521,0.0009584352225140268,0.00042719975833084567,0.0016726127008530062,0.0010413622344253096,0.0003890030740565584,0.000816202832387404,0.0007478508710544694,0.0001945015370282792,0.0010966469090328296,0.0005282199364773157,0.00034728827412542837,0.0017072912694704508,0.0005990848375651385,0.0009594403984159814,0.0008564098684656022,0.0007056334831723604,0.0004462981004679893,0.0012313404798947915,0.0009267721816024459,0.0007609181577798822,0.002681809306415756,0.002876310843444035,0.0015791313419711971,0.0025064061115246204,--,--,--
101,0.0015203285517068343,0.0004312204619386674,0.0013941789760114898,0.0016670842333922527,0.00214956866633062,0.0023249718612217557,0.0015409346576969098,0.0011328332415032078,0.0011941489715224587,0.0005111319461440812,0.0006553746880746149,0.0005226914690165639,0.0004623809148992693,0.0006448203411040902,0.0006865351410352168,0.0016213487298533044,0.0009383317044749286,0.000749358634907403,0.0017087990333233827,0.0011710299257774951,0.0013504538242764506,0.000823741651652065,0.0014017177952761525,0.0010453829380331278,0.0009860775598177877,0.0014992198577657798,0.00033170804764512743,0.0012720501039239652,0.0012016877907871197,0.0010549321091016996,0.0030954391900702097,0.0018022803922051918,0.0014705723445600644,0.0014208161374132961,0.0009689895694845532,0.0011423824125717796,0.00043574375349746466,0.0006458255170060448,0.0007553896903191304,0.0009383317044749286,0.0008448503455931195,0.0006674367988980731,0.0035628459844792536,0.001636426368382628,0.0013067286725414115,0.000861938335926354,0.0011634911065128324,0.0009709999212884641,0.0007171930060448431,0.0021741954759285156,0.0010604605765624532,0.0036241617144985045,0.0011710299257774951,0.002424484275515294,0.002819015817032604,0.004215205144848003,0.0018349486090187273,0.0016801515201176672,0.0031069987129426924,0.0005990848375651385,0.0005533493340261902,0.00033371839944903656,0.001070009747631025,0.0009443627598866577,0.0022546095480849102,0.0003910134258604675,0.0015449553613047298,0.004238324190592967,0.0013921686242075806,0.0005644062689476939,0.0008126847167305613,0.0009900982634256077,0.0005473182786144594,0.00010705123355820093,0.0007553896903191304,0.0008830470298674068,0.0004824844329383675,0.002824544284493356,0.0010107043694156832,0.001693721394794059,0.0008428399937892104,0.0006674367988980731,0.00186811941378324,0.0004729352618697939,0.0010870977379642578,0.0002975320669786584,0.000707643834976273,0.0021264496205856565,0.0011082064319053123,0.001182589448649976,0.0022294801505360375,0.0034181006545977426,0.002918025643375165,0.001278081159335696,0.00027843372484151474,0.0009076738394653023,0.0011328332415032078,0.0006483384567609295,0.000764938861387704,0.0014876603348932989,0.002670249783543275,0.002823036520640424,0.001682161871921578,0.0006217012953591249,0.0010413622344253096,0.0022314905023399466,0.00179273122113662,0.0006332608182316075,0.0005091215943401721,0.0012474232943260697,0.0014514740024229207,0.0013293451303353961,0.001331355482139307,0.0017168404405390227,0.0013635211110018652,0.0017243792598036854,0.0006468306929079994,0.0013675418146096834,0.0013238166628746443,0.0008946065527398895,0.0006171780038003276,0.00025179656343971013,0.0003080864139491865,0.0003890030740565584,0.0013082364363943434,0.001850026247548051,0.0028667616723754633,0.0014916810385011189,0.003137656577952317,0.0013293451303353961,0.0015087690288343517,0.0007991148420541695,0.00015077638529324006,0.00012665216364632012,0.0009348135888180859,0.001798762276548349,0.0015122871444911944,0.0002115895273615137,0.0005282199364773157,0.0017625759440779726,0.002929585166247646,0.0016630635297844344,0.002477758598318905,0.001652006594862929,0.0006332608182316075,0.0006694471507019857,0.0010378441187684669,0.000616172827898373,0.0012705423400710333,0.001428354956677957,0.0013770909856782552,0.004327784845866956,0.0014725826963639735,0.0028878703663165178,0.000980549092357036,0.0010730252753368887,0.0017625759440779726,0.0008267571793579322,0.001224304248581106,0.00025732503090046197,0.0008468606973970304,0.001432375660285777,0.0017243792598036854,0.0009307928852102659,0.0020178906231745238,0.0027009076485528995,0.0007955967263973268,0.0008342959986225931,0.0006789963217705558,0.0022430500252124293,0.0005056034786833294,0.0014514740024229207,0.0008277623552598867,0.0007840372035248476,0.0013162778436099833,0.002580789128269286,0.002216412863810623,0.0020942839917230983,0.0011614807547089233,0.0008393218781323694,0.0006302452905257439,0.00025833020680241653,0.0005634010930457393,0.0002899932477139974,0.0007398094638388295,0.0025481209114557504,0.0022505888444770902,0.0027828294845622277,0.001436396363893597,0.0012016877907871197,0.0005970744857612294,0.0005226914690165639,0.00033020028379219385,0.0006217012953591249,0.0004749456136737065,0.00033170804764512743,0.00029351136337084013,0.001081569270503506,0.000507111242536263,0.0022792363576828057,0.002927574814443737,0.0014534843542268298,0.002200832637330322,0.0006885454928391294,0.0015107793806382625,0.0017721251151465445,0.0021229315049288155,0.0012569724653946415,0.0009574300466120723,0.0013620133471489316,0.0026571824968178604,0.0017052809176665417,0.0018595754186166227,0.0016138099105886417,0.0024928362368482285,0.0016706023490490954,0.0010529217572977905,0.00044830845227189844,0.00045182656792874115,0.0012986872653257715,0.0012891380942571997,0.001028294947699895,0.0031587652718933715,0.00204854848818415,0.0027044257642097422,0.0021229315049288155,0.0012494336461299788,0.0006940739602998812,0.000877518562406655,0.0006503488085648421,0.002065636478517383,0.0013082364363943434,0.001281599274992537,0.0008584202202695113,0.0019073212739594819,0.0017701147633426336,0.0004312204619386674,0.001388650508550738,0.0005342509918890466,0.00030054759468452555,0.0006267271748689011,0.001808311447616921,0.0009267721816024459,0.0006749756181627375,0.0023877953550939385,0.0033949816088527807,0.00047695596547761565,0.002817005465228695,0.0011484134679835088,0.001396189327815399,0.00189777210289091,0.0011901282679146388,0.002264158719153482,0.0004442877486640802,0.0008533943407597368,0.001485649983089388,0.000978538740553125,0.00024425774417504917,0.004413727385484102,0.002460670607985672,0.0033266296475198444,0.0010946365572289205,0.0023782461840253667,0.00016032555636181015,0.001285619978600357,0.0008126847167305613,0.00018696271776361822,0.0008795289142105658,0.0034120695991860135,0.002216412863810623,0.0005438001629576167,0.0011785687450421578,0.0025978771186025203,0.0012529517617868215,0.0032633035656966843,0.002677788602807936,0.0007574000421230395,0.0007021153675155212,0.0005724476761633339,0.0007362913481819867,0.0006619083314373213,0.0013826194531390088,0.002988890544462988,0.0019776835870963273,0.0022390293216046093,0.0004613757389973147,0.0005342509918890466,0.001430365308481868,0.0006749756181627375,0.0005950641339573202,0.0003910134258604675,0.0009307928852102659,0.0012207861329242634,0.0008257520034559776,0.0009519015791513204,0.00214956866633062,0.0050087915194414225,0.0035211311845481236,0.0014685619927561552,0.0020294501460470064,0.00022616457793986008,0.0011157452511699733,0.0017625759440779726,0.0024832870657796567,0.0006101417724866422,0.0020676468303212937,0.002355629726231382,0.0017831820500680481,0.0008086640131227431,0.0017796639344112054,0.00183846672467557,0.0009659740417786895,0.0013006976171296807,0.0019379791389691082,0.0012665216364632133,0.00194350760642986,0.0031492161008247997,0.0014459455349621689,0.0025023854079168004,0.001232345655796746,0.0025365613885832694,0.0011484134679835088,0.0017223689079997745,0.0013067286725414115,0.0005895356664965684,0.0005035931268794203,0.000366386616262572,0.0022259620348791948,0.0011710299257774951,0.0026531617932100404,0.0012358637714535887,0.00189777210289091,0.0016670842333922527,0.0007362913481819867,0.0005588778014869421,0.0009307928852102659,0.0014228264892172052,0.00024878103573384644,0.0008981246683967305,0.0012876303304042679,0.000657887627829503,0.0013067286725414115,0.0014951991541579598,0.0026531617932100404,0.0032024904236284107,0.0010393518826213987,0.0025978771186025203,0.0004940439558108502,0.000715182654240934,0.0005895356664965684,0.0010549321091016996,0.0010946365572289205,0.001226314600385017,0.0005438001629576167,0.0007553896903191304,0.0024546395525739412,0.002868772024179374,0.0030667916768644943,0.004188567983446198,0.0010679993958271142,0.00028396219230227004,0.0003211537006745993,0.0005377691075458893,0.0010604605765624532,0.0006714575025058948,0.0014514740024229207,0.0004045833005368593,0.00035482709339008933,0.002216412863810623,0.0010720200994349342,0.0006372815218394258,0.0004060910643897929,0.0010453829380331278,0.0005035931268794203,0.00036035556085084464,0.0010031655501510223,0.0010071862537588405,0.0011423824125717796,0.0006940739602998812,0.0028134873495718523,0.0009458705237395913,0.0007227214735055949,0.0010850873861603487,0.0027999174748954605,0.00045986797514438113,0.000865959039534174,0.000831783058867705,0.00038347460659580654,0.000524701820820473,0.00043674892939941923,0.0013981996796193098,0.0016173280262454844,0.0011041857282974923,0.0009458705237395913,0.0009383317044749286,0.0010529217572977905,0.0005357587557419802,0.001216765429316445,0.0014017177952761525,0.002434536034534843,0.0010986572608367405,0.0008086640131227431,0.0025863175957300377,0.001428354956677957,0.0035211311845481236,0.0026436126221414686,0.0020771960013898656,0.0004538369197326503,0.0003774435511840757,0.0006428099893001776,0.0005282199364773157,0.0011594704029050142,0.0019530567774984318,0.0005131422979479938,0.0009076738394653023,0.0018731452932930145,0.0033532668089216507,0.001647985891255109,0.0026968869449450796,0.00042719975833084567,0.000782026851720935,0.00028597254410617917,0.0007227214735055949,0.0012720501039239652,0.0009936163790824504,0.0017831820500680481,0.0003643762644586629,0.002266169070957393,0.0032080188910891625,0.0009916060272785396,0.0003015527705864801,0.0016097892069808217,0.0007116645385840913,0.0011484134679835088,0.0005035931268794203,0.0011026779644445605,0.0012147550775125342,0.0005779761436240857,0.0007212137096526648,0.002834093455561928,0.0020711649459781364,0.0025425924439949985,0.0010468907018860614,0.00042719975833084567,0.00042167129087009383,0.0006865351410352168,0.0005513389822222811,0.0008011251938580821,0.0016992498622548109,0.0021093616302524237,0.00019651188883218831,0.0008830470298674068,0.0011539419354442606,0.0018178606186854927,0.0025903382993378576,0.0005438001629576167,0.0014514740024229207,0.0009699947453865095,0.0006810066735744649,0.0011464031161795996,0.0011102167837092215,0.0002899932477139974,0.002473737894711085,0.0031034805972858497,0.0021400194952620483,0.0023938264105056693,0.0014665516409522444,0.0011956567353753906,0.0003060760621452774,0.001232345655796746,0.0003357287512529457,0.0006925661964469476,0.0011976670871793015,0.0019530567774984318,0.0027486535038957587,0.0019892431099688083,0.00194752831003768,0.0009725076851413959,0.00042719975833084567,0.001636426368382628,0.0010378441187684669,0.0004025729487329502,0.0008011251938580821,0.0007247318253095041,0.0002115895273615137,0.001074030451238845,0.0006332608182316075,0.00034879603797836195,0.0017319180790683463,0.0006066236568298029,0.0010091966055627514,0.000831783058867705,0.0007036231313684513,0.00044227739686017106,0.0011720351016794497,0.0009403420562788378,0.0007629285095837914,0.0026968869449450796,0.0028878703663165178,0.0015640537034418735,0.0024908258850443194,--,--,--
102,0.0014494636506190116,0.0004196609390661847,0.001335376185747127,0.0016268771973140563,0.0021264496205856565,0.002309894222692432,0.0014992198577657798,0.0010966469090328296,0.0011710299257774951,0.0005091215943401721,0.0006418048133982231,0.0004824844329383675,0.0004824844329383675,0.0006407996374962685,0.0006714575025058948,0.0015504838287654817,0.0009267721816024459,0.0007780061481131167,0.0017545345368623327,0.0011443927643756888,0.0012891380942571997,0.000831783058867705,0.0013715625182175034,0.0009976370826902687,0.0009478808755435005,0.0014534843542268298,0.0003397494548607674,0.0012494336461299788,0.0011901282679146388,0.0010489010536899705,0.0029828594890512587,0.0017490060694015808,0.0014876603348932989,0.0013635211110018652,0.0009539119309552296,0.0010986572608367405,0.00043574375349746466,0.0006649238591431884,0.0007629285095837914,0.0009287825334063568,0.0008373115263284568,0.0006523591603687512,0.0035321881194696272,0.0016535143587158626,0.0012876303304042679,0.0008830470298674068,0.001129315125846365,0.000964968865876735,0.0007096541867801821,0.0020334708496548264,0.0010378441187684669,0.0035764158591556454,0.0011634911065128324,0.002353619374427471,0.0027582026749643305,0.004112174614897624,0.0019113419775673018,0.0016535143587158626,0.002969792202325844,0.0005855149628887467,0.0005342509918890466,0.0003678943801155056,0.0010795589186995969,0.0009403420562788378,0.002216412863810623,0.0003950341294682892,0.0015087690288343517,0.004169469641309055,0.0013484434724725398,0.0005835046110848376,0.000823741651652065,0.0009860775598177877,0.0005473182786144594,0.00010705123355820093,0.0007704673288484558,0.0008800315021615431,0.0004824844329383675,0.002771269961689745,0.0009956267308863596,0.001689700691186239,0.0008222338877991349,0.0006468306929079994,0.0018711349414891037,0.0004709249100658848,0.0010911184415720778,0.0003146200573118929,0.0006769859699666467,0.002101822810987761,0.0010870977379642578,0.0011996774389832106,0.002164646304859944,0.0034120695991860135,0.0028954091855811787,0.0012494336461299788,0.00029200359951790655,0.0009212437141416941,0.0011026779644445605,0.0006468306929079994,0.0007764983842601832,0.001432375660285777,0.002565208901788985,0.0028154977013757614,0.0017052809176665417,0.0006292401146237858,0.0010051759019549314,0.002208874044545962,0.00179273122113662,0.000673467854309804,0.0005056034786833294,0.001123284070434636,0.0014399144795504398,0.0012931587978650197,0.0013293451303353961,0.0017128197369312027,0.0013635211110018652,0.001682161871921578,0.0006523591603687512,0.0013218063110707352,0.0013368839496000588,0.0008679693913380832,0.0006206961194571703,0.0002467706839299373,0.0003050708862433228,0.00040056259692904106,0.0012378741232574979,0.001854046951155871,0.0028496736820422305,0.0014419248313543489,0.0030592528575998333,0.0013142674918060725,0.0015012302095696907,0.0007945915504953723,0.00016585402382256545,0.00014022203832271193,0.0008679693913380832,0.0017183482043919545,0.001436396363893597,0.00020204035629294015,0.000457857623340472,0.0017263896116075945,0.002931595518051557,0.0016690945851961635,0.002513944930789283,0.0016213487298533044,0.0006448203411040902,0.0006704523266039403,0.0010091966055627514,0.0006066236568298029,0.0013197959592668243,0.001386640156746827,0.0013464331206686306,0.004207666325583342,0.0014474532988151007,0.0028707823759832832,0.0009458705237395913,0.0010730252753368887,0.0017203585561958654,0.0008830470298674068,0.001226314600385017,0.0002633560863121928,0.0008332908227206386,0.0014685619927561552,0.001735436194725189,0.0008981246683967305,0.0019304403197044455,0.0026571824968178604,0.0007780061481131167,0.0008116795408286068,0.0006619083314373213,0.002200832637330322,0.0005176655895067911,0.001432375660285777,0.0008031355456619912,0.0008202235359952258,0.0012795889231886279,0.0025461105596518412,0.002206863692742051,0.002004823336449111,0.0011770609811892242,0.0008202235359952258,0.0006131573001925093,0.00027541819713565105,0.0005427949870556621,0.00028245442844933646,0.0007553896903191304,0.002555659730720413,0.0021802265313402465,0.0026853274220725986,0.0014474532988151007,0.001130822889699297,0.0006257219989669466,0.000515152649751903,0.0003281899319882847,0.0006588928037314576,0.0004824844329383675,0.00032416922838046647,0.0002708949055768538,0.0010835796223074168,0.0004920336040069376,0.0022676768348103248,0.002773280313493656,0.0014248368410211144,0.0021189108013209956,0.0006940739602998812,0.0014474532988151007,0.0017565448886662418,0.0020410096689194874,0.0012358637714535887,0.0009539119309552296,0.001338894301403968,0.0026360738028768076,0.0016766334044608245,0.0018997824546948192,0.001546965713108639,0.002456649904377852,0.0016213487298533044,0.0010187457766313232,0.0004407696330072375,0.0004674067944090421,0.0012454129425221606,0.001281599274992537,0.0010433725862292187,0.0030441752190705097,0.002056087307448811,0.0026436126221414686,0.0021133823338602437,0.0012358637714535887,0.0006789963217705558,0.000823741651652065,0.0006121521242905548,0.0020199009749784346,0.001335376185747127,0.0012358637714535887,0.0008508814010048486,0.0018656064740283518,0.0017585552404701527,0.000408101416193702,0.0013162778436099833,0.0005302302882812249,0.0002879828959100883,0.0006206961194571703,0.00180077262835226,0.0009137048948770331,0.0006940739602998812,0.0023405520877020566,0.0033035106017748807,0.0004613757389973147,0.002731565513562526,0.0011499212318364423,0.0014172980217564534,0.0018882229318223382,0.001138864296914937,0.0021259470326346792,0.00046841197031099666,0.000843845169691165,0.0015600329998340535,0.001028294947699895,0.00024023704056722744,0.00430315803626906,0.002422473923711385,0.003286422611441648,0.0010604605765624532,0.002319443393761004,0.00015278673709714918,0.0013238166628746443,0.0007935863745934177,0.00019651188883218831,0.0008830470298674068,0.003343717637853079,0.0021762058277324265,0.0005799864954279949,0.0011901282679146388,0.002612954757131844,0.0012112369618556915,0.0031492161008247997,0.002735083629219367,0.0008126847167305613,0.0006830170253783775,0.0005513389822222811,0.0007192033578487522,0.000657887627829503,0.0013675418146096834,0.0030079888866001315,0.0019626059485670037,0.002273707890222054,0.0004709249100658848,0.0005644062689476939,0.001432375660285777,0.0006830170253783775,0.000616172827898373,0.00039654189332121934,0.0009634611020238014,0.0012092266100517824,0.0008182131841913132,0.0009307928852102659,0.0021189108013209956,0.004890683350961718,0.0034638361581366926,0.0014474532988151007,0.0019455179582337691,0.00023571374900843017,0.0010564398729546332,0.0017585552404701527,0.0024757482465149958,0.0005739554400162675,0.001951046425694521,0.002321453745564913,0.0017816742862151163,0.0007935863745934177,0.0016992498622548109,0.0017701147633426336,0.0009383317044749286,0.0012434025907182497,0.00179273122113662,0.001281599274992537,0.0019208911486358737,0.003032615696198027,0.0014590128216875834,0.002511934578985372,0.001228324952188926,0.002473737894711085,0.0011177556029738842,0.0017339284308722572,0.0012901432701591543,0.0005835046110848376,0.0005377691075458893,0.0003774435511840757,0.0021344910278012965,0.0011464031161795996,0.0026436126221414686,0.0012187757811203542,0.001895761751087001,0.0016138099105886417,0.0007307628807212349,0.0005438001629576167,0.0009267721816024459,0.0014097592024917907,0.0002593353827043711,0.0008508814010048486,0.001278081159335696,0.0006483384567609295,0.0012891380942571997,0.0014459455349621689,0.0026320530992689876,0.0031622833875502143,0.0010167354248274123,0.002535053624730336,0.0005056034786833294,0.0007724776806523649,0.0005875253146926593,0.0010604605765624532,0.0010911184415720778,0.001232345655796746,0.0005302302882812249,0.000749358634907403,0.002303863167280703,0.0028456529784344105,0.0029642637348650924,0.004087547805299727,0.001070009747631025,0.00031663040911580204,0.00031663040911580204,0.000524701820820473,0.0010338234151606469,0.0006845247892313076,0.001432375660285777,0.0004196609390661847,0.0003281899319882847,0.002206863692742051,0.0010413622344253096,0.0006543695121726603,0.00042368164267400296,0.001024274244092075,0.0004980646594186684,0.000408101416193702,0.0009916060272785396,0.000964968865876735,0.0011559522872481715,0.0006639186832412339,0.002763731142425084,0.0009574300466120723,0.0007212137096526648,0.0010624709283663623,0.0028154977013757614,0.0004312204619386674,0.0009106893671711677,0.0008051458974659004,0.0004176505872622756,0.0005056034786833294,0.00042167129087009383,0.0013559822917372025,0.001636426368382628,0.001129315125846365,0.0009172230105338741,0.0009001350202006413,0.0010318130633567377,0.0005342509918890466,0.0011443927643756888,0.0013981996796193098,0.002331002916633485,0.0010911184415720778,0.0008468606973970304,0.0025310329211225176,0.0014152876699525425,0.003440717112391729,0.002607426289671092,0.0019776835870963273,0.00043222563784062196,0.0004060910643897929,0.0006714575025058948,0.0005206811172126548,0.0011675118101206524,0.0019244092642927164,0.0005322406400851375,0.0009267721816024459,0.0017831820500680481,0.0032748630885691653,0.0016193383780493936,0.0025998874704064295,0.0004538369197326503,0.000806653661318834,0.0003015527705864801,0.0007192033578487522,0.001216765429316445,0.0009916060272785396,0.001804290744009101,0.00039855224512513193,0.002269687186614234,0.003183392081491267,0.0009287825334063568,0.00028345960435129103,0.0015600329998340535,0.0007192033578487522,0.0010795589186995969,0.0004789663172815248,0.001070009747631025,0.0012092266100517824,0.0006121521242905548,0.0007116645385840913,0.0027903683038268887,0.002111371982056333,0.0024300127429760458,0.0010262845958959842,0.0004407696330072375,0.00042167129087009383,0.0006749756181627375,0.0005417898111537076,0.0007609181577798822,0.0016670842333922527,0.00214956866633062,0.00020204035629294015,0.0008564098684656022,0.001123284070434636,0.0018922436354301582,0.002557670082524322,0.000566416620751603,0.0014152876699525425,0.000948886051445455,0.0006558772760255939,0.001130822889699297,0.0011026779644445605,0.0002668742019690355,0.0025043957597207112,0.0030537243901390815,0.0021324806759973874,0.0023325106804864184,0.0014474532988151007,0.001232345655796746,0.00031562523321384747,0.0012645112846593042,0.0003261795801843756,0.0006865351410352168,0.001182589448649976,0.0018766634089498573,0.002739104332827187,0.002004823336449111,0.0019319480835573773,0.0009775335646511705,0.00042518940652693654,0.001588680513039769,0.0010272897717979405,0.00041413247160543287,0.0007800164999170259,0.0007131723024370248,0.0002211386984300838,0.0010549321091016996,0.000707643834976273,0.00034527792232151924,0.0017183482043919545,0.0006046133050258903,0.0010433725862292187,0.0008011251938580821,0.0006865351410352168,0.00044830845227189844,0.0011102167837092215,0.0009307928852102659,0.000764938861387704,0.0026933688292882386,0.0028456529784344105,0.0015218363155597662,0.0024471007333092803,--,--,--
103,0.0013620133471489316,0.0003950341294682892,0.0012494336461299788,0.0015545045323733016,0.00204854848818415,0.0022470707288202493,0.0014228264892172052,0.0010509114054938814,0.0011197659547777933,0.0005035931268794203,0.0006247168230649885,0.000457857623340472,0.0005367639316439347,0.0006277323507708557,0.0006523591603687512,0.0014630335252954017,0.0008810366780634977,0.0008373115263284568,0.0017851924018719573,0.0011061960801014015,0.0012112369618556915,0.0008413322299362785,0.0013047183207375006,0.0009307928852102659,0.0008885754973281586,0.0013715625182175034,0.00034879603797836195,0.0012147550775125342,0.0011423824125717796,0.0010187457766313232,0.0028531917976990714,0.0016670842333922527,0.0014685619927561552,0.0012705423400710333,0.000923254065945605,0.0010393518826213987,0.0004292101101347548,0.0006724626784078494,0.0007684569770445467,0.0009137048948770331,0.0007935863745934177,0.0006483384567609295,0.0034256394738624053,0.0016630635297844344,0.0012434025907182497,0.0008966169045437986,0.0010891080897681687,0.0009478808755435005,0.0006925661964469476,0.0018922436354301582,0.0009900982634256077,0.00340101266426451,0.0011519315836403515,0.002269687186614234,0.002622503928200416,0.003940792123614308,0.0019414972546259492,0.0015962193323044317,0.0027979071230915514,0.0005724476761633339,0.0005226914690165639,0.00040056259692904106,0.0010529217572977905,0.0009137048948770331,0.0021304703241934765,0.00038699272225264925,0.0014725826963639735,0.004066439111358674,0.0012986872653257715,0.0006005926014180721,0.0008448503455931195,0.0010011551983471114,0.0005704373243594248,0.00011056934921504363,0.0007629285095837914,0.0008513839889558276,0.00048047408113445836,0.0026456229739453795,0.0009689895694845532,0.0015851623973829262,0.0007991148420541695,0.0006332608182316075,0.0018128347391757182,0.00046640161850708753,0.0010795589186995969,0.000341257218713701,0.0006332608182316075,0.0020274397942430956,0.0010644812801702715,0.0012589828171985507,0.002008341452105952,0.003330147763176687,0.002786850188170046,0.0011976670871793015,0.0002975320669786584,0.0009443627598866577,0.0010755382150917769,0.0006352711700355167,0.0007704673288484558,0.0013484434724725398,0.002412924752642813,0.0026853274220725986,0.0017168404405390227,0.0006468306929079994,0.0009574300466120723,0.002105843514595581,0.0017565448886662418,0.0007227214735055949,0.0005056034786833294,0.0010107043694156832,0.0013921686242075806,0.001228324952188926,0.0013082364363943434,0.001640447071990448,0.0013504538242764506,0.0016726127008530062,0.000657887627829503,0.0012418948268653179,0.001327334778531487,0.000831783058867705,0.0006181831797022821,0.00024124221646918548,0.0002985372428806164,0.0003950341294682892,0.0011559522872481715,0.00183846672467557,0.002729555161758615,0.0013921686242075806,0.002885860014512607,0.0012795889231886279,0.0014992198577657798,0.0007955967263973268,0.00018595754186166366,0.00015429450095008276,0.0007955967263973268,0.0015982296841083408,0.0013006976171296807,0.00020957917555760458,0.000415640235458363,0.0016153176744415753,0.0028531917976990714,0.0016555247105197717,0.0025043957597207112,0.0015695821709026253,0.0006428099893001776,0.0006649238591431884,0.0009539119309552296,0.0005799864954279949,0.001335376185747127,0.0013006976171296807,0.0013238166628746443,0.00400160526568258,0.0013941789760114898,0.0028531917976990714,0.0008830470298674068,0.0010911184415720778,0.001652006594862929,0.0009403420562788378,0.0012016877907871197,0.00026888455377294465,0.000823741651652065,0.0014650438770993125,0.001682161871921578,0.0008468606973970304,0.0018766634089498573,0.002567219253592894,0.0007383016999858959,0.000790570846887554,0.0006292401146237858,0.0021741954759285156,0.0005292251123792703,0.0013524641760803598,0.000782026851720935,0.0008679693913380832,0.0011956567353753906,0.002477758598318905,0.002138009143458139,0.001895761751087001,0.001175050629385315,0.0007895656709855994,0.0005875253146926593,0.00029552171517474926,0.0005141474738499484,0.00027843372484151474,0.0007574000421230395,0.0025064061115246204,0.0020751856495859547,0.0025461105596518412,0.0014228264892172052,0.0010413622344253096,0.0006352711700355167,0.0005091215943401721,0.00031864076091971463,0.0006895506687410839,0.00048348960884032205,0.00030708123804723195,0.00024023704056722744,0.0010549321091016996,0.0004920336040069376,0.002256619899888821,0.0026013952342593613,0.0014017177952761525,0.002000802632841291,0.0007096541867801821,0.0013770909856782552,0.001689700691186239,0.0019128497414202337,0.0011730402775814042,0.0009212437141416941,0.0013047183207375006,0.002513944930789283,0.001640447071990448,0.00190179280649873,0.0014534843542268298,0.002399354877966421,0.0015736028745104453,0.0009956267308863596,0.0004312204619386674,0.0004844947847422766,0.0011710299257774951,0.0012358637714535887,0.0010107043694156832,0.0028989273012380214,0.001995274165380539,0.0025405820921910894,0.0020254294424391864,0.0012207861329242634,0.0006558772760255939,0.0007629285095837914,0.0005739554400162675,0.0019284299679005364,0.0013238166628746443,0.0011675118101206524,0.0008277623552598867,0.0017816742862151163,0.0017278973754605263,0.00039654189332121934,0.001228324952188926,0.0005262095846734066,0.000290998423615952,0.0006005926014180721,0.0017736328789994763,0.0008679693913380832,0.0007056334831723604,0.0022294801505360375,0.003181381729687358,0.0004312204619386674,0.002612954757131844,0.0011177556029738842,0.0014132773181486334,0.001854046951155871,0.0010489010536899705,0.0019817042907041473,0.000491028428104983,0.0008021303697600367,0.0015811416937751063,0.001081569270503506,0.00023269822130256648,0.004054879588486193,0.00230034505162386,0.003236666404294878,0.001022263892288166,0.0022199309794674656,0.0001447453298815092,0.0013122571400021633,0.0007574000421230395,0.00020003000448903102,0.0008810366780634977,0.00320450077543232,0.0020711649459781364,0.0005990848375651385,0.0011996774389832106,0.0025481209114557504,0.001134843593307117,0.002973310317982687,0.002677788602807936,0.0008604305720734222,0.0006694471507019857,0.0005302302882812249,0.0006749756181627375,0.0006196909435552157,0.0013675418146096834,0.002977331021590507,0.0019244092642927164,0.0022505888444770902,0.0004885154883500983,0.0005950641339573202,0.001436396363893597,0.0006789963217705558,0.0006468306929079994,0.0004025729487329502,0.0010107043694156832,0.0011710299257774951,0.0007971044902502604,0.0009041557238084613,0.0020751856495859547,0.004589130580375238,0.0032693346211084134,0.0014017177952761525,0.0018253994379501554,0.00024425774417504917,0.0009900982634256077,0.0017660940597348136,0.0023862875912410066,0.0005417898111537076,0.0017831820500680481,0.0022390293216046093,0.0017640837079309045,0.0007629285095837914,0.0015489760649125498,0.0016841722237254872,0.0009076738394653023,0.0011730402775814042,0.0016193383780493936,0.0012876303304042679,0.0018465081318912082,0.002821026168836515,0.0014665516409522444,0.0025023854079168004,0.0012132473136596024,0.0023405520877020566,0.001077548566895686,0.0017414672501369181,0.0012760708075317852,0.0005608881532908512,0.0005835046110848376,0.0003814642547918974,0.0019837146425080564,0.0010911184415720778,0.002576768424661466,0.0011594704029050142,0.0018711349414891037,0.0015183181999029235,0.0007056334831723604,0.0005111319461440812,0.0009116945430731223,0.001396189327815399,0.00026888455377294465,0.0008141924805834949,0.0012072162582478733,0.0006257219989669466,0.0012474232943260697,0.0014097592024917907,0.0025385717403871785,0.003080361551540886,0.0009634611020238014,0.002372717716564615,0.0005257069967224276,0.000831783058867705,0.0005835046110848376,0.001028294947699895,0.001049906229591925,0.0012072162582478733,0.000499572423271602,0.0007478508710544694,0.002147558314526711,0.0027541819713565122,0.0027903683038268887,0.0038699272225264855,0.0010755382150917769,0.000341257218713701,0.00030406571034136826,0.0005091215943401721,0.0009956267308863596,0.0007131723024370248,0.0014017177952761525,0.00043875928120332836,0.0002975320669786584,0.0021400194952620483,0.0009936163790824504,0.0006714575025058948,0.0004407696330072375,0.0009996474344941796,0.0004900232522030284,0.000457857623340472,0.0009423524080827486,0.0009423524080827486,0.0011614807547089233,0.0006387892856923594,0.0026511514414061313,0.0009403420562788378,0.0007227214735055949,0.0010318130633567377,0.0027426224484840295,0.00040056259692904106,0.0009604455743179377,0.0007458405192505603,0.000457857623340472,0.00048650513654618574,0.0004060910643897929,0.0012705423400710333,0.0016288875491179654,0.0011519315836403515,0.000873497858798835,0.0008755082106027458,0.0009820568562099678,0.000524701820820473,0.0010604605765624532,0.0013579926435411116,0.0021922886421637047,0.0010147250730235032,0.000816202832387404,0.002355629726231382,0.0013655314628057743,0.0032919510789024,0.0024908258850443194,0.0018656064740283518,0.000415640235458363,0.00045986797514438113,0.0006905558446430385,0.0004900232522030284,0.0011539419354442606,0.0018615857704205319,0.0005357587557419802,0.0009157152466809423,0.001640447071990448,0.003128107406883745,0.0015831520455790171,0.0024511214369171003,0.0004920336040069376,0.0008297727070637959,0.0003281899319882847,0.000707643834976273,0.0011634911065128324,0.0009574300466120723,0.001743477601940829,0.00042518940652693654,0.0021897757024088183,0.0031034805972858497,0.0008604305720734222,0.00028245442844933646,0.0014876603348932989,0.0007171930060448431,0.0010117095453176378,0.0004613757389973147,0.001012714721219594,0.0012052059064439624,0.0006558772760255939,0.0006769859699666467,0.0026511514414061313,0.002101822810987761,0.0022676768348103248,0.0009900982634256077,0.0004613757389973147,0.00042518940652693654,0.0006598979796334122,0.0005417898111537076,0.0007398094638388295,0.001594711568451498,0.002164646304859944,0.000208071411704671,0.000816202832387404,0.0010795589186995969,0.0019932638135766283,0.0024852974175835676,0.0005835046110848376,0.0013464331206686306,0.0009348135888180859,0.0006277323507708557,0.0011041857282974923,0.0010604605765624532,0.00024023704056722744,0.002410914400838902,0.002943155040924038,0.0020751856495859547,0.0022219413312713748,0.0013826194531390088,0.001228324952188926,0.00032215887657655734,0.0012826044508944916,0.00032065111272362376,0.0006810066735744649,0.001134843593307117,0.0017776535826072963,0.002674270487151095,0.0019857249943119673,0.00189375139928309,0.000964968865876735,0.00042518940652693654,0.0015142974962951035,0.0010051759019549314,0.0004292101101347548,0.0007458405192505603,0.0007227214735055949,0.00021912834662617467,0.0010433725862292187,0.0007247318253095041,0.0003377391030568583,0.0016288875491179654,0.0005835046110848376,0.0010453829380331278,0.0007589078059759731,0.0006407996374962685,0.0004694171462129547,0.0010443777621311733,0.0008795289142105658,0.0007629285095837914,0.0026476333257492886,0.0026968869449450796,0.001437904127746529,0.0023405520877020566,--,--,--
104,0.001285619978600357,0.000373925435527233,0.001175050629385315,0.0015012302095696907,0.0019817042907041473,0.002164646304859944,0.0013655314628057743,0.0010071862537588405,0.001074030451238845,0.000499572423271602,0.0006131573001925093,0.0004327282257915975,0.000590540842398523,0.0006196909435552157,0.0006387892856923594,0.001386640156746827,0.0008428399937892104,0.0008946065527398895,0.001808311447616921,0.0010835796223074168,0.0011423824125717796,0.0008448503455931195,0.0012569724653946415,0.0008795289142105658,0.0008373115263284568,0.0013006976171296807,0.0003643762644586629,0.001186610152257796,0.0011061960801014015,0.0009996474344941796,0.0027426224484840295,0.0015811416937751063,0.0014554947060307407,0.0011956567353753906,0.0009021453720045505,0.0009956267308863596,0.00042719975833084567,0.0006769859699666467,0.0007895656709855994,0.0009096841912692132,0.0007574000421230395,0.0006483384567609295,0.0032994898981670608,0.0016555247105197717,0.0012092266100517824,0.0009137048948770331,0.0010509114054938814,0.0009348135888180859,0.0006810066735744649,0.0017625759440779726,0.0009478808755435005,0.0032482259271673607,0.0011499212318364423,0.002210381808398894,0.0025501312632596612,0.0038030830250464828,0.002006331100302043,0.0015449553613047298,0.0026551721450139513,0.0005618933291928058,0.0005166604136048365,0.00043674892939941923,0.0010413622344253096,0.0008905858491320695,0.002060108011056631,0.0003794539029879883,0.0014474532988151007,0.003951849058535812,0.0012685319882671225,0.0006141624760944639,0.0008755082106027458,0.0010187457766313232,0.0005835046110848376,0.00012011852028361372,0.0007609181577798822,0.0008332908227206386,0.00048047408113445836,0.002557670082524322,0.0009383317044749286,0.0015183181999029235,0.0007780061481131167,0.000623711647163034,0.0017605655922740618,0.0004608731510463357,0.0010795589186995969,0.00036236591265475376,0.0005930537821534111,0.001964616300370913,0.0010529217572977905,0.0013293451303353961,0.0018847048161654955,0.0032633035656966843,0.0026873377738765077,0.0011559522872481715,0.00030708123804723195,0.000978538740553125,0.0010549321091016996,0.000623711647163034,0.0007724776806523649,0.001278081159335696,0.0022963243480160402,0.0025787787764653767,0.001743477601940829,0.000673467854309804,0.0009137048948770331,0.0020178906231745238,0.0017414672501369181,0.0007800164999170259,0.000507111242536263,0.0009116945430731223,0.0013655314628057743,0.001175050629385315,0.0013006976171296807,0.001594711568451498,0.0013484434724725398,0.0016650738815883435,0.0006598979796334122,0.0011594704029050142,0.0013142674918060725,0.0007991148420541695,0.0006196909435552157,0.0002367189249103882,0.0002945165392727947,0.0003890030740565584,0.0010931287933759887,0.0018424874282833882,0.0026436126221414686,0.001338894301403968,0.0027406120966801204,0.0012494336461299788,0.0015067586770304425,0.0007885604950836449,0.00020606105990076187,0.00016786437562647458,0.0007287525289173258,0.0014705723445600644,0.0012052059064439624,0.00021561023096933196,0.00037191508372332385,0.001531385486628338,0.0028019278266993713,0.0016459755394512,0.0024988672922599594,0.001517313024000969,0.0006428099893001776,0.0006619083314373213,0.0009076738394653023,0.0005548570978791238,0.001342915005011788,0.0012378741232574979,0.0013047183207375006,0.00379956490938964,0.0013695521664135943,0.0028552021495029823,0.0008373115263284568,0.0011157452511699733,0.001592701216647589,0.0009850723839158332,0.001184599800453887,0.00027843372484151474,0.0008202235359952258,0.0014951991541579598,0.0016248668455101471,0.0008011251938580821,0.0018349486090187273,0.0025003750561128912,0.0007066386590743184,0.0007724776806523649,0.0006046133050258903,0.002147558314526711,0.0005427949870556621,0.0012911484460611088,0.000764938861387704,0.0008946065527398895,0.0011082064319053123,0.0024320230947799566,0.0020616157749095646,0.0018213787343423354,0.0011785687450421578,0.000764938861387704,0.0005704373243594248,0.00031763558501776007,0.0004960543076147593,0.0002729052573807629,0.0007609181577798822,0.0024717275429071758,0.00199879228103738,0.002424484275515294,0.0014017177952761525,0.0009594403984159814,0.0006523591603687512,0.000507111242536263,0.0003111019416550502,0.0007247318253095041,0.0004890180763010739,0.00029351136337084013,0.00020957917555760458,0.0010378441187684669,0.0004885154883500983,0.0022470707288202493,0.0024415722658485284,0.001386640156746827,0.001886212580018429,0.0007307628807212349,0.0013197959592668243,0.0016248668455101471,0.0018063010958130118,0.001129315125846365,0.0008925962009359786,0.0012836096267964479,0.0024375515622407085,0.0016288875491179654,0.0019168704450280537,0.0013600029953450225,0.002361158193692134,0.0015374165420400671,0.000978538740553125,0.00042368164267400296,0.0005015827750755111,0.0011157452511699733,0.0012052059064439624,0.0009956267308863596,0.0027582026749643305,0.001951046425694521,0.0024430800297014603,0.001964616300370913,0.0012016877907871197,0.0006257219989669466,0.0007096541867801821,0.0005417898111537076,0.001850026247548051,0.0013162778436099833,0.0011177556029738842,0.0008086640131227431,0.0017128197369312027,0.0016746230526569154,0.00038699272225264925,0.0011519315836403515,0.000524701820820473,0.0002899932477139974,0.000582499435182883,0.0017701147633426336,0.000831783058867705,0.0007247318253095041,0.0021284599723895674,0.0030974495418741206,0.000415640235458363,0.0025023854079168004,0.0010986572608367405,0.0014132773181486334,0.0018178606186854927,0.0009725076851413959,0.0018490210716460963,0.0005141474738499484,0.0007659440372896585,0.0016057685033730035,0.0011328332415032078,0.00022515940203790552,0.003848818528585431,0.0022314905023399466,0.0032120395946969825,0.0009916060272785396,0.0021304703241934765,0.00013720651061684824,0.0013102467881982525,0.0007307628807212349,0.00020606105990076187,0.0008830470298674068,0.0030572425057959225,0.0019776835870963273,0.0006277323507708557,0.0012112369618556915,0.0024988672922599594,0.001070009747631025,0.002821026168836515,0.0026380841546807168,0.0009061660756123704,0.0006619083314373213,0.0005111319461440812,0.0006332608182316075,0.0005835046110848376,0.0013675418146096834,0.0029466731565808806,0.0018882229318223382,0.0022470707288202493,0.0005056034786833294,0.0006217012953591249,0.0014419248313543489,0.0006830170253783775,0.0006789963217705558,0.00041212211980152375,0.0010529217572977905,0.0011443927643756888,0.000782026851720935,0.0008810366780634977,0.0020389993171155783,0.004314214971190564,0.0031145375322073534,0.0013715625182175034,0.0017223689079997745,0.00025380691524361926,0.0009287825334063568,0.00179675192474444,0.002317433041957093,0.000515152649751903,0.001636426368382628,0.0021666566566638547,0.0017490060694015808,0.0007398094638388295,0.0014172980217564534,0.0016213487298533044,0.0008915910250340241,0.0011137348993660642,0.0014650438770993125,0.0013082364363943434,0.0017816742862151163,0.002628534983612145,0.001489670686697208,0.0024928362368482285,0.0012016877907871197,0.0022199309794674656,0.0010489010536899705,0.00174699571759767,0.0012685319882671225,0.0005493286304183685,0.0006372815218394258,0.00038548495839971567,0.001854046951155871,0.0010453829380331278,0.002515955282593192,0.0011252944222385451,0.0018465081318912082,0.0014459455349621689,0.0006865351410352168,0.00047695596547761565,0.0008981246683967305,0.0014002100314232189,0.00027843372484151474,0.0007875553191816903,0.0011403720607678688,0.0006026029532219812,0.0012112369618556915,0.001384629804942918,0.0024546395525739412,0.003023066525129455,0.0009157152466809423,0.0022375215577516774,0.0005503338063203266,0.0008850573816713177,0.0005875253146926593,0.0010071862537588405,0.0010081914296607968,0.0011901282679146388,0.0004749456136737065,0.000749358634907403,0.001991253461772719,0.002668239431739364,0.0026340634510728968,0.0036698972180374528,0.0010870977379642578,0.00036538144036061745,0.0002975320669786584,0.0004980646594186684,0.000964968865876735,0.0007398094638388295,0.001373070282070437,0.000457857623340472,0.0002744130212336965,0.002096294343527009,0.0009478808755435005,0.0006885454928391294,0.000457857623340472,0.0009820568562099678,0.00048047408113445836,0.000507111242536263,0.0009061660756123704,0.0009212437141416941,0.0011770609811892242,0.000616172827898373,0.0025637011379360513,0.0009287825334063568,0.0007192033578487522,0.0010187457766313232,0.002666229079935455,0.0003759357873311456,0.0009900982634256077,0.0006970894880057449,0.000499572423271602,0.00046338609080122384,0.0003930237776643801,0.0012092266100517824,0.001640447071990448,0.001180579096846067,0.0008332908227206386,0.0008564098684656022,0.0009458705237395913,0.0005186707654087457,0.0009820568562099678,0.001327334778531487,0.002080211529095731,0.000980549092357036,0.0007724776806523649,0.0022294801505360375,0.0013449253568156988,0.003173842910422695,0.002399354877966421,0.0017701147633426336,0.0004045833005368593,0.000507111242536263,0.0007096541867801821,0.00045986797514438113,0.0011499212318364423,0.0018233890861462446,0.0005473182786144594,0.000919233362337785,0.0015218363155597662,0.0029984397155315597,0.0015504838287654817,0.002321453745564913,0.0005282199364773157,0.0008448503455931195,0.00035683744519400193,0.0006960843121037903,0.0011212737186307251,0.0009267721816024459,0.0016957317465979699,0.0004462981004679893,0.0021133823338602437,0.0030401545154626897,0.0008011251938580821,0.00028597254410617917,0.0014248368410211144,0.0007212137096526648,0.0009539119309552296,0.0004442877486640802,0.0009614507502198923,0.0012052059064439624,0.0007001050157116086,0.0006448203411040902,0.002525504453661764,0.00210785386639949,0.002138009143458139,0.0009669792176806441,0.0004824844329383675,0.00042719975833084567,0.0006543695121726603,0.0005377691075458893,0.0007307628807212349,0.0015409346576969098,0.002216412863810623,0.0002231490502339964,0.0007780061481131167,0.0010413622344253096,0.002111371982056333,0.002420463571907474,0.0006026029532219812,0.0012986872653257715,0.0009277773575044022,0.0006101417724866422,0.0010911184415720778,0.001028294947699895,0.0002211386984300838,0.002307883870888521,0.0028456529784344105,0.0020294501460470064,0.0021400194952620483,0.0013409046532078788,0.0012378741232574979,0.00033020028379219385,0.0013006976171296807,0.00031864076091971463,0.0006789963217705558,0.0010946365572289205,0.0016841722237254872,0.0026395919185336486,0.0019626059485670037,0.0018766634089498573,0.0009614507502198923,0.00042719975833084567,0.0014570024698836725,0.0009890930875236532,0.0004442877486640802,0.0007192033578487522,0.0007362913481819867,0.00021912834662617467,0.0010338234151606469,0.0007247318253095041,0.00032065111272362376,0.0015776235781182653,0.0005684269725555122,0.0010489010536899705,0.0007267421771134167,0.0006026029532219812,0.0004940439558108502,0.0009850723839158332,0.0008373115263284568,0.0007704673288484558,0.002616975460739664,0.0025365613885832694,0.0013579926435411116,0.002258127663741753,--,--,--
105,0.001226314600385017,0.000373925435527233,0.0011368539451110278,0.0014761008120208162,0.0019188807968319645,0.0020847348206545265,0.0013333658339432161,0.0009765283887492159,0.0010318130633567377,0.0004980646594186684,0.0006171780038003276,0.0004312204619386674,0.0006503488085648421,0.0006196909435552157,0.0006352711700355167,0.0013197959592668243,0.0008202235359952258,0.000980549092357036,0.0018178606186854927,0.001065989044023205,0.0010911184415720778,0.0008543995166616913,0.0012358637714535887,0.000861938335926354,0.000806653661318834,0.0012474232943260697,0.0003814642547918974,0.001175050629385315,0.0010966469090328296,0.0009976370826902687,0.0026511514414061313,0.0015238466673636753,0.001428354956677957,0.0011519315836403515,0.000877518562406655,0.0009900982634256077,0.00043021528603670936,0.0006769859699666467,0.000816202832387404,0.0009157152466809423,0.0007322706445741685,0.0006749756181627375,0.0032004800718245015,0.0016499962430590199,0.0011921386197185479,0.000919233362337785,0.0010298027115528269,0.000919233362337785,0.0006845247892313076,0.001682161871921578,0.0009267721816024459,0.0031411746936091597,0.0011614807547089233,0.0021666566566638547,0.002511934578985372,0.003708093902311742,0.0020711649459781364,0.0015374165420400671,0.002519473398250035,0.0005578726255849875,0.0005302302882812249,0.0004749456136737065,0.0010262845958959842,0.0008564098684656022,0.0020294501460470064,0.00036035556085084464,0.0014841422192364562,0.003925211897134006,0.0012454129425221606,0.0006196909435552157,0.0009172230105338741,0.0010720200994349342,0.0006332608182316075,0.00013720651061684824,0.0007704673288484558,0.0008031355456619912,0.0004674067944090421,0.0025043957597207112,0.0009383317044749286,0.001485649983089388,0.0007669492131916131,0.0006312504664276984,0.0017098042092253372,0.0004538369197326503,0.001077548566895686,0.0003910134258604675,0.0005739554400162675,0.0019113419775673018,0.0010393518826213987,0.0013750806338743461,0.00180077262835226,0.0032100292428930734,0.002628534983612145,0.0011212737186307251,0.00031864076091971463,0.001022263892288166,0.001035833766964556,0.0006312504664276984,0.0007991148420541695,0.0012187757811203542,0.0022676768348103248,0.002525504453661764,0.0017776535826072963,0.0006885454928391294,0.0008810366780634977,0.0019761758232433955,0.001739456898333009,0.0008564098684656022,0.0005131422979479938,0.0008468606973970304,0.0013504538242764506,0.0011212737186307251,0.0013027079689335915,0.001594711568451498,0.0013449253568156988,0.0016670842333922527,0.000673467854309804,0.0010966469090328296,0.001281599274992537,0.0007860475553287567,0.0006196909435552157,0.00024023704056722744,0.00030054759468452555,0.00038548495839971567,0.0010584502247585423,0.0018656064740283518,0.0025883279475339485,0.0013082364363943434,0.0026571824968178604,0.001239884475061407,0.001539426893843978,0.0007955967263973268,0.00022716975384181465,0.0001849523659597091,0.0006830170253783775,0.001373070282070437,0.0011252944222385451,0.00023068786949865736,0.0003528167415861802,0.0014951991541579598,0.002765741494228993,0.001634416016578719,0.0024908258850443194,0.0014705723445600644,0.0006619083314373213,0.0006820118494764195,0.0008810366780634977,0.0005377691075458893,0.0013579926435411116,0.001186610152257796,0.0013082364363943434,0.003627679830155347,0.0013770909856782552,0.002885860014512607,0.0008106743649266522,0.001175050629385315,0.0015962193323044317,0.0010308078874547814,0.001186610152257796,0.00029200359951790655,0.0008202235359952258,0.001539426893843978,0.0015715925227065344,0.0007724776806523649,0.0018349486090187273,0.0024812767139757476,0.0006925661964469476,0.0007679543890935676,0.0005950641339573202,0.002151579018134531,0.0005769709677221312,0.0012569724653946415,0.0007513689867113121,0.0008810366780634977,0.001020253540484255,0.0024375515622407085,0.0019837146425080564,0.0017736328789994763,0.0012147550775125342,0.0007609181577798822,0.0005618933291928058,0.00034829345002738293,0.0004970594835167139,0.0002708949055768538,0.0007629285095837914,0.0024375515622407085,0.0019530567774984318,0.0023405520877020566,0.0013921686242075806,0.0009137048948770331,0.0006885454928391294,0.0005111319461440812,0.0003030605344394137,0.0007438301674466477,0.0005025879509774657,0.0002879828959100883,0.00020204035629294015,0.0010147250730235032,0.000507111242536263,0.0022470707288202493,0.0023289925648295757,0.001388650508550738,0.0018193683825384263,0.0007609181577798822,0.001285619978600357,0.0015831520455790171,0.0017374465465290981,0.0010966469090328296,0.0008755082106027458,0.0013006976171296807,0.0023405520877020566,0.0016153176744415753,0.001964616300370913,0.0012876303304042679,0.002260138015545662,0.0015545045323733016,0.0009860775598177877,0.00042167129087009383,0.0005262095846734066,0.0010966469090328296,0.0011785687450421578,0.0010031655501510223,0.0026320530992689876,0.0019284299679005364,0.002372717716564615,0.0019093316257633927,0.0012303353039928352,0.0006292401146237858,0.0006940739602998812,0.0005322406400851375,0.001804290744009101,0.0013238166628746443,0.0011102167837092215,0.0008051458974659004,0.0016706023490490954,0.0016555247105197717,0.0003950341294682892,0.0011137348993660642,0.0005417898111537076,0.00030054759468452555,0.0005739554400162675,0.0017701147633426336,0.0008106743649266522,0.0007307628807212349,0.0020711649459781364,0.0030290975805411843,0.000408101416193702,0.0024511214369171003,0.0011082064319053123,0.0014132773181486334,0.0017912234572836881,0.0009172230105338741,0.0017681044115387245,0.0005523441581242357,0.0007533793385152213,0.0016233590816572135,0.0011675118101206524,0.0002211386984300838,0.003692513675831439,0.002216412863810623,0.003242697459706607,0.0009765283887492159,0.002069657182125203,0.00013921686242075737,0.0013067286725414115,0.0007212137096526648,0.0002115895273615137,0.0008850573816713177,0.002926067050590805,0.0019284299679005364,0.0006483384567609295,0.001228324952188926,0.0025023854079168004,0.001028294947699895,0.002729555161758615,0.002523494101857855,0.0009519015791513204,0.000665426447094164,0.0005186707654087457,0.0005950641339573202,0.0005533493340261902,0.001428354956677957,0.0029084764723065933,0.001886212580018429,0.0022847648251435593,0.0005342509918890466,0.0006448203411040902,0.0015087690288343517,0.0007021153675155212,0.0007287525289173258,0.00043674892939941923,0.0010931287933759887,0.0011328332415032078,0.0007724776806523649,0.0008795289142105658,0.0020389993171155783,0.004165448937701235,0.002943155040924038,0.001388650508550738,0.0016535143587158626,0.00026586902606708096,0.0008925962009359786,0.0018063010958130118,0.0022676768348103248,0.0004980646594186684,0.0015238466673636753,0.002147558314526711,0.0017374465465290981,0.0007438301674466477,0.001338894301403968,0.001588680513039769,0.0008905858491320695,0.0010911184415720778,0.001373070282070437,0.0013579926435411116,0.001743477601940829,0.0024873077693874767,0.0015012302095696907,0.0024988672922599594,0.001224304248581106,0.0021189108013209956,0.0010318130633567377,0.0017374465465290981,0.0012986872653257715,0.0005493286304183685,0.0006619083314373213,0.00040056259692904106,0.0017721251151465445,0.0010318130633567377,0.0024717275429071758,0.0011102167837092215,0.0018138399150776727,0.0013921686242075806,0.0007001050157116086,0.000457857623340472,0.0009096841912692132,0.001443935183158258,0.000290998423615952,0.000774488032456274,0.0010850873861603487,0.0005930537821534111,0.0012072162582478733,0.001396189327815399,0.0023707073647607057,0.002988890544462988,0.0008830470298674068,0.002147558314526711,0.0005950641339573202,0.0009348135888180859,0.0005930537821534111,0.0009765283887492159,0.0009709999212884641,0.0011956567353753906,0.00046338609080122384,0.0007553896903191304,0.0018595754186166227,0.0026340634510728968,0.002535053624730336,0.00354374764234211,0.0011006676126406496,0.0003879978981546038,0.0002975320669786584,0.0005015827750755111,0.0009478808755435005,0.0007533793385152213,0.0013504538242764506,0.00047695596547761565,0.0002668742019690355,0.002069657182125203,0.0009212437141416941,0.0007192033578487522,0.0005015827750755111,0.0009860775598177877,0.0004789663172815248,0.0005513389822222811,0.0008905858491320695,0.0009137048948770331,0.0012303353039928352,0.0006005926014180721,0.0025425924439949985,0.0009614507502198923,0.0007247318253095041,0.001012714721219594,0.002614965108935753,0.0003643762644586629,0.0010287975356508723,0.0006639186832412339,0.0005533493340261902,0.0004538369197326503,0.0003910134258604675,0.0011675118101206524,0.0016535143587158626,0.0012052059064439624,0.000816202832387404,0.000861938335926354,0.000919233362337785,0.000524701820820473,0.000923254065945605,0.0013047183207375006,0.002016885447272569,0.0009820568562099678,0.0007056334831723604,0.00215358936993844,0.0013655314628057743,0.0031205685876190842,0.0023747280683685257,0.0017168404405390227,0.00043021528603670936,0.0005855149628887467,0.0007227214735055949,0.0004407696330072375,0.001129315125846365,0.00183846672467557,0.0005588778014869421,0.0009307928852102659,0.0014419248313543489,0.0028933988337772696,0.0015258570191675862,0.0022375215577516774,0.0005739554400162675,0.0009076738394653023,0.0004025729487329502,0.0006845247892313076,0.0011499212318364423,0.000919233362337785,0.0016766334044608245,0.0004674067944090421,0.0020792063531937747,0.003023066525129455,0.000764938861387704,0.0003291951078902393,0.0013921686242075806,0.0007307628807212349,0.0009172230105338741,0.00045182656792874115,0.000919233362337785,0.0012187757811203542,0.0007383016999858959,0.0006141624760944639,0.0024450903815053694,0.0021249418567327247,0.0020807141170467083,0.0009689895694845532,0.0005186707654087457,0.0004558472715365629,0.0006503488085648421,0.0005533493340261902,0.0007342809963780776,0.0015122871444911944,0.0022259620348791948,0.0002477758598318919,0.000749358634907403,0.0010262845958959842,0.002216412863810623,0.002355629726231382,0.0006292401146237858,0.0012795889231886279,0.0009383317044749286,0.0006151676519964185,0.0010986572608367405,0.001020253540484255,0.00020957917555760458,0.0022505888444770902,0.0027903683038268887,0.002006331100302043,0.0020983046953309183,0.0013142674918060725,0.001216765429316445,0.00034226239461565555,0.0013102467881982525,0.00032416922838046647,0.0007116645385840913,0.0010755382150917769,0.001592701216647589,0.002622503928200416,0.00194350760642986,0.0018806841125576755,0.000952906755053275,0.0004462981004679893,0.0014208161374132961,0.0009850723839158332,0.00046338609080122384,0.0007192033578487522,0.0007895656709855994,0.00021762058277324456,0.001012714721219594,0.0007171930060448431,0.0003126097055079838,0.001531385486628338,0.0005628985050947603,0.0010755382150917769,0.0007021153675155212,0.0005950641339573202,0.0005206811172126548,0.0009498912273474096,0.0007971044902502604,0.0008051458974659004,0.002628534983612145,0.002403375581574241,0.001327334778531487,0.00219932487347739,--,--,--
106,0.003816652899722873,0.0019399894907730173,0.006864346234450225,0.003751819054046781,0.0031567549200894607,0.004781621765599608,0.005407343764566553,0.003042164867266599,0.0022355112059477666,0.0002613457345082837,0.0020294501460470064,0.0013484434724725398,0.0015725976986084907,0.000869979743141994,0.0022792363576828057,0.00444589301434666,0.002727544809954706,0.002403375581574241,0.0034673542737935353,0.0010604605765624532,0.0034276498256663145,0.001180579096846067,0.005420913639242943,0.0017168404405390227,0.003276873440373076,0.004192588687054018,0.0009519015791513204,0.0033723651510587944,0.002811476997767943,0.0028974195373850896,0.004623306561041705,0.003959890465751452,0.0032175680621577343,0.005966221566053493,0.0016193383780493936,0.005771720029025214,0.0027627259665231278,0.00021762058277324456,0.0013258270146785552,0.003597021965145721,0.0017736328789994763,0.0015715925227065344,0.0049132998087557025,0.003093931426217278,0.004015175140358972,0.0011122271355131323,0.002880331547051855,0.0019857249943119673,0.0006523591603687512,0.009050603821202199,0.001739456898333009,0.004932398150892846,0.0033246192957159353,0.0028552021495029823,0.006265763984836062,0.006183842148826736,0.003375883266715637,0.0037176430733803136,0.0067980046249212,0.002138009143458139,0.0011594704029050142,8.393218781323555e-05,0.0019304403197044455,0.0016057685033730035,0.0036563273433610627,0.0007021153675155212,0.004533845905767716,0.009925609443853966,0.002727544809954706,0.0006372815218394258,0.0014494636506190116,0.0027883579520229795,0.0017681044115387245,0.0002367189249103882,0.0023958367623095785,0.0013801065133841207,0.0006714575025058948,0.0062330957680225285,0.004642404903178849,0.0044936388696895195,0.0023385417358981475,0.0020369889653116674,0.004530830378061852,0.0011222788945326814,0.003399002312460599,0.0012951691496689288,0.0024013652297703303,0.003383422085980298,0.0027541819713565122,0.0031602730357463034,0.003375883266715637,0.007924806811012677,0.00880835642883106,0.002172687712075584,0.0007398094638388295,0.003185402433295176,0.0025003750561128912,0.0010187457766313232,0.0020847348206545265,0.004911289456951793,0.004985672473696459,0.007625766980181085,0.002720005990690043,0.0029486835083847914,0.0025521416150635703,0.004434836079425157,0.006254204461963581,0.0007971044902502604,0.00175101642120549,0.004778103649942765,0.0024013652297703303,0.004169469641309055,0.0032100292428930734,0.002509924227181463,0.004320246026602293,0.0057908183711623575,0.002303863167280703,0.005988838023847479,0.0032235991175694634,0.0020314604978509156,0.0007116645385840913,0.0009297877093083114,0.0010137198971215487,0.0002668742019690355,0.0043468831880040994,0.0036161203072828645,0.004215205144848003,0.0038146425479189637,0.005401815297105799,0.00210785386639949,0.004575560705698846,0.0014705723445600644,0.00020957917555760458,8.946065527399086e-05,0.0034849448520777454,0.004503188040758091,0.004209676677387251,0.0005417898111537076,0.0021264496205856565,0.004827357269138556,0.005311852053880833,0.0030175380576687033,0.006065231392396054,0.005175650719165941,0.0012434025907182497,0.0016258720214121017,0.0027029180003568104,0.0019223989124888055,0.0015142974962951035,0.00354776834594993,0.0014112669663447243,0.005827004703632736,0.004434836079425157,0.007745885500464698,0.002784839836366137,0.003984517275349347,0.005079153832578266,0.0009870827357197423,0.001281599274992537,0.0009554196948081631,0.00179273122113662,0.0026511514414061313,0.0015183181999029235,0.0014228264892172052,0.005565658969124454,0.005599834949790921,0.001810824387371809,0.0014112669663447243,0.0017032705658626308,0.0037744355118407655,0.000540784635251753,0.002926067050590805,0.0015776235781182653,0.001531385486628338,0.0009267721816024459,0.005107801345783982,0.006422068837590054,0.008373115263284575,0.0016746230526569154,0.0019741654714394846,0.0018329382572148164,0.00019550671293023375,0.001020253540484255,0.0015585252359811216,0.0032673242693045043,0.003334168466784507,0.008535451171450298,0.005796346838623111,0.0014002100314232189,0.002256619899888821,0.0010187457766313232,0.0016248668455101471,0.0003146200573118929,0.00020003000448903102,0.0007438301674466477,0.0015776235781182653,0.0010529217572977905,0.006370302278639375,0.0021666566566638547,0.004062418407750854,0.010210074224107211,0.0026873377738765077,0.007408146397407842,0.001693721394794059,0.006124536770611396,0.004009144084947243,0.0076272747440340165,0.0044519240697583895,0.003169822206814875,0.002147558314526711,0.0029547145637965205,0.004724326739188177,0.0028552021495029823,0.0035990323169496317,0.006532638186805098,0.0068035330923819515,0.004764533775266373,0.0009212437141416941,0.0003678943801155056,0.002555659730720413,0.00349801213880316,0.00425340182912229,0.002759710438817264,0.004627327264649525,0.004035781246349049,0.005760160506152733,0.003492483671342408,0.0018731452932930145,0.0038262020707914447,0.0025003750561128912,0.003990045742810099,0.001739456898333009,0.004661503245315992,0.0020636261267134737,0.0034713749774013553,0.0022847648251435593,0.0014570024698836725,0.003654316991557152,8.393218781323555e-05,0.0018751556450969237,0.001081569270503506,0.007058847771478504,0.0029562223276494524,0.0008257520034559776,0.004853994430540362,0.0070151226197434635,0.0027124671714253822,0.010471419958615495,0.0029828594890512587,0.0021249418567327247,0.0032537543946281125,0.003551286461606771,0.007818258165405455,0.0008905858491320695,0.002006331100302043,0.003999594913878671,0.001081569270503506,0.0005608881532908512,0.006916112793400903,0.007507156223750403,0.006441167179727198,0.002628534983612145,0.006839719424852328,0.0007267421771134167,0.003984517275349347,0.002418453220103565,0.00017540319489113554,0.002050558839988059,0.0056209436437319755,0.006443177531531109,0.0012705423400710333,0.00335527716072556,0.00634366511723757,0.002006331100302043,0.007099054807556701,0.003936771420006488,0.001065989044023205,0.0015831520455790171,0.0023747280683685257,0.001028294947699895,0.0018193683825384263,0.003027087228737275,0.005512384646320843,0.002828564988101176,0.0049590353122946525,0.00022867751769474823,0.00180077262835226,0.0020389993171155783,0.0019530567774984318,0.00033371839944903656,0.0009594403984159814,0.0012609931690024615,0.0033683444474509744,0.0023289925648295757,0.0022716975384181447,0.007667481780112215,0.012985364889404776,0.005155547201126841,0.003282401907833828,0.006400960143649001,0.0004623809148992693,0.0054304628103115146,0.0028974195373850896,0.0020847348206545265,0.0017263896116075945,0.006385882505119678,0.005897367016769581,0.003919683429673254,0.0030401545154626897,0.005685777489408067,0.0052947640635476,0.0030954391900702097,0.0038794763935950573,0.007583549592298977,0.00544151974523302,0.0030994598936780297,0.008194193952736599,0.005058045138637213,0.005590285778722349,0.0021359987916542283,0.0052088215239304535,0.0036794463891060246,0.005455089619909412,0.0027149801111802686,0.0011122271355131323,0.001129315125846365,0.0020771960013898656,0.006528617483197278,0.0022335008541438574,0.005992858727455299,0.0030039681829923115,0.005554099446251971,0.004768554478874193,0.002416442868299654,0.002331002916633485,0.0021400194952620483,0.004932398150892846,0.0001914860093224155,0.003704073198703922,0.00209026328811528,0.002157107485595283,0.004003615617486491,0.005855652216838451,0.004486100050424857,0.007093526340095949,0.0015851623973829262,0.007314665038526033,0.0010348285910626014,0.0012072162582478733,0.0013635211110018652,0.003131625522540588,0.002285770001045514,0.0020369889653116674,0.0016268771973140563,0.0016841722237254872,0.0042936088652004885,0.005848113397573788,0.00990500333786389,0.009292851213573337,0.0036181306590867754,0.0005161578256538575,0.0008574150443675568,0.001129315125846365,0.0014172980217564534,0.0018902332836262473,0.004179018812377627,0.0007895656709855994,0.0010298027115528269,0.005363618612831512,0.0042363138387890575,0.0007116645385840913,0.0030612632094037424,0.0041388117762994284,0.0015695821709026253,0.0010850873861603487,0.00204854848818415,0.004976123302627887,0.0019857249943119673,0.0021189108013209956,0.006980946639076996,0.0014801215156286362,0.0011423824125717796,0.006654767058892621,0.006923651612665565,0.0028989273012380214,0.0011871127402087733,0.0019128497414202337,0.0002668742019690355,0.0011368539451110278,0.0023249718612217557,0.0044363438432780886,0.0033587952763824026,0.003450266283460301,0.0017701147633426336,0.0025978771186025203,0.002969792202325844,0.0014610231734914925,0.003660348046968881,0.00180077262835226,0.004722818975335243,0.003593503849488878,0.0008966169045437986,0.0046976895777863705,0.004007133733143334,0.00828918307547134,0.004415737737288013,0.004661503245315992,0.0009011401961025959,0.0005417898111537076,0.001844497780087299,0.0015087690288343517,0.0017319180790683463,0.004169469641309055,0.0017640837079309045,0.002513944930789283,0.004583602112914486,0.008771667508409707,0.004035781246349049,0.0068608281187933825,0.000515152649751903,0.0015333958384322471,0.00011056934921504363,0.0007383016999858959,0.002399354877966421,0.0008523891648577822,0.004245863009857629,0.0009307928852102659,0.0029562223276494524,0.005771720029025214,0.0030708123804723143,0.001226314600385017,0.004159920470240483,0.0018826944643615864,0.0027225189304449313,0.0008106743649266522,0.003684974856566778,0.0027943890074347087,0.001134843593307117,0.0008277623552598867,0.0040855374534958175,0.001964616300370913,0.0054244317548997854,0.0030175380576687033,0.0005684269725555122,0.00023269822130256648,0.002582799480073195,0.0018118295632737636,0.006128557474219216,0.005527462284850166,0.002725534458150795,0.0013368839496000588,0.0005930537821534111,0.002511934578985372,0.0032140499465008916,0.005378696251360837,0.0013162778436099833,0.0033015002499709716,0.0017077938574214281,0.002567219253592894,0.0024928362368482285,0.002252599196281001,0.0008011251938580821,0.0037367414155174573,0.0047590053078056214,0.004627327264649525,0.0068608281187933825,0.0040282424270843865,0.0040056259692904,0.0005367639316439347,0.0016650738815883435,0.0005628985050947603,0.0020792063531937747,0.0028612332049147114,0.004316225322994475,0.003706083550507831,0.004070459814966494,0.004007133733143334,0.003252749218726158,0.0010338234151606469,0.004982154358039616,0.00226667165890837,0.000299542418782571,0.0014745930481678843,0.0029451653927279487,4.171479993113e-05,0.002307883870888521,0.0017414672501369181,0.00045031880407581104,0.003976978456084685,0.002319443393761004,0.0023249718612217557,0.0012931587978650197,0.001682161871921578,0.00033371839944903656,0.005266116550341884,0.002832585691708996,0.0017756432308033854,0.003593503849488878,0.005359597909223692,0.002273707890222054,0.0025843072439261285,--,--,--
107,0.0035668666880870736,0.0017736328789994763,0.006254204461963581,0.0036658765144296345,0.0031034805972858497,0.004642404903178849,0.005150018733666089,0.0028974195373850896,0.002115392685664153,0.00025581726704753185,0.0018932488113321128,0.0012685319882671225,0.0014524791783248753,0.0007915760227895086,0.0021359987916542283,0.004453431833611323,0.0026395919185336486,0.0023898057068978493,0.003538219174881358,0.0011579626390520806,0.003196961956167659,0.0012207861329242634,0.004968584483363224,0.0016288875491179654,0.0032004800718245015,0.003980496571741527,0.0008850573816713177,0.003242697459706607,0.002668239431739364,0.0026436126221414686,0.004932398150892846,0.004026232075280477,0.003000450067335469,0.005594306482330169,0.0015620433516379626,0.005512384646320843,0.0024672042513483785,0.00021862575867519912,0.001285619978600357,0.003341707286049168,0.0017681044115387245,0.0016138099105886417,0.0048524866666874306,0.003023066525129455,0.0038282124225953555,0.0010453829380331278,0.002832585691708996,0.0018711349414891037,0.0006523591603687512,0.00870331554707677,0.001682161871921578,0.004926869683432094,0.0032175680621577343,0.0028989273012380214,0.006112977247738913,0.006080811618876355,0.003188920548952019,0.003534198471273538,0.006786445102048717,0.001961600772665049,0.0011499212318364423,8.393218781323555e-05,0.0018138399150776727,0.001546965713108639,0.003597021965145721,0.0006468306929079994,0.004369499645798086,0.00959792209981666,0.0026627109642786122,0.0006046133050258903,0.0013539719399332916,0.002622503928200416,0.0015695821709026253,0.00020405070809685275,0.002161128189203103,0.0013419098291098334,0.0006639186832412339,0.006038594230994249,0.004516757915434483,0.00434487283620019,0.002264158719153482,0.002010351803909863,0.004150371299171911,0.0010368389428665123,0.0031567549200894607,0.0012494336461299788,0.0021666566566638547,0.0032788837921769853,0.002670249783543275,0.0030476933347273506,0.0033683444474509744,0.007438804262417468,0.008157505032315243,0.002115392685664153,0.0006468306929079994,0.0030079888866001315,0.002372717716564615,0.0010031655501510223,0.001959087832910161,0.0048047408113445714,0.00504698820371571,0.007148811014703469,0.0027009076485528995,0.0027999174748954605,0.002406893697231082,0.004304665800121992,0.00584007199035815,0.0008031355456619912,0.0016329082527257854,0.004566011534630274,0.0023440702033588993,0.004018693256015815,0.003036636399805847,0.0024335308586328885,0.004163941173848303,0.005514394998124752,0.002315422690153184,0.005580736607653777,0.003036636399805847,0.0020636261267134737,0.0007066386590743184,0.0008448503455931195,0.0009328032370141768,0.00025732503090046197,0.00429511662905342,0.00354776834594993,0.004205655973779431,0.0036774360373021155,0.0053711574320961745,0.002006331100302043,0.004282049342328006,0.0013921686242075806,0.00020103518039098559,8.393218781323555e-05,0.0033055209535787916,0.004184547279838378,0.003970947400672956,0.0005417898111537076,0.0019741654714394846,0.004720808623531334,0.004991703529108188,0.0028361038073658387,0.005906916187838153,0.005073625365117514,0.0011976670871793015,0.0015937063925495435,0.002565208901788985,0.0018178606186854927,0.0015163078480990144,0.0035171104809403036,0.0016786437562647354,0.0060365838791903385,0.00420213785812259,0.007581539240495068,0.002664721316082523,0.0036955292035373045,0.0047590053078056214,0.0009900982634256077,0.0013600029953450225,0.000873497858798835,0.0017263896116075945,0.0025637011379360513,0.0015680744070496935,0.0015067586770304425,0.005287225244282937,0.005220381046802934,0.0017520215971074445,0.0013208011351687806,0.0016555247105197717,0.0036563273433610627,0.0005558622737810784,0.002775290665297565,0.0015333958384322471,0.0015238466673636753,0.0010011551983471114,0.00510227287832323,0.006172282625954255,0.007934355982081248,0.0016193383780493936,0.0019244092642927164,0.0016414522478924026,0.00017741354669504467,0.0009840672080138786,0.0014228264892172052,0.0029547145637965205,0.0032653139175005935,0.008504793306440672,0.005821476236171984,0.0014801215156286362,0.002155097133791372,0.0009840672080138786,0.0014992198577657798,0.0003015527705864801,0.0002030455321948947,0.0006925661964469476,0.0014650438770993125,0.0009689895694845532,0.005943102520308529,0.0021666566566638547,0.004049351121025439,0.00949840968552312,0.0026476333257492886,0.007091515988292038,0.001634416016578719,0.005842082342162059,0.0038337408900561074,0.00739859722633927,0.0041865576316422876,0.0029642637348650924,0.0021209211531249047,0.003025076876933366,0.0045433950768362895,0.002965771498718024,0.0034522766352642117,0.006366784162982534,0.0064924311507269,0.004471022411895533,0.0008714875069949259,0.0004060910643897929,0.0024586602561817612,0.0033075313053827007,0.00410664614743687,0.0029165178795222332,0.004341354720543348,0.003847310764732499,0.005352059089959031,0.0032693346211084134,0.0018731452932930145,0.003643260056635648,0.0023747280683685257,0.003866409106869643,0.0018118295632737636,0.0044519240697583895,0.0019837146425080564,0.00350203284241098,0.002567219253592894,0.001432375660285777,0.003593503849488878,9.900982634256095e-05,0.001739456898333009,0.0010071862537588405,0.006675875752833675,0.002784839836366137,0.000749358634907403,0.004724326739188177,0.006668336933569012,0.002624514280004325,0.00984770831145246,0.002922046346982985,0.0020334708496548264,0.003289940727098489,0.0033683444474509744,0.00765039378977898,0.0007971044902502604,0.00189777210289091,0.0037613682251153528,0.0011102167837092215,0.0005684269725555122,0.0066070212035497615,0.0071065936268213635,0.006153184283817111,0.0024757482465149958,0.006443177531531109,0.000673467854309804,0.0036065711362142927,0.0022928062323591975,0.00020405070809685275,0.002000802632841291,0.005609384120859493,0.005916465358906725,0.0011941489715224587,0.0031587652718933715,0.006103428076670341,0.0018806841125576755,0.0070764383497627144,0.0038297201864482874,0.0010413622344253096,0.001478111163824727,0.002218423215614534,0.0010986572608367405,0.0016881929273333072,0.002889880718120427,0.005225909514263686,0.0027883579520229795,0.004669042064580655,0.0002231490502339964,0.0016138099105886417,0.0019359687871651973,0.0018349486090187273,0.0003126097055079838,0.000964968865876735,0.0011539419354442606,0.003131625522540588,0.002266169070957393,0.002218423215614534,0.0072764683542517455,0.012363663594045653,0.004858015134148182,0.0031587652718933715,0.006334115946168999,0.000415640235458363,0.005088703003646838,0.002929585166247646,0.002069657182125203,0.0016329082527257854,0.006072770211660717,0.005762170857956642,0.00369452402763535,0.0028954091855811787,0.0052681269021457935,0.005180174010724738,0.002899932477139976,0.003658337695164972,0.00719655687004633,0.005126899687921125,0.003085890019001638,0.00789465153395403,0.004898222170226379,0.005554099446251971,0.0023802565358292775,0.004918828276216456,0.0035266596520088754,0.005115340165048644,0.002452126612819055,0.0010850873861603487,0.0010644812801702715,0.0018369589608226364,0.006332608182316067,0.0021973145216734793,0.005745082867623409,0.0028516840338461396,0.005266116550341884,0.0045433950768362895,0.002147558314526711,0.0021897757024088183,0.0020616157749095646,0.004667031712776746,0.0001985222406361009,0.0035784262109595545,0.002010351803909863,0.002060108011056631,0.003957880113947541,0.005597824597987012,0.004575560705698846,0.0070151226197434635,0.0015087690288343517,0.0069618482969398526,0.0009870827357197423,0.0010931287933759887,0.0013082364363943434,0.0029622533830611815,0.00222897756258506,0.002151579018134531,0.0015640537034418735,0.0017168404405390227,0.004140822128103339,0.005597824597987012,0.00934612553637695,0.008871179922703244,0.0033055209535787916,0.00045182656792874115,0.0008076588372207885,0.0010946365572289205,0.0014017177952761525,0.0017585552404701527,0.0040739779306233365,0.0007267421771134167,0.0010298027115528269,0.005184194714332558,0.0038950566200753583,0.0007036231313684513,0.0027104568196214714,0.003961398229604384,0.0014057384988839707,0.0010413622344253096,0.0019666266521748237,0.004632855732110277,0.001964616300370913,0.0022470707288202493,0.006565306403618633,0.0014172980217564534,0.0010931287933759887,0.0059792888527789075,0.006307478784767192,0.0027677518460329023,0.0011740454534833605,0.0018434926041853445,0.00025732503090046197,0.0010870977379642578,0.0021666566566638547,0.00440417821441553,0.00329597178251022,0.0033567849245784917,0.0016595454141275917,0.0022752156540749875,0.002780819132758317,0.0014193083735603625,0.00350203284241098,0.0017851924018719573,0.004574052941845914,0.0034065411317252617,0.000831783058867705,0.004673062768188475,0.003856859935801071,0.008147955861246671,0.004260940648386953,0.0044403645468859086,0.0008976220804457532,0.0005513389822222811,0.001689700691186239,0.0013579926435411116,0.0016670842333922527,0.004173490344916875,0.0016726127008530062,0.0024717275429071758,0.004499669925101249,0.008380654082549238,0.0038930462682714474,0.00674422771416661,0.0005302302882812249,0.001386640156746827,8.393218781323555e-05,0.0007267421771134167,0.002204853340938142,0.0008508814010048486,0.0042398319544459,0.0008830470298674068,0.002929585166247646,0.005380706603164746,0.0028552021495029823,0.001099662436738695,0.004116195318505444,0.001798762276548349,0.002681809306415756,0.0008086640131227431,0.0035130897773324836,0.0026456229739453795,0.0011403720607678688,0.0008564098684656022,0.004011154436751152,0.001987232758164899,0.005254557027469402,0.0027828294845622277,0.0005166604136048365,0.00024425774417504917,0.002269687186614234,0.0017072912694704508,0.005624964347339794,0.005340499567086548,0.002729555161758615,0.0012132473136596024,0.0006523591603687512,0.0024450903815053694,0.003076340847933066,0.005018340690509994,0.001216765429316445,0.003187412785099087,0.0017449853657937608,0.002497862116358005,0.0024280023911721366,0.0021897757024088183,0.000923254065945605,0.003635218649420008,0.004926869683432094,0.004471022411895533,0.006609031555353672,0.003801575261193549,0.0035648563362831627,0.0004920336040069376,0.001559027823932099,0.0005397794593497984,0.0019857249943119673,0.002681809306415756,0.004407696330072373,0.00369452402763535,0.0039865276271532565,0.0038453004129285883,0.003068802028668405,0.000923254065945605,0.004591140932179149,0.0021259470326346792,0.0002729052573807629,0.0015047483252265317,0.002832585691708996,4.975620714676998e-05,0.0022928062323591975,0.001743477601940829,0.00047695596547761565,0.003650798875900309,0.0021877653506049075,0.0022294801505360375,0.0012529517617868215,0.0016268771973140563,0.0003528167415861802,0.005111822049391802,0.0027582026749643305,0.0017168404405390227,0.0038297201864482874,0.005225909514263686,0.0022546095480849102,0.002628534983612145,--,--,--
108,0.003330147763176687,0.001634416016578719,0.005777248496485966,0.0035211311845481236,0.0029718025541297533,0.004585109876767418,0.004911289456951793,0.002735083629219367,0.0020636261267134737,0.00024224739237114004,0.00179675192474444,0.001182589448649976,0.001338894301403968,0.0007458405192505603,0.0020254294424391864,0.0043946290433469586,0.0025174630464461258,0.0023405520877020566,0.003408551483529171,0.0011976670871793015,0.0030401545154626897,0.001180579096846067,0.004568021886434185,0.0015449553613047298,0.0031145375322073534,0.0037859950347132482,0.0008353011745245477,0.0030557347419429906,0.002525504453661764,0.002468209427250333,0.005157557552930752,0.003915662726065434,0.002777301017101474,0.005292753711743689,0.0015298777227754062,0.005174645543263986,0.0021917860542127274,0.0002211386984300838,0.0012227964847281742,0.0030954391900702097,0.001689700691186239,0.0015640537034418735,0.004764533775266373,0.002920035995179074,0.0037231715408410655,0.0009996474344941796,0.0027828294845622277,0.0017660940597348136,0.0006598979796334122,0.008264556265873444,0.0016288875491179654,0.00474543543312923,0.003085890019001638,0.0029084764723065933,0.0059300352335831166,0.006069252096003874,0.0030059785347962224,0.0034296601774702253,0.006630140249294725,0.00179273122113662,0.0011559522872481715,8.192183600932643e-05,0.0017183482043919545,0.0015278673709714953,0.003490473319538499,0.0005759657918201766,0.004222743964112666,0.009185799980015136,0.0025903382993378576,0.0005739554400162675,0.0013006976171296807,0.002470219779054244,0.0014801215156286362,0.00018897306956752735,0.001964616300370913,0.0012866251545023116,0.0005930537821534111,0.005829015055436645,0.004329795197670867,0.004142832479907248,0.002218423215614534,0.001957077481106252,0.0038498237044873856,0.0009689895694845532,0.0029964293637276505,0.001180579096846067,0.0020274397942430956,0.003137656577952317,0.0025958667667986095,0.0029124971759144132,0.0034371989967348863,0.0068608281187933825,0.007623756628377176,0.002147558314526711,0.0006046133050258903,0.002828564988101176,0.0022199309794674656,0.000980549092357036,0.00185605730295978,0.004611747038169224,0.005010801871245332,0.006690953391362999,0.0026320530992689876,0.002612954757131844,0.002273707890222054,0.004177008460573716,0.00554656062698731,0.0007915760227895086,0.0015504838287654817,0.004383069520474478,0.0022450603770163384,0.0038337408900561074,0.0028878703663165178,0.0023501012587706285,0.004020703607819724,0.005270137253949704,0.0022963243480160402,0.005260588082881133,0.0029009376530419306,0.00210785386639949,0.000699099839809654,0.0008106743649266522,0.0008860625575732722,0.00024224739237114004,0.004188567983446198,0.0033799039703234553,0.0041352936606425875,0.0035744055073517345,0.005334971099625796,0.00189375139928309,0.004037791598152958,0.0013102467881982525,0.00018595754186166366,8.292701191128099e-05,0.0031758532622266043,0.0039865276271532565,0.0037729277479878337,0.0005186707654087457,0.0017319180790683463,0.0045549545997087704,0.004793181288472089,0.002666229079935455,0.0057792588482898765,0.004903750637687131,0.0012052059064439624,0.0015640537034418735,0.0024471007333092803,0.001693721394794059,0.0014534843542268298,0.0035306803556166954,0.0017012602140587217,0.006119008303150642,0.003972957752476865,0.007364421245672803,0.002557670082524322,0.0034779086207640617,0.004529825202159898,0.0009815542682589905,0.0014112669663447243,0.0008257520034559776,0.0016173280262454844,0.0024812767139757476,0.0014801215156286362,0.0014590128216875834,0.005104283230127141,0.0049173205123635225,0.0016947265706960136,0.0012750656316298306,0.0015640537034418735,0.0035226389484010554,0.0005684269725555122,0.0026838196582196668,0.0015032405613735998,0.0014172980217564534,0.0010091966055627514,0.00499723199656894,0.005865201387907023,0.0075262545658875465,0.0015736028745104453,0.0018480158957441418,0.0015419398335988644,0.0001698747274303837,0.0009604455743179377,0.0012720501039239652,0.0026913584774843277,0.00320450077543232,0.00840578348009811,0.005689798193015887,0.0015203285517068343,0.0021440401988698683,0.0009689895694845532,0.0014554947060307407,0.00028044407664542734,0.00021661540687128653,0.0006664316229961186,0.0013600029953450225,0.0008810366780634977,0.0055219338173894145,0.002163138541007012,0.003997584562074762,0.009052111585055131,0.002557670082524322,0.00679398392131338,0.0015298777227754062,0.005460618087370164,0.0036829645047628673,0.0070608581232824135,0.003953859410339721,0.002777301017101474,0.002054076955644902,0.0030441752190705097,0.0043885979879352294,0.002979341373394416,0.003337686582441348,0.006088350438141018,0.006093878905601769,0.004179018812377627,0.0008714875069949259,0.00043674892939941923,0.002367189249103863,0.0031587652718933715,0.003984517275349347,0.0028421348627775678,0.00405136147282935,0.00369452402763535,0.005006781167637512,0.0031049883611387816,0.0018882229318223382,0.00350203284241098,0.0022390293216046093,0.00379956490938964,0.0017872027536758681,0.004219225848455823,0.0019033005703516619,0.0034789137966660163,0.0026511514414061313,0.0013504538242764506,0.0034296601774702253,0.00012413922389143545,0.0016298927250199217,0.0009659740417786895,0.0062406345872871895,0.002610944405327933,0.0006980946639076994,0.0045092190961698204,0.00630195031730644,0.002571239957200714,0.009410959382053042,0.0028572125013068914,0.002004823336449111,0.0033055209535787916,0.003194951604363748,0.007404125693800022,0.0007438301674466477,0.0018178606186854927,0.0034713749774013553,0.0010966469090328296,0.0005377691075458893,0.006412519666521482,0.0067060310298923224,0.005947123223916349,0.002376738420172435,0.006078801267072446,0.0006372815218394258,0.0033205985921081153,0.0021802265313402465,0.00020606105990076187,0.0019148600932241445,0.005428452458507605,0.005556109798055882,0.0011464031161795996,0.0029547145637965205,0.005935563701043868,0.0018063010958130118,0.006892993747655941,0.003650798875900309,0.001012714721219594,0.0014002100314232189,0.0020887555242623465,0.001138864296914937,0.0015600329998340535,0.002771269961689745,0.005083174536186086,0.0026893481256804186,0.0044976595732973395,0.00021561023096933196,0.0014801215156286362,0.0018424874282833882,0.001682161871921578,0.00030708123804723195,0.0009443627598866577,0.0010946365572289205,0.0028954091855811787,0.002151579018134531,0.002092273639919189,0.00689902480306767,0.01184851094429375,0.004873092772677506,0.003034626048001938,0.006223546596953957,0.0003759357873311456,0.0047509639005899815,0.0028516840338461396,0.0020676468303212937,0.001531385486628338,0.005735533696554837,0.0055179131137815945,0.003490473319538499,0.0027999174748954605,0.004930387799088937,0.005069604661509694,0.0027687570219348586,0.003440717112391729,0.006854797063381653,0.004797201992079909,0.0030195484094726124,0.007659942960847552,0.004611747038169224,0.005235458685332258,0.002460670607985672,0.004722818975335243,0.0033321581149805962,0.004844445259471791,0.0022611431914476184,0.0010433725862292187,0.0010091966055627514,0.001640447071990448,0.006172282625954255,0.0021359987916542283,0.00555058133059513,0.0026873377738765077,0.005021858806166835,0.004363971178337334,0.0019188807968319645,0.002159117837399192,0.0020274397942430956,0.004369499645798086,0.00020003000448903102,0.003444737815999549,0.00194350760642986,0.00194350760642986,0.0037271922444488854,0.005251038911812561,0.004514747563630572,0.006839719424852328,0.0014399144795504398,0.006622098842079085,0.0009554196948081631,0.0010262845958959842,0.001274060455727876,0.002771269961689745,0.0020887555242623465,0.002142029847065959,0.0015504838287654817,0.0016097892069808217,0.004041812301760778,0.005439509393429109,0.00889781708410505,0.00859626431351857,0.0030954391900702097,0.00040357812463490475,0.0007629285095837914,0.001070009747631025,0.0013770909856782552,0.0016786437562647354,0.003919683429673254,0.0006769859699666467,0.0009880879116216969,0.005012309635098263,0.00369050332402753,0.0007001050157116086,0.002376738420172435,0.0037307103601057264,0.0013047183207375006,0.0009936163790824504,0.0018806841125576755,0.0043946290433469586,0.001886212580018429,0.002208874044545962,0.006340147001580728,0.001388650508550738,0.0010468907018860614,0.005519923465585504,0.005849621161426722,0.002559680434328233,0.0011700247498755405,0.0017711199392445882,0.0002477758598318919,0.0010298027115528269,0.0019796939389002365,0.004184547279838378,0.003131625522540588,0.0032175680621577343,0.0016077788551769126,0.0021189108013209956,0.0026913584774843277,0.0013504538242764506,0.0033587952763824026,0.0017605655922740618,0.004409706681876282,0.003126097055079836,0.000782026851720935,0.004629337616453436,0.0036714049818903863,0.00795194656036546,0.00415238165097582,0.004234303486985147,0.0008679693913380832,0.0005493286304183685,0.0015866701612358598,0.0012474232943260697,0.0016329082527257854,0.004133283308838677,0.001590690864843678,0.0023877953550939385,0.0043885979879352294,0.008110261764923361,0.0037211611890371546,0.006565306403618633,0.0005322406400851375,0.0013122571400021633,7.438301674466546e-05,0.0007096541867801821,0.00209026328811528,0.0008257520034559776,0.004110164263093713,0.0008353011745245477,0.0027582026749643305,0.0052163603431951144,0.002717995638886134,0.0010192483645823005,0.003997584562074762,0.0017108093851272935,0.0026576850847688377,0.0008141924805834949,0.0033703547992548835,0.0024928362368482285,0.0010986572608367405,0.0008448503455931195,0.0038834970972028756,0.0020028129846452,0.005079153832578266,0.002612954757131844,0.0004729352618697939,0.00025380691524361926,0.001991253461772719,0.0015982296841083408,0.0051630860203915035,0.005075635716921425,0.0026491410896022204,0.0011026779644445605,0.0006468306929079994,0.0024471007333092803,0.002931595518051557,0.004810269278805323,0.0011082064319053123,0.0030517140383351706,0.001769109587440679,0.002353619374427471,0.0023707073647607057,0.0020847348206545265,0.0009725076851413959,0.00354374764234211,0.0051173505168525535,0.004230282783377328,0.006305468432963283,0.0035819443266163972,0.003242697459706607,0.00045986797514438113,0.0015308828986773607,0.0005322406400851375,0.0019073212739594819,0.002559680434328233,0.004438354195081998,0.003551286461606771,0.0038950566200753583,0.003662358398772792,0.002955217151747498,0.000831783058867705,0.00425742253273011,0.0020676468303212937,0.0002593353827043711,0.0015142974962951035,0.0026757782510040268,5.126397099970356e-05,0.002248578492673181,0.0016213487298533044,0.0004407696330072375,0.003490473319538499,0.002058097659252722,0.002099812459183852,0.0012529517617868215,0.0015680744070496935,0.0003643762644586629,0.004907771341294951,0.0026873377738765077,0.0016575350623236808,0.0038719375743303946,0.005119360868656464,0.0021822368831441556,0.0026757782510040268,--,--,--
109,0.0030667916768644943,0.0014725826963639735,0.005206811172126543,0.003297982134314129,0.002780819132758317,0.004423276556552674,0.004556462363561702,0.0025043957597207112,0.001955067129302341,0.00023822668876331832,0.0016690945851961635,0.001070009747631025,0.0011795739209441124,0.0006865351410352168,0.0018806841125576755,0.004209676677387251,0.0022847648251435593,0.0022375215577516774,0.003181381729687358,0.0012227964847281742,0.0028059485303071896,0.0011122271355131323,0.004080008986035066,0.0014172980217564534,0.002965771498718024,0.003500022490607071,0.0007574000421230395,0.0027466431520918495,0.002266169070957393,0.0022259620348791948,0.0052641061985379736,0.00369452402763535,0.0024968569404560485,0.0049132998087557025,0.001436396363893597,0.004707238748854942,0.001879678936655721,0.00022515940203790552,0.0011484134679835088,0.0027330732774154577,0.0015680744070496935,0.0015032405613735998,0.004623306561041705,0.002761720790621173,0.0035211311845481236,0.0009423524080827486,0.0026627109642786122,0.001636426368382628,0.0006619083314373213,0.007682559418641538,0.0015545045323733016,0.0044976595732973395,0.002878321195247946,0.0028989273012380214,0.005618933291928065,0.00605015375386673,0.002761720790621173,0.0032597854500398416,0.006370302278639375,0.0015725976986084907,0.0011423824125717796,7.99114842054173e-05,0.0015811416937751063,0.0014554947060307407,0.0033170804764512726,0.0005035931268794203,0.003961398229604384,0.008514342477509243,0.0024586602561817612,0.0005206811172126548,0.0012052059064439624,0.0022676768348103248,0.001384629804942918,0.00017741354669504467,0.0017183482043919545,0.0012016877907871197,0.0005397794593497984,0.005466649142781893,0.004011154436751152,0.003759357873311442,0.0021209211531249047,0.0018424874282833882,0.0035115820134795517,0.0008810366780634977,0.0028154977013757614,0.0010679993958271142,0.0018826944643615864,0.0029527042119926097,0.0024586602561817612,0.002666229079935455,0.003377893618519546,0.006189370616287488,0.0068683669380580434,0.0021264496205856565,0.0005548570978791238,0.0025365613885832694,0.002008341452105952,0.0009574300466120723,0.0017223689079997745,0.004322256378406204,0.004808258927001412,0.006038594230994249,0.002525504453661764,0.002361158193692134,0.002065636478517383,0.003980496571741527,0.005123381572264284,0.0007895656709855994,0.0014268471928250252,0.004102625443829052,0.002056087307448811,0.0035744055073517345,0.0026893481256804186,0.002216412863810623,0.003751819054046781,0.004858015134148182,0.002210381808398894,0.004812279630609232,0.0027104568196214714,0.0020942839917230983,0.0006845247892313076,0.0007764983842601832,0.0008041407215639458,0.00022716975384181465,0.003957880113947541,0.003139666929756228,0.0039232015453300965,0.003391463493195938,0.005178666246871804,0.0017605655922740618,0.003696534379439259,0.0011966619112773452,0.0001764083707930901,8.292701191128099e-05,0.002979341373394416,0.0037156327215764028,0.003476903444862107,0.00045182656792874115,0.0015107793806382625,0.004260940648386953,0.0045393743732284695,0.0024450903815053694,0.005514394998124752,0.004581591761110577,0.0011881179161107296,0.0014841422192364562,0.002264158719153482,0.0015163078480990144,0.0013675418146096834,0.0034658465099406018,0.0016288875491179654,0.006105438428474252,0.003662358398772792,0.006931190431930228,0.0024053859333781503,0.0031587652718933715,0.004196106802710859,0.0009669792176806441,0.0014248368410211144,0.000749358634907403,0.0014685619927561552,0.002315422690153184,0.001342915005011788,0.0013620133471489316,0.004756994956001712,0.004469012060091624,0.0015736028745104453,0.0012052059064439624,0.001396189327815399,0.0033246192957159353,0.0005684269725555122,0.002507913875377554,0.0014630335252954017,0.0013258270146785552,0.0009976370826902687,0.004705228397051033,0.0053214012249494045,0.0068452478923130815,0.001493691390305028,0.0017108093851272935,0.0014132773181486334,0.0001628384961166983,0.0009086790153672586,0.0010931287933759887,0.0023877953550939385,0.0031014702454819406,0.008075583196305917,0.005403323060958733,0.001542945009500819,0.0020887555242623465,0.0009287825334063568,0.0013750806338743461,0.000249786211635801,0.00023822668876331832,0.0006342659941335621,0.0012072162582478733,0.0007780061481131167,0.004829367620942467,0.002060108011056631,0.003850828880389342,0.008388695489764878,0.0024430800297014603,0.006364773811178623,0.0014193083735603625,0.004945968025569238,0.0034713749774013553,0.006568824519275474,0.0036201410108906845,0.0024893181211913876,0.0019168704450280537,0.002988890544462988,0.004161930822044392,0.0029165178795222332,0.003183392081491267,0.0056169229401241555,0.005541032159526558,0.00374980870224287,0.0008523891648577822,0.0004558472715365629,0.002248578492673181,0.002918025643375165,0.003755337169703622,0.0028059485303071896,0.003763378576919262,0.0035095716616756426,0.004556462363561702,0.002868772024179374,0.0018465081318912082,0.003276873440373076,0.002054076955644902,0.0036412497048317373,0.0017203585561958654,0.003852839232193251,0.0017776535826072963,0.0033683444474509744,0.002624514280004325,0.0012303353039928352,0.003169822206814875,0.0001432375660285791,0.0014941939782560053,0.0009116945430731223,0.0056742179665355864,0.0023802565358292775,0.0006428099893001776,0.004184547279838378,0.00579835719042702,0.002410914400838902,0.00869929484346895,0.0027330732774154577,0.0019073212739594819,0.0032235991175694634,0.002924056698786894,0.006938226663243912,0.0006830170253783775,0.0016967369224999244,0.0030401545154626897,0.0010413622344253096,0.00046539644260513297,0.006103428076670341,0.0060999099610134985,0.005681756785800247,0.002216412863810623,0.005558120149859791,0.0005799864954279949,0.002969792202325844,0.0020254294424391864,0.00020606105990076187,0.001794741572940529,0.00514398767825436,0.005079153832578266,0.0011252944222385451,0.002607426289671092,0.005580736607653777,0.0017032705658626308,0.006521078663932615,0.003389453141392027,0.0009634611020238014,0.0012986872653257715,0.0019304403197044455,0.0011368539451110278,0.0013750806338743461,0.0025903382993378576,0.0047132698042666715,0.0024988672922599594,0.004181029164181536,0.00020405070809685275,0.001285619978600357,0.0017183482043919545,0.0014876603348932989,0.00029351136337084013,0.0008830470298674068,0.0010107043694156832,0.0025903382993378576,0.0019379791389691082,0.0019208911486358737,0.0063496961726492995,0.011173032738180037,0.004833388324550287,0.0028531917976990714,0.005960693098592741,0.0003432675705176101,0.004245863009857629,0.002727544809954706,0.00204854848818415,0.0013715625182175034,0.005281696776822185,0.00514800838186218,0.0032557647464320216,0.0026320530992689876,0.0045092190961698204,0.0048464556112757,0.0025606856102301876,0.0031527342164816407,0.006378343685855015,0.0043428624843962794,0.002924056698786894,0.007208116392918811,0.0041352936606425875,0.0046861300549138896,0.002410914400838902,0.004495649221493429,0.0030994598936780297,0.004474540527552376,0.0020530717797429474,0.0009936163790824504,0.0009287825334063568,0.0014037281470800616,0.005851631513230631,0.0020254294424391864,0.005206811172126543,0.0024335308586328885,0.004613757389973133,0.004020703607819724,0.001634416016578719,0.00204452778457633,0.001960595596763093,0.003969439636820024,0.0002030455321948947,0.0032537543946281125,0.0018480158957441418,0.0017374465465290981,0.003389453141392027,0.004793181288472089,0.004358442710876582,0.006433628360462537,0.0013600029953450225,0.006119008303150642,0.0008976220804457532,0.0009574300466120723,0.0011976670871793015,0.0025023854079168004,0.0018947565751850446,0.0020178906231745238,0.0015238466673636753,0.0013791013374821661,0.0038774660417911465,0.005233950921479326,0.008306271065804572,0.008171074906991635,0.0027999174748954605,0.0003508063897822711,0.0006845247892313076,0.001024274244092075,0.0013197959592668243,0.0015489760649125498,0.003702062846900011,0.0007478508710544694,0.000873497858798835,0.004711259452462762,0.0034216187702545853,0.0007021153675155212,0.002010351803909863,0.00343870676058782,0.0012052059064439624,0.0009458705237395913,0.0017605655922740618,0.004058900292094011,0.0018118295632737636,0.0021249418567327247,0.006021506240661015,0.0013218063110707352,0.0009745180369453068,0.00495149649302999,0.0053254219285572245,0.002303863167280703,0.001156957463150126,0.0016605505900295463,0.0002347085731064756,0.0009709999212884641,0.0017339284308722572,0.0038241917189875355,0.002876310843444035,0.0029602430312572724,0.0015142974962951035,0.001959087832910161,0.0025365613885832694,0.0012303353039928352,0.0031240867032759252,0.0016957317465979699,0.004171479993112964,0.002727544809954706,0.0007704673288484558,0.00444589301434666,0.0033799039703234553,0.007537814088760027,0.004013164788555063,0.003965418933212204,0.0008116795408286068,0.0005473182786144594,0.001443935183158258,0.0011061960801014015,0.0015736028745104453,0.003992056094614008,0.0014761008120208162,0.002258127663741753,0.004123734137770105,0.0075719900694264965,0.003435188644930977,0.006277323507708545,0.0005322406400851375,0.0012036981425910306,7.237266494075634e-05,0.0006885454928391294,0.001955067129302341,0.0007860475553287567,0.003847310764732499,0.0007322706445741685,0.0025174630464461258,0.005056537374784282,0.0024988672922599594,0.000907171251514325,0.0037648863407721937,0.0015680744070496935,0.002573250309004623,0.0007915760227895086,0.0031527342164816407,0.00230034505162386,0.0009936163790824504,0.0007860475553287567,0.003759357873311442,0.00194752831003768,0.0048047408113445714,0.002410914400838902,0.00042719975833084567,0.0002613457345082837,0.0016861825755293963,0.0014610231734914925,0.004615767741777044,0.004714777568119605,0.0024832870657796567,0.0009574300466120723,0.0006292401146237858,0.002367189249103863,0.002720005990690043,0.004541384725032379,0.0009765283887492159,0.002823036520640424,0.0017278973754605263,0.00210785386639949,0.00219932487347739,0.001964616300370913,0.0009880879116216969,0.0034120695991860135,0.0051213712204603735,0.0038950566200753583,0.005867211739710932,0.003282401907833828,0.002874300491640126,0.0004312204619386674,0.0014655464650502898,0.0005226914690165639,0.0017831820500680481,0.0023898057068978493,0.004390608339739139,0.0033608056281863117,0.003637229001223919,0.003345727989656988,0.0027129697593763595,0.0007171930060448431,0.0038453004129285883,0.0019595904208611382,0.00023822668876331832,0.0014725826963639735,0.0024471007333092803,5.5284674607521817e-05,0.00219932487347739,0.0014554947060307407,0.00041011176799761115,0.003234656052490969,0.0018997824546948192,0.0019033005703516619,0.0012303353039928352,0.0014630335252954017,0.00036035556085084464,0.004528820026257941,0.0024908258850443194,0.001546965713108639,0.003898574735732201,0.004928377447285028,0.0021324806759973874,0.002765741494228993,--,--,--
110,0.002786850188170046,0.0012891380942571997,0.0045509338961009504,0.003032615696198027,0.002571239957200714,0.004142832479907248,0.00410664614743687,0.0022279723866831056,0.0017756432308033854,0.0002477758598318919,0.0015087690288343517,0.0009423524080827486,0.0009880879116216969,0.0006121521242905548,0.0016957317465979699,0.00395034129468288,0.0019761758232433955,0.00210383316279167,0.0029527042119926097,0.0012529517617868215,0.0024928362368482285,0.0010468907018860614,0.0035226389484010554,0.0012625009328553934,0.002765741494228993,0.0031527342164816407,0.0006558772760255939,0.002351609022623562,0.0019264196160966255,0.0019128497414202337,0.0052947640635476,0.003431167941323157,0.0021782161795363356,0.004459462889023052,0.001285619978600357,0.004174998108769807,0.0015323906625302926,0.00023169304540061192,0.0010679993958271142,0.0022867751769474684,0.001432375660285777,0.0014650438770993125,0.004455442185415232,0.0025787787764653767,0.0032060085392852534,0.0008584202202695113,0.0024757482465149958,0.001493691390305028,0.0006543695121726603,0.00704980118836091,0.0014705723445600644,0.004255412180926201,0.002607426289671092,0.002880331547051855,0.005229930217871506,0.005985319908190637,0.0024717275429071758,0.0030290975805411843,0.006090360789944927,0.0013142674918060725,0.0011041857282974923,7.840372035248372e-05,0.0014057384988839707,0.0013293451303353961,0.0030974495418741206,0.00043473857759550663,0.003601042668753541,0.007675020599376876,0.0022772260058788966,0.00045031880407581104,0.0010720200994349342,0.0020178906231745238,0.0012454129425221606,0.00016233590816572274,0.0014268471928250252,0.0010966469090328296,0.0005166604136048365,0.005025879509774655,0.0036085814880182036,0.0032597854500398416,0.0019721551196355755,0.001693721394794059,0.0031406721056581825,0.0007704673288484558,0.0025843072439261285,0.0009252644177495141,0.0016992498622548109,0.0027541819713565122,0.002248578492673181,0.002357640078035291,0.0032024904236284107,0.005493286304183699,0.0059335533492399575,0.0020178906231745238,0.00048650513654618574,0.002157107485595283,0.0017530267730094008,0.0009328032370141768,0.0015585252359811216,0.003990045742810099,0.004503188040758091,0.00524500785640083,0.002403375581574241,0.002065636478517383,0.00180077262835226,0.00375382940585069,0.004568021886434185,0.0007971044902502604,0.0012589828171985507,0.003751819054046781,0.0018233890861462446,0.0032713449729123226,0.0024546395525739412,0.0020410096689194874,0.0033683444474509744,0.004314214971190564,0.0020751856495859547,0.004245863009857629,0.0024320230947799566,0.0020158802713706146,0.000665426447094164,0.0007237266494075495,0.0006810066735744649,0.00021359987916542283,0.003635218649420008,0.0028954091855811787,0.003627679830155347,0.003139666929756228,0.004924859331628185,0.0016213487298533044,0.003276873440373076,0.0010669942199251596,0.00017439801898918098,8.091666010737186e-05,0.002715985287082223,0.00335527716072556,0.0031034805972858497,0.0003678943801155056,0.0013409046532078788,0.0038910359164675383,0.004209676677387251,0.0021877653506049075,0.005124889336117216,0.004150371299171911,0.001134843593307117,0.0013620133471489316,0.0020199009749784346,0.0013082364363943434,0.0012760708075317852,0.0033075313053827007,0.0015640537034418735,0.006048143402062821,0.003280391556029917,0.006338136649776819,0.002212392160202803,0.0027330732774154577,0.0037668966925761046,0.0009574300466120723,0.0014208161374132961,0.0006387892856923594,0.0012971795014728397,0.0020751856495859547,0.0012132473136596024,0.0012625009328553934,0.00425742253273011,0.0038930462682714474,0.001402722971178107,0.001111221959611176,0.0011901282679146388,0.0031034805972858497,0.0005644062689476939,0.002260138015545662,0.0014132773181486334,0.001278081159335696,0.0010051759019549314,0.00429511662905342,0.004610239274316292,0.005952651691377101,0.001388650508550738,0.001539426893843978,0.0012348585955516325,0.00015429450095008276,0.0008342959986225931,0.0009001350202006413,0.002050558839988059,0.0029868801926590787,0.007554902079093262,0.005062065842245033,0.0015565148841772108,0.0019681344160277555,0.000865959039534174,0.0012338534196496779,0.00021912834662617467,0.0002668742019690355,0.000590540842398523,0.0010262845958959842,0.0006639186832412339,0.003938781771810397,0.0018575650668127136,0.003639239353027828,0.007492078585221079,0.0023385417358981475,0.005829015055436645,0.0013197959592668243,0.004356432359072671,0.003225106881422397,0.0059833095563867275,0.0032024904236284107,0.0021133823338602437,0.001743477601940829,0.0028974195373850896,0.003850828880389342,0.002817005465228695,0.002990900896266897,0.005056537374784282,0.00489219111481465,0.0032175680621577343,0.0008011251938580821,0.000457857623340472,0.0021133823338602437,0.0025903382993378576,0.0034276498256663145,0.002872290139836215,0.0034829345002738363,0.0032788837921769853,0.004018693256015815,0.002569229605396805,0.001735436194725189,0.0029642637348650924,0.001850026247548051,0.00340101266426451,0.0016424574237943572,0.003375883266715637,0.0016288875491179654,0.0032004800718245015,0.0025521416150635703,0.0010850873861603487,0.002876310843444035,0.00015429450095008276,0.0013187907833648697,0.0008332908227206386,0.005040957148303979,0.0021133823338602437,0.0005759657918201766,0.0038126321961150546,0.005206811172126543,0.002151579018134531,0.007720756102915826,0.002557670082524322,0.0017319180790683463,0.0030632735612076533,0.002573250309004623,0.006332608182316067,0.0006036081291239358,0.001531385486628338,0.0025385717403871785,0.0009574300466120723,0.000373925435527233,0.005687787841211978,0.005344520270694368,0.005330950396017976,0.0020028129846452,0.004907771341294951,0.0005015827750755111,0.0025481209114557504,0.0018369589608226364,0.000208071411704671,0.0016555247105197717,0.004831377972746376,0.004480571582964105,0.0011061960801014015,0.002164646304859944,0.00504296750010789,0.0015680744070496935,0.0060823193827292885,0.0031034805972858497,0.0008925962009359786,0.0011770609811892242,0.0017490060694015808,0.0011082064319053123,0.0011443927643756888,0.002353619374427471,0.004144842831711159,0.0022812467094867166,0.0037116120179685828,0.0001849523659597091,0.0010378441187684669,0.0015680744070496935,0.001274060455727876,0.0002708949055768538,0.0007915760227895086,0.0009021453720045505,0.0022505888444770902,0.0016555247105197717,0.001735436194725189,0.005657129976202352,0.010356829905792633,0.004690150758521708,0.0026300427474650768,0.0055792288438008455,0.00031562523321384747,0.003612602191626022,0.0026013952342593613,0.0020178906231745238,0.001169019573973586,0.004783632117403517,0.004705228397051033,0.0029868801926590787,0.0023802565358292775,0.00400160526568258,0.004520276031091326,0.002282251885388671,0.002819015817032604,0.005781269200093786,0.003797554557585729,0.002830575339905087,0.006565306403618633,0.003549778697753839,0.0040739779306233365,0.0022887855287513775,0.004219225848455823,0.0028531917976990714,0.003990045742810099,0.0018168554427835382,0.0009539119309552296,0.0008222338877991349,0.0011252944222385451,0.005392266126037227,0.0018806841125576755,0.004733875910256749,0.0021133823338602437,0.004080008986035066,0.00354776834594993,0.0013082364363943434,0.0018158502668815836,0.00185203659935196,0.0035075613098717318,0.0002050558839988073,0.003021056173325546,0.0017278973754605263,0.0014745930481678843,0.003027087228737275,0.004284059694131917,0.004165448937701235,0.0058842997300441666,0.001274060455727876,0.005502835475252271,0.0008076588372207885,0.0008714875069949259,0.0010795589186995969,0.0021897757024088183,0.0016831670478235326,0.0018309279054109073,0.0014554947060307407,0.0011082064319053123,0.003646778172292491,0.00495551719663781,0.007570482305573563,0.007593098763367549,0.0023973445261625103,0.00029552171517474926,0.000582499435182883,0.0009594403984159814,0.0012418948268653179,0.0013695521664135943,0.0034598154545288726,0.0009021453720045505,0.0007171930060448431,0.0043011476844651494,0.0030557347419429906,0.0007036231313684513,0.0016138099105886417,0.0031049883611387816,0.0010891080897681687,0.0008905858491320695,0.0016153176744415753,0.0036296901819592563,0.0017545345368623327,0.002052066603840993,0.005580736607653777,0.0012092266100517824,0.0008850573816713177,0.004230282783377328,0.004707238748854942,0.0020314604978509156,0.001129315125846365,0.0015308828986773607,0.00021762058277324456,0.0009021453720045505,0.0014459455349621689,0.003433178293127068,0.002582799480073195,0.002614965108935753,0.0013770909856782552,0.0017530267730094008,0.002294313996212131,0.0010835796223074168,0.002828564988101176,0.00160024003591225,0.0038870152128597183,0.0022716975384181447,0.0007875553191816903,0.004144842831711159,0.003036636399805847,0.006971397468008424,0.0038377615936639273,0.003643260056635648,0.0007393068758878504,0.0005493286304183685,0.0012514439979338897,0.0009287825334063568,0.001493691390305028,0.0037613682251153528,0.0013464331206686306,0.002105843514595581,0.0037442802347821182,0.006782424398440897,0.003084382255148706,0.005926014529975297,0.0005302302882812249,0.0010378441187684669,6.68441974800045e-05,0.000665426447094164,0.0017796639344112054,0.0007438301674466477,0.0035191208327442144,0.0005910434303494985,0.0022928062323591975,0.004827357269138556,0.00219530416986957,0.0007553896903191304,0.0034713749774013553,0.001386640156746827,0.0024430800297014603,0.000749358634907403,0.0028878703663165178,0.0020771960013898656,0.0008468606973970304,0.0007116645385840913,0.003654316991557152,0.0018424874282833882,0.00444991371795448,0.0021822368831441556,0.0003794539029879883,0.00026536643811610194,0.0013655314628057743,0.0012971795014728397,0.004009144084947243,0.004291598513396578,0.0022812467094867166,0.0007895656709855994,0.000616172827898373,0.0021973145216734793,0.002470219779054244,0.004183039515985447,0.000831783058867705,0.0025365613885832694,0.0016334108406767626,0.001804290744009101,0.0019399894907730173,0.00185203659935196,0.0009956267308863596,0.003252246630775179,0.004961045664098563,0.0035095716616756426,0.005340499567086548,0.002918025643375165,0.0024320230947799566,0.0004015677728309956,0.001354977115835248,0.0005056034786833294,0.0016248668455101471,0.0021706773602716747,0.0042855674579848485,0.0031622833875502143,0.0032537543946281125,0.0029562223276494524,0.00234608055516281,0.0005835046110848376,0.0033683444474509744,0.00178066911031316,0.0002115895273615137,0.001390660860354647,0.0021741954759285156,5.930537821534007e-05,0.0021440401988698683,0.0013006976171296807,0.00041413247160543287,0.0028707823759832832,0.0017168404405390227,0.0016670842333922527,0.001182589448649976,0.001327334778531487,0.00034728827412542837,0.004024724311427544,0.00219530416986957,0.0014057384988839707,0.003963408581408293,0.004657985129659151,0.002117403037468062,0.002874300491640126,--,--,--
111,0.0025918460631907895,0.0011655014583167433,0.004184547279838378,0.0028456529784344105,0.0024335308586328885,0.0039232015453300965,0.0037764458636446764,0.0020199009749784346,0.0016535143587158626,0.0002633560863121928,0.0014007126193741962,0.0008468606973970304,0.000873497858798835,0.0005779761436240857,0.001535406190236158,0.0038146425479189637,0.00175101642120549,0.002006331100302043,0.002817005465228695,0.001281599274992537,0.0023249718612217557,0.0009916060272785396,0.0031683144429619434,0.0011956567353753906,0.0025958667667986095,0.002969792202325844,0.0006005926014180721,0.002056087307448811,0.0017625759440779726,0.0017414672501369181,0.005380706603164746,0.0031642937393541234,0.001955067129302341,0.004157910118436572,0.0012072162582478733,0.003805093376850392,0.0012333508316987006,0.0002467706839299373,0.000980549092357036,0.0020239216785862546,0.0013067286725414115,0.0014112669663447243,0.004390608339739139,0.002511934578985372,0.0029642637348650924,0.0007609181577798822,0.002303863167280703,0.0014399144795504398,0.0006694471507019857,0.006679393868490518,0.001432375660285777,0.004041812301760778,0.002361158193692134,0.0028361038073658387,0.005025879509774655,0.005897367016769581,0.0022470707288202493,0.0029466731565808806,0.00594913357572026,0.0011328332415032078,0.0010850873861603487,7.99114842054173e-05,0.0012795889231886279,0.0012474232943260697,0.002927574814443737,0.0003794539029879883,0.0033321581149805962,0.0071181531496938445,0.0021229315049288155,0.0004060910643897929,0.0010107043694156832,0.0018213787343423354,0.0011137348993660642,0.00016032555636181015,0.0012358637714535887,0.0009926112031804941,0.0004613757389973147,0.0049017402858832215,0.0033246192957159353,0.002990900896266897,0.0018711349414891037,0.0016213487298533044,0.002940139513218174,0.0006840222012803321,0.002365178897299954,0.0007915760227895086,0.0015409346576969098,0.0026476333257492886,0.0019932638135766283,0.002264158719153482,0.0032024904236284107,0.004985672473696459,0.005426442106703696,0.0018826944643615864,0.00045986797514438113,0.0018766634089498573,0.0015087690288343517,0.0008795289142105658,0.001436396363893597,0.0037689070443800137,0.004316225322994475,0.004718798271727423,0.002331002916633485,0.0017851924018719573,0.001636426368382628,0.0037156327215764028,0.004224754315916575,0.0007609181577798822,0.0011328332415032078,0.0035723951555478254,0.0017243792598036854,0.0030441752190705097,0.0023249718612217557,0.001895761751087001,0.003036636399805847,0.003997584562074762,0.0019701447678316646,0.003898574735732201,0.002069657182125203,0.0019033005703516619,0.0006523591603687512,0.0006749756181627375,0.0005910434303494985,0.00020204035629294015,0.0033532668089216507,0.002823036520640424,0.0034849448520777454,0.0029868801926590787,0.004774082946334945,0.0015278673709714953,0.0029964293637276505,0.0009936163790824504,0.00016786437562647458,7.639336854857459e-05,0.0025461105596518412,0.0031240867032759252,0.0028707823759832832,0.0003528167415861802,0.0011499212318364423,0.003658337695164972,0.003997584562074762,0.002008341452105952,0.004823839153481715,0.003801575261193549,0.0011026779644445605,0.0012836096267964479,0.001850026247548051,0.0011559522872481715,0.0011539419354442606,0.0031411746936091597,0.0015640537034418735,0.006000397546719962,0.0029622533830611815,0.00590339807218131,0.00209026328811528,0.002406893697231082,0.0035075613098717318,0.000964968865876735,0.0014514740024229207,0.0005799864954279949,0.0011519315836403515,0.00189375139928309,0.0011328332415032078,0.0011655014583167433,0.003970947400672956,0.0035171104809403036,0.0013017027930316352,0.0011041857282974923,0.0011041857282974923,0.0030476933347273506,0.0005940589580553657,0.0021666566566638547,0.001390660860354647,0.0011996774389832106,0.001081569270503506,0.004026232075280477,0.0040970969763682984,0.005418903287439034,0.0013368839496000588,0.0014459455349621689,0.0011137348993660642,0.00015178156119519462,0.0008001200179561241,0.0007533793385152213,0.0018424874282833882,0.002990900896266897,0.007057340007625571,0.004936418854500666,0.0015409346576969098,0.0019053109221555727,0.0008488710492009395,0.0011499212318364423,0.00021561023096933196,0.000299542418782571,0.0005814942592809284,0.0009423524080827486,0.0005759657918201766,0.00340101266426451,0.001636426368382628,0.003500022490607071,0.00700004498121414,0.0023023554034277693,0.005447550800644749,0.0012303353039928352,0.003864398755065732,0.0031527342164816407,0.005481726781311216,0.002924056698786894,0.0018349486090187273,0.0016801515201176672,0.0029084764723065933,0.0035402295266852672,0.0027084464678175622,0.0028612332049147114,0.004766544127070284,0.004381059168670567,0.0028592228531108023,0.000774488032456274,0.0004442877486640802,0.0020389993171155783,0.0023958367623095785,0.0031567549200894607,0.0028436426266304996,0.003229127585030217,0.003042164867266599,0.003700052495096102,0.002414935104446722,0.0016329082527257854,0.002731565513562526,0.0017660940597348136,0.0033035106017748807,0.0015218363155597662,0.0029868801926590787,0.0015640537034418735,0.003093931426217278,0.002422473923711385,0.0009001350202006413,0.0027084464678175622,0.0001698747274303837,0.0011177556029738842,0.0007584052180249976,0.004629337616453436,0.0019495386618415891,0.0005417898111537076,0.003605063372361361,0.004848465963079611,0.002006331100302043,0.0071221738533016644,0.002406893697231082,0.0016173280262454844,0.0029718025541297533,0.0023440702033588993,0.005965216390151538,0.0005463131027125048,0.001402722971178107,0.0022812467094867166,0.0008679693913380832,0.0003281899319882847,0.00549680441984054,0.004886662647353898,0.0050047708158336025,0.0018731452932930145,0.00444991371795448,0.00043674892939941923,0.0022470707288202493,0.0016992498622548109,0.00019098342137143648,0.0015278673709714953,0.0045966693996399004,0.004142832479907248,0.0010453829380331278,0.001957077481106252,0.004634866083914188,0.0015012302095696907,0.005943102520308529,0.002965771498718024,0.0008202235359952258,0.0011041857282974923,0.0016268771973140563,0.0010946365572289205,0.0009689895694845532,0.0021917860542127274,0.003951849058535812,0.002264158719153482,0.0034105618353330817,0.0001698747274303837,0.0009001350202006413,0.0014630335252954017,0.0011594704029050142,0.0002764233730376056,0.0006810066735744649,0.0008543995166616913,0.0020751856495859547,0.0014343860120896862,0.0015620433516379626,0.005104283230127141,0.00980398315971742,0.004875103124481415,0.0024852974175835676,0.005266116550341884,0.000299542418782571,0.0031547445682855516,0.0025003750561128912,0.00204452778457633,0.0010318130633567377,0.004606218570708472,0.0042895881615926685,0.0027124671714253822,0.002151579018134531,0.0036337108855670763,0.004217215496651914,0.0021324806759973874,0.002603405586063272,0.0053254219285572245,0.0033643237438431544,0.0027883579520229795,0.0061456454645524485,0.003126097055079836,0.003783984682909339,0.0021324806759973874,0.003999594913878671,0.0026300427474650768,0.003551286461606771,0.0016535143587158626,0.0009498912273474096,0.0007171930060448431,0.0009096841912692132,0.005086692651842929,0.0017796639344112054,0.004423276556552674,0.0018826944643615864,0.003809114080458212,0.0033185882403042044,0.0011212737186307251,0.0016213487298533044,0.0017660940597348136,0.003188920548952019,0.00019349636112632462,0.0028592228531108023,0.001640447071990448,0.0013449253568156988,0.002722016342493954,0.0038930462682714474,0.003959890465751452,0.005569679672732274,0.001228324952188926,0.00514800838186218,0.0007297577048192803,0.0008202235359952258,0.000980549092357036,0.001995274165380539,0.0014846448071874335,0.0016726127008530062,0.0013082364363943434,0.0010071862537588405,0.003500022490607071,0.004726337090992086,0.00699602427760632,0.007284007173516408,0.0020847348206545265,0.0002678793778709901,0.000540784635251753,0.0009328032370141768,0.0012052059064439624,0.0012665216364632133,0.003297982134314129,0.000919233362337785,0.0007096541867801821,0.003990045742810099,0.0027788087809544077,0.0006885454928391294,0.0012876303304042679,0.002784839836366137,0.001024274244092075,0.0008106743649266522,0.0015122871444911944,0.0034140799509899244,0.0016746230526569154,0.0019721551196355755,0.005338489215282639,0.0011368539451110278,0.000831783058867705,0.0036698972180374528,0.004230282783377328,0.0017414672501369181,0.0010911184415720778,0.0014735878722659298,0.00021912834662617467,0.0007895656709855994,0.0011941489715224587,0.00325023627897127,0.002367189249103863,0.0023385417358981475,0.0013655314628057743,0.0016248668455101471,0.002105843514595581,0.0009860775598177877,0.002713974935278314,0.0015258570191675862,0.0037010576709980564,0.0019530567774984318,0.000782026851720935,0.00390058508753611,0.0029029480048458414,0.006618580726422244,0.0037176430733803136,0.003387442789588118,0.0006724626784078494,0.0005357587557419802,0.001123284070434636,0.0007991148420541695,0.0014725826963639735,0.0034693646255974445,0.0012876303304042679,0.002010351803909863,0.003480924148469927,0.006261743281228244,0.002931595518051557,0.00569733701228055,0.0005226914690165639,0.0008981246683967305,7.438301674466546e-05,0.0006598979796334122,0.0016610531779805236,0.0007247318253095041,0.003293961430706309,0.0005302302882812249,0.0021973145216734793,0.0046559747778552405,0.0020254294424391864,0.0006523591603687512,0.0033110494210395434,0.001278081159335696,0.0024234790996133394,0.0007418198156427386,0.002823036520640424,0.0018902332836262473,0.0007227214735055949,0.0007116645385840913,0.0035115820134795517,0.0018233890861462446,0.004184547279838378,0.0020887555242623465,0.0003357287512529457,0.0002668742019690355,0.0011710299257774951,0.0011559522872481715,0.003612602191626022,0.0038679168707225747,0.002172687712075584,0.0007227214735055949,0.0005588778014869421,0.002111371982056333,0.0023385417358981475,0.003970947400672956,0.0007096541867801821,0.0024013652297703303,0.001565058879343828,0.0015841572214809717,0.0018118295632737636,0.0017776535826072963,0.0009725076851413959,0.003169822206814875,0.00495551719663781,0.003143185045413069,0.0049474757894221715,0.002610944405327933,0.0020771960013898656,0.00038045907888994285,0.0013293451303353961,0.0004844947847422766,0.0015258570191675862,0.0020274397942430956,0.004161930822044392,0.002927574814443737,0.003042164867266599,0.0028094666459640323,0.0021123771579582874,0.0004960543076147593,0.003072822732276225,0.001640447071990448,0.00020003000448903102,0.0013293451303353961,0.0019626059485670037,6.48338456760919e-05,0.002060108011056631,0.0012147550775125342,0.0004327282257915975,0.0027446328002879404,0.0015489760649125498,0.0014972095059618707,0.0011881179161107296,0.0012609931690024615,0.00035482709339008933,0.0036533118156551973,0.00199879228103738,0.0013464331206686306,0.003925211897134006,0.0044519240697583895,0.0020867451724584374,0.0029009376530419306,--,--,--
112,0.002399354877966421,0.001028294947699895,0.0037804665672524964,0.0026838196582196668,0.0022716975384181447,0.003801575261193549,0.003595514201292789,0.0018882229318223382,0.0015620433516379626,0.00028597254410617917,0.0012494336461299788,0.0007764983842601832,0.0007915760227895086,0.0005548570978791238,0.0013826194531390088,0.003551286461606771,0.0015449553613047298,0.0020294501460470064,0.002677788602807936,0.0013027079689335915,0.0020983046953309183,0.0009614507502198923,0.0028516840338461396,0.0011484134679835088,0.0024546395525739412,0.002731565513562526,0.0005628985050947603,0.001850026247548051,0.0016138099105886417,0.0016555247105197717,0.00550484582705618,0.0030652839130115624,0.0017545345368623327,0.003692513675831439,0.0010966469090328296,0.003383422085980298,0.001024274244092075,0.00026888455377294465,0.0009252644177495141,0.0017831820500680481,0.0012147550775125342,0.001335376185747127,0.0044479033661505695,0.0024908258850443194,0.0026571824968178604,0.0006619083314373213,0.0021359987916542283,0.0013368839496000588,0.0006865351410352168,0.006328587478708247,0.0014132773181486334,0.003904103203192953,0.0021822368831441556,0.0029582326794533632,0.00489219111481465,0.006031055411729587,0.0020410096689194874,0.002771269961689745,0.005683767137604158,0.0009679843935825987,0.0010720200994349342,8.393218781323555e-05,0.0011559522872481715,0.0011675118101206524,0.0028667616723754633,0.00034527792232151924,0.0033492461053138307,0.00670251291423548,0.0019666266521748237,0.0003678943801155056,0.0009328032370141768,0.001636426368382628,0.0009936163790824504,0.00016585402382256545,0.0010644812801702715,0.0009297877093083114,0.0004729352618697939,0.0048047408113445714,0.002975320669786596,0.0027677518460329023,0.0017831820500680481,0.0015122871444911944,0.002723524106346886,0.0006206961194571703,0.002164646304859944,0.0006865351410352168,0.0013770909856782552,0.0025938564149947003,0.00179675192474444,0.002117403037468062,0.003282401907833828,0.004566011534630274,0.004985672473696459,0.0017108093851272935,0.0004025729487329502,0.0016268771973140563,0.0012760708075317852,0.000831783058867705,0.0013177856074629152,0.003555307165214591,0.004062418407750854,0.004222743964112666,0.0024335308586328885,0.0016595454141275917,0.0014725826963639735,0.0035211311845481236,0.003805093376850392,0.0007171930060448431,0.0010071862537588405,0.003375883266715637,0.0016213487298533044,0.002773280313493656,0.0021877653506049075,0.0018274097897540646,0.0028913884819733587,0.0037347310637135464,0.0018691245896851946,0.003431167941323157,0.0017585552404701527,0.0018158502668815836,0.0006448203411040902,0.0005950641339573202,0.0005166604136048365,0.00020606105990076187,0.0031240867032759252,0.002761720790621173,0.003504043194214891,0.002864751320571554,0.004526307086503055,0.0014610231734914925,0.0026988972967489904,0.0009911034393275623,0.00017188507923429283,7.840372035248372e-05,0.0023345210322903275,0.0029165178795222332,0.0027064361160136514,0.00038347460659580654,0.0010468907018860614,0.003738249179370389,0.0038603780514579137,0.0018103217994208318,0.004381059168670567,0.0034673542737935353,0.0011006676126406496,0.0012876303304042679,0.0017032705658626308,0.0010338234151606469,0.0011041857282974923,0.0031185582358151734,0.0016861825755293963,0.0059908483756513885,0.002614965108935753,0.005409354116370462,0.0019223989124888055,0.00215358936993844,0.0032024904236284107,0.0009745180369453068,0.001430365308481868,0.0005342509918890466,0.0010091966055627514,0.0017530267730094008,0.0011785687450421578,0.0010433725862292187,0.0036734153336942955,0.003236666404294878,0.0011976670871793015,0.0010931287933759887,0.000978538740553125,0.003036636399805847,0.0006292401146237858,0.002056087307448811,0.001386640156746827,0.0011785687450421578,0.0011976670871793015,0.0038794763935950573,0.0036085814880182036,0.004825346917334647,0.0012609931690024615,0.001342915005011788,0.0010262845958959842,0.0001412272142246665,0.0007513689867113121,0.0006257219989669466,0.001689700691186239,0.003131625522540588,0.006725129372029466,0.004802730459540661,0.0015278673709714953,0.0018158502668815836,0.0007589078059759731,0.0010453829380331278,0.00022716975384181465,0.000341257218713701,0.0005578726255849875,0.000877518562406655,0.0005417898111537076,0.0029069687084536614,0.0015680744070496935,0.00335125645711774,0.006284862326973206,0.0021666566566638547,0.0051213712204603735,0.0011614807547089233,0.003431167941323157,0.003027087228737275,0.004863543601608934,0.0026300427474650768,0.0015811416937751063,0.0016917110429901499,0.0029527042119926097,0.0032004800718245015,0.002624514280004325,0.002715985287082223,0.004417245501140945,0.003940792123614308,0.0025385717403871785,0.0007533793385152213,0.00043875928120332836,0.001955067129302341,0.002269687186614234,0.0028436426266304996,0.002969792202325844,0.003078351199736977,0.002828564988101176,0.0033608056281863117,0.0021822368831441556,0.0015374165420400671,0.0024491110851131894,0.0016499962430590199,0.003130117758687656,0.0014057384988839707,0.0027426224484840295,0.0016248668455101471,0.002918025643375165,0.0022279723866831056,0.0007684569770445467,0.002513944930789283,0.0001945015370282792,0.000980549092357036,0.0006865351410352168,0.004165448937701235,0.0017660940597348136,0.0005206811172126548,0.003435188644930977,0.004402167862611621,0.0019455179582337691,0.006740709598509767,0.002260138015545662,0.0015183181999029235,0.0028707823759832832,0.0020847348206545265,0.005451068916301592,0.0004980646594186684,0.0012720501039239652,0.002004823336449111,0.0007684569770445467,0.00032065111272362376,0.0057219638218784456,0.004673062768188475,0.00479117093666818,0.0016861825755293963,0.003955869762143632,0.00036236591265475376,0.0019741654714394846,0.0015756132263143544,0.00017188507923429283,0.0013368839496000588,0.004432825727621246,0.0038814867453989665,0.0009554196948081631,0.0017223689079997745,0.004196106802710859,0.0014590128216875834,0.005613404824467313,0.0028572125013068914,0.000749358634907403,0.0010318130633567377,0.0014951991541579598,0.001028294947699895,0.0008257520034559776,0.0020711649459781364,0.0037729277479878337,0.0022963243480160402,0.0032577750982359325,0.00015077638529324006,0.0007398094638388295,0.001437904127746529,0.0010564398729546332,0.00026888455377294465,0.0005814942592809284,0.0008202235359952258,0.001964616300370913,0.0012891380942571997,0.0014037281470800616,0.004634866083914188,0.009208919025760102,0.004768554478874193,0.0023289925648295757,0.004797201992079909,0.00028597254410617917,0.002672260135347184,0.002319443393761004,0.0021400194952620483,0.0009443627598866577,0.004512737211826663,0.004037791598152958,0.002535053624730336,0.0019148600932241445,0.0032617958018437507,0.0038794763935950573,0.001964616300370913,0.0024415722658485284,0.004961045664098563,0.002939134337316218,0.0027582026749643305,0.005719953470074535,0.0027009076485528995,0.0035266596520088754,0.0019148600932241445,0.0038146425479189637,0.0023420598515549902,0.0032060085392852534,0.001539426893843978,0.0009443627598866577,0.0006619083314373213,0.0007267421771134167,0.004728347442795995,0.0017585552404701527,0.004205655973779431,0.0018022803922051918,0.003494494023146319,0.0031205685876190842,0.0009860775598177877,0.0013655314628057743,0.0016706023490490954,0.0028933988337772696,0.0001733928430872264,0.0026531617932100404,0.0015504838287654817,0.0012072162582478733,0.0025481209114557504,0.0033703547992548835,0.0038262020707914447,0.005174645543263986,0.0011730402775814042,0.004838916792011039,0.0006609031555353667,0.0007609181577798822,0.0009096841912692132,0.0018193683825384263,0.0013122571400021633,0.001437904127746529,0.0013368839496000588,0.000831783058867705,0.003643260056635648,0.004425286908356585,0.006418048133982236,0.0068568074151855625,0.0018103217994208318,0.00022867751769474823,0.000491028428104983,0.0008850573816713177,0.0012016877907871197,0.0011770609811892242,0.003215557710353825,0.0009041557238084613,0.0007021153675155212,0.0035723951555478254,0.0023958367623095785,0.0006523591603687512,0.0010755382150917769,0.002468209427250333,0.0009554196948081631,0.0006980946639076994,0.0014172980217564534,0.00324621557536345,0.0016575350623236808,0.0018615857704205319,0.005256567379273313,0.0010433725862292187,0.0007513689867113121,0.0031527342164816407,0.0037729277479878337,0.001432375660285777,0.0010679993958271142,0.0013449253568156988,0.0002115895273615137,0.0007212137096526648,0.001028294947699895,0.003236666404294878,0.0022355112059477666,0.002012362155713772,0.0013293451303353961,0.0015067586770304425,0.00189777210289091,0.000923254065945605,0.002567219253592894,0.0014801215156286362,0.003551286461606771,0.0016992498622548109,0.0007971044902502604,0.0040056259692904,0.002723524106346886,0.006323059011247493,0.0036105918398221127,0.003128107406883745,0.0006046133050258903,0.0005453079268105503,0.0009709999212884641,0.0007192033578487522,0.0014208161374132961,0.0031014702454819406,0.0013655314628057743,0.001991253461772719,0.0032748630885691653,0.005846103045769879,0.002725534458150795,0.005384224718821589,0.0005091215943401721,0.0007800164999170259,7.639336854857459e-05,0.0006387892856923594,0.0015736028745104453,0.0007192033578487522,0.003234656052490969,0.000566416620751603,0.002208874044545962,0.004383069520474478,0.0018309279054109073,0.0005634010930457393,0.0030401545154626897,0.0011785687450421578,0.002387292767142961,0.0007212137096526648,0.0026586902606707923,0.0017072912694704508,0.0006046133050258903,0.0007553896903191304,0.0035246493002049663,0.0018691245896851946,0.003913652374261525,0.001959087832910161,0.0003146200573118929,0.0002708949055768538,0.0010433725862292187,0.0010644812801702715,0.003381914322127366,0.0035115820134795517,0.002294313996212131,0.0006312504664276984,0.000616172827898373,0.00199879228103738,0.002204853340938142,0.003658337695164972,0.0006026029532219812,0.002258127663741753,0.001432375660285777,0.001361008171246977,0.001693721394794059,0.00180077262835226,0.0010644812801702715,0.003130117758687656,0.004890683350961718,0.0028531917976990714,0.004587120228571329,0.0022928062323591975,0.0017796639344112054,0.00035382191748813477,0.0012805940990905824,0.0004844947847422766,0.0014268471928250252,0.0019053109221555727,0.004142832479907248,0.0028592228531108023,0.0030441752190705097,0.0027044257642097422,0.0018741504691949691,0.0004292101101347548,0.0027943890074347087,0.0015107793806382625,0.00019098342137143648,0.001278081159335696,0.001743477601940829,0.00013519615881293912,0.0019339584353612882,0.001129315125846365,0.0005131422979479938,0.0026456229739453795,0.0014132773181486334,0.0013027079689335915,0.0011956567353753906,0.0011710299257774951,0.0003528167415861802,0.0032246042934714197,0.0018691245896851946,0.0013067286725414115,0.0038679168707225747,0.004486100050424857,0.0021324806759973874,0.0028592228531108023,--,--,--
113,0.0022219413312713748,0.0009001350202006413,0.0033799039703234553,0.002559680434328233,0.0021837446469970875,0.0036337108855670763,0.0033035106017748807,0.0017490060694015808,0.0014494636506190116,0.00032416922838046647,0.001111221959611176,0.0007362913481819867,0.0007458405192505603,0.0005513389822222811,0.001285619978600357,0.0033246192957159353,0.001373070282070437,0.001995274165380539,0.0026054159378671813,0.0012951691496689288,0.0019284299679005364,0.0009478808755435005,0.0025863175957300377,0.0011328332415032078,0.0022390293216046093,0.002513944930789283,0.0005186707654087457,0.0016630635297844344,0.0015067586770304425,0.0015449553613047298,0.005411364468174371,0.0029466731565808806,0.00160024003591225,0.0032080188910891625,0.0010187457766313232,0.0030099992384040406,0.0008468606973970304,0.000299542418782571,0.0008830470298674068,0.0015776235781182653,0.0011559522872481715,0.0012358637714535887,0.004462981004679895,0.0024335308586328885,0.002414935104446722,0.0006101417724866422,0.0019741654714394846,0.0012720501039239652,0.0007001050157116086,0.005914455007102814,0.001396189327815399,0.0038241917189875355,0.0020219113267823437,0.002973310317982687,0.004766544127070284,0.006031055411729587,0.0018766634089498573,0.0025903382993378576,0.005411364468174371,0.000843845169691165,0.0010393518826213987,8.946065527399086e-05,0.001074030451238845,0.0010931287933759887,0.0027979071230915514,0.0003508063897822711,0.003219578413961645,0.0062446552908950095,0.0018480158957441418,0.00036035556085084464,0.000877518562406655,0.0014725826963639735,0.0008810366780634977,0.0001698747274303837,0.0009307928852102659,0.0008925962009359786,0.0004900232522030284,0.004629337616453436,0.002618985812543573,0.002466199075446424,0.0016595454141275917,0.0014193083735603625,0.0024893181211913876,0.0005674217966535576,0.0019304403197044455,0.0006026029532219812,0.0012338534196496779,0.0025385717403871785,0.0016288875491179654,0.0018786737607537664,0.0032100292428930734,0.004213194793044094,0.004464991356483804,0.0015736028745104453,0.00036035556085084464,0.0014152876699525425,0.0011026779644445605,0.0007915760227895086,0.0012207861329242634,0.00334723575350992,0.003809114080458212,0.0037689070443800137,0.0024450903815053694,0.0015122871444911944,0.0013293451303353961,0.003334168466784507,0.0033567849245784917,0.0006639186832412339,0.0009001350202006413,0.00320450077543232,0.0015489760649125498,0.0025174630464461258,0.0020616157749095646,0.001808311447616921,0.0026436126221414686,0.00343870676058782,0.0017278973754605263,0.0029944190119237397,0.0015218363155597662,0.0017223689079997745,0.0006342659941335621,0.0005272147605753612,0.0004558472715365629,0.000208071411704671,0.0028933988337772696,0.002624514280004325,0.00350203284241098,0.002731565513562526,0.004316225322994475,0.0014343860120896862,0.0023747280683685257,0.001012714721219594,0.00017238766718527185,8.091666010737186e-05,0.002138009143458139,0.0027029180003568104,0.0025637011379360513,0.00041212211980152375,0.0009252644177495141,0.0036317005337631655,0.0037307103601057264,0.0016746230526569154,0.003898574735732201,0.003137656577952317,0.0010509114054938814,0.0012494336461299788,0.0015695821709026253,0.0009403420562788378,0.0010891080897681687,0.002920035995179074,0.0017625759440779726,0.005886310081848076,0.002307883870888521,0.004924859331628185,0.0017565448886662418,0.0018882229318223382,0.002880331547051855,0.0009795439164550813,0.0013941789760114898,0.0005015827750755111,0.0009157152466809423,0.0016288875491179654,0.0012207861329242634,0.0010091966055627514,0.0033799039703234553,0.002973310317982687,0.0010976520849347842,0.0010710149235329796,0.0008966169045437986,0.0030079888866001315,0.0006553746880746149,0.0019681344160277555,0.0013539719399332916,0.0011594704029050142,0.0012876303304042679,0.0036869852083706873,0.003173842910422695,0.004148360947368,0.0011901282679146388,0.0012705423400710333,0.0009403420562788378,0.00014424274193053366,0.0007116645385840913,0.0005282199364773157,0.001535406190236158,0.0031090090647466016,0.006162733454885683,0.004606218570708472,0.0015238466673636753,0.0017128197369312027,0.000673467854309804,0.0009363213526710178,0.00023822668876331832,0.000382469430693852,0.0005397794593497984,0.0008051458974659004,0.000507111242536263,0.002477758598318905,0.0014570024698836725,0.0031909309007559297,0.005638031634065208,0.002060108011056631,0.004760513071658553,0.0010946365572289205,0.0030401545154626897,0.0028496736820422305,0.004297126980857331,0.0023501012587706285,0.001396189327815399,0.0016610531779805236,0.0029069687084536614,0.002889880718120427,0.002507913875377554,0.002573250309004623,0.004112174614897624,0.0035130897773324836,0.002216412863810623,0.0007192033578487522,0.0004462981004679893,0.0018786737607537664,0.0021324806759973874,0.0025385717403871785,0.003084382255148706,0.0029084764723065933,0.0026491410896022204,0.003089910722609458,0.001957077481106252,0.0014152876699525425,0.0021782161795363356,0.0015374165420400671,0.0029622533830611815,0.0013197959592668243,0.002521483750053944,0.0016248668455101471,0.0027999174748954605,0.002117403037468062,0.0006503488085648421,0.0023229615094178466,0.00023068786949865736,0.0008604305720734222,0.0006171780038003276,0.003708093902311742,0.0015962193323044317,0.0005091215943401721,0.003282401907833828,0.004108656499240781,0.0018158502668815836,0.006153184283817111,0.002101822810987761,0.0014132773181486334,0.0027466431520918495,0.00185605730295978,0.004900735109981267,0.00046841197031099666,0.0011423824125717796,0.0017796639344112054,0.0007287525289173258,0.00032065111272362376,0.0057335233447509265,0.004268479467651616,0.00460069010324772,0.0015218363155597662,0.003549778697753839,0.00029552171517474926,0.0017490060694015808,0.0014650438770993125,0.00015831520455790102,0.0012338534196496779,0.004272500171259434,0.003605063372361361,0.000869979743141994,0.001590690864843678,0.0037648863407721937,0.0014077488506878816,0.005251038911812561,0.002775290665297565,0.0006810066735744649,0.0009820568562099678,0.0013600029953450225,0.0009614507502198923,0.0006845247892313076,0.00194350760642986,0.003549778697753839,0.0022887855287513775,0.003025076876933366,0.00014876603348933093,0.0006257219989669466,0.0014554947060307407,0.0009574300466120723,0.0002764233730376056,0.0005015827750755111,0.0008086640131227431,0.0018575650668127136,0.001175050629385315,0.0012971795014728397,0.004155899766632663,0.008521881296773906,0.0045926486960320805,0.0021932938180656593,0.004320246026602293,0.0002744130212336965,0.0022963243480160402,0.002155097133791372,0.0022470707288202493,0.0008830470298674068,0.00420213785812259,0.003852839232193251,0.0024335308586328885,0.001682161871921578,0.002924056698786894,0.0035703848037439145,0.0018138399150776727,0.0022963243480160402,0.0045092190961698204,0.0025330432729264267,0.002739104332827187,0.005328940044214067,0.0023782461840253667,0.0033281374113727762,0.0017660940597348136,0.003595514201292789,0.002105843514595581,0.002881839310904787,0.0014238316651191598,0.0009383317044749286,0.0006005926014180721,0.0005759657918201766,0.00430315803626906,0.0017072912694704508,0.003906113554996862,0.0017243792598036854,0.0031507238646777316,0.0029562223276494524,0.0008981246683967305,0.0011403720607678688,0.0015504838287654817,0.0025998874704064295,0.00016233590816572274,0.002418453220103565,0.0014534843542268298,0.0010891080897681687,0.0023822668876331866,0.0029411446891201287,0.00364476782048858,0.004764533775266373,0.0011368539451110278,0.004438354195081998,0.0006026029532219812,0.0007171930060448431,0.0008584202202695113,0.0016650738815883435,0.0011856049763558415,0.0012645112846593042,0.0012911484460611088,0.0007574000421230395,0.0036774360373021155,0.0041312729570347675,0.005853641865034542,0.006422068837590054,0.0015565148841772108,0.00020606105990076187,0.0004548420956346083,0.0008468606973970304,0.0011941489715224587,0.0010931287933759887,0.003036636399805847,0.0008905858491320695,0.0006940739602998812,0.0032442052235595407,0.0020314604978509156,0.0006257219989669466,0.000877518562406655,0.002202842989134231,0.0008885754973281586,0.0005875253146926593,0.0013333658339432161,0.0029924086601198305,0.0016690945851961635,0.0017449853657937608,0.004985672473696459,0.0009478808755435005,0.0007131723024370248,0.0026360738028768076,0.0033628159799902226,0.0011901282679146388,0.0010187457766313232,0.001239884475061407,0.0002115895273615137,0.0006865351410352168,0.0009157152466809423,0.0031014702454819406,0.0021209211531249047,0.001804290744009101,0.0012911484460611088,0.0014002100314232189,0.001689700691186239,0.0008584202202695113,0.002420463571907474,0.001428354956677957,0.00342262394615654,0.0015183181999029235,0.000774488032456274,0.003934761068202577,0.0025461105596518412,0.0059415947564555975,0.0034693646255974445,0.0029124971759144132,0.0005694321484574702,0.0005588778014869421,0.0008332908227206386,0.0006468306929079994,0.001386640156746827,0.002777301017101474,0.0013082364363943434,0.0019455179582337691,0.0030476933347273506,0.005365126376684445,0.002555659730720413,0.005021858806166835,0.0005056034786833294,0.0007116645385840913,8.393218781323555e-05,0.000623711647163034,0.0015067586770304425,0.0007553896903191304,0.0031049883611387816,0.0005608881532908512,0.0021897757024088183,0.00410664614743687,0.0016595454141275917,0.000507111242536263,0.0027582026749643305,0.0010946365572289205,0.0022686820107122793,0.0007001050157116086,0.0024797689501228157,0.0015524941805693908,0.0005302302882812249,0.0007971044902502604,0.0035115820134795517,0.0019128497414202337,0.0036869852083706873,0.00185605730295978,0.0002975320669786584,0.0002744130212336965,0.0009348135888180859,0.0009956267308863596,0.003084382255148706,0.0031602730357463034,0.002269687186614234,0.0005704373243594248,0.0006543695121726603,0.0018826944643615864,0.002105843514595581,0.0033723651510587944,0.0005357587557419802,0.0021440401988698683,0.0012981846773747942,0.0011775635691402015,0.00160024003591225,0.0018063010958130118,0.0011252944222385451,0.0030632735612076533,0.004663513597119903,0.002612954757131844,0.004238324190592967,0.0020239216785862546,0.0015163078480990144,0.000332713223547082,0.0012338534196496779,0.0004729352618697939,0.0013258270146785552,0.0017701147633426336,0.004003615617486491,0.0027963993592386178,0.0029547145637965205,0.0025843072439261285,0.0016565298864217263,0.0003930237776643801,0.002559680434328233,0.001388650508550738,0.00019651188883218831,0.0012052059064439624,0.0015218363155597662,0.0001849523659597091,0.00185605730295978,0.0010468907018860614,0.000556867449683033,0.0024717275429071758,0.0012986872653257715,0.0011539419354442606,0.0011403720607678688,0.0010720200994349342,0.00035683744519400193,0.0028315805158070414,0.0016917110429901499,0.0012378741232574979,0.003811124432262121,0.00430315803626906,0.0021324806759973874,0.0028039381785032805,--,--,--
114,0.00209026328811528,0.0008051458974659004,0.0030497036865312615,0.0025174630464461258,0.0021666566566638547,0.0034638361581366926,0.0029145075277183224,0.001592701216647589,0.001342915005011788,0.00036236591265475376,0.0010117095453176378,0.0007247318253095041,0.0007352861722800322,0.0005835046110848376,0.0012303353039928352,0.0031622833875502143,0.0012434025907182497,0.0018671142378812854,0.002507913875377554,0.0012358637714535887,0.001840477076479479,0.0009458705237395913,0.002424484275515294,0.0011559522872481715,0.002008341452105952,0.002357640078035291,0.0004844947847422766,0.0015163078480990144,0.0014630335252954017,0.0013941789760114898,0.0051630860203915035,0.002769259609885836,0.0015218363155597662,0.0028019278266993713,0.0010051759019549314,0.0027009076485528995,0.0007287525289173258,0.0003357287512529457,0.0008488710492009395,0.0014228264892172052,0.0011177556029738842,0.0010795589186995969,0.004375530701209815,0.0023325106804864184,0.002260138015545662,0.0006026029532219812,0.00185203659935196,0.0012549621135907324,0.0007171930060448431,0.005489265600575879,0.0013715625182175034,0.0038201710153797155,0.0018847048161654955,0.0028592228531108023,0.004520276031091326,0.005893848901112738,0.0017545345368623327,0.002420463571907474,0.005159567904734661,0.0007790113240150713,0.0010011551983471114,9.549171068571824e-05,0.0010318130633567377,0.0010378441187684669,0.0027466431520918495,0.00037191508372332385,0.002924056698786894,0.0058249943518288265,0.0017912234572836881,0.00037191508372332385,0.0008448503455931195,0.0013579926435411116,0.0008086640131227431,0.0001698747274303837,0.0008448503455931195,0.0008724926828968804,0.0004824844329383675,0.004358442710876582,0.0022314905023399466,0.0021229315049288155,0.0014992198577657798,0.0013484434724725398,0.002305873519084612,0.0005438001629576167,0.001693721394794059,0.000556867449683033,0.001134843593307117,0.0024832870657796567,0.0015087690288343517,0.0016022503877161608,0.003011507002256974,0.0038855074490067865,0.003972957752476865,0.0014992198577657798,0.00033170804764512743,0.0012625009328553934,0.0010011551983471114,0.0007724776806523649,0.0011539419354442606,0.0031451953972169797,0.0036201410108906845,0.003391463493195938,0.00230034505162386,0.0012589828171985507,0.0012207861329242634,0.0031758532622266043,0.0029964293637276505,0.0005910434303494985,0.0008277623552598867,0.003080361551540886,0.0015218363155597662,0.0023023554034277693,0.0019666266521748237,0.00180077262835226,0.00230034505162386,0.003147205749020889,0.0015333958384322471,0.0026395919185336486,0.001396189327815399,0.0016595454141275917,0.0006473332808589749,0.0004749456136737065,0.00041212211980152375,0.0002115895273615137,0.002672260135347184,0.0024717275429071758,0.0034578051027249635,0.0025787787764653767,0.004196106802710859,0.0014534843542268298,0.002101822810987761,0.001065989044023205,0.0001698747274303837,8.493736371519359e-05,0.001987232758164899,0.0024893181211913876,0.002464188723642513,0.00042719975833084567,0.0007609181577798822,0.0032748630885691653,0.0036085814880182036,0.0016077788551769126,0.00345629733887203,0.002881839310904787,0.0009900982634256077,0.0011720351016794497,0.001478111163824727,0.0008810366780634977,0.0011082064319053123,0.0025747580728575567,0.0017128197369312027,0.005664668795467015,0.0020827244688506174,0.004527814850355987,0.0016595454141275917,0.0016670842333922527,0.0026054159378671813,0.0009795439164550813,0.0013675418146096834,0.0004824844329383675,0.0008543995166616913,0.0015409346576969098,0.0012514439979338897,0.0009900982634256077,0.0031130297683544216,0.0028059485303071896,0.0010378441187684669,0.0010468907018860614,0.0008639486877302632,0.0029622533830611815,0.000665426447094164,0.0019188807968319645,0.0013006976171296807,0.0010986572608367405,0.0013102467881982525,0.0034713749774013553,0.002811476997767943,0.0035171104809403036,0.001134843593307117,0.0012378741232574979,0.000877518562406655,0.00015731002865594645,0.0006840222012803321,0.0004694171462129547,0.0013600029953450225,0.0029562223276494524,0.005418903287439034,0.004392618691543049,0.0015449553613047298,0.0016424574237943572,0.0005950641339573202,0.0008448503455931195,0.00025581726704753185,0.00041413247160543287,0.0005272147605753612,0.0007383016999858959,0.0004462981004679893,0.002159117837399192,0.0013047183207375006,0.0029924086601198305,0.005124889336117216,0.0019932638135766283,0.004430815375817337,0.0010262845958959842,0.002769259609885836,0.0026893481256804186,0.003852839232193251,0.002105843514595581,0.001278081159335696,0.0015791313419711971,0.0027677518460329023,0.002624514280004325,0.002410914400838902,0.002468209427250333,0.003910134258604682,0.0031642937393541234,0.0019701447678316646,0.0006789963217705558,0.0004613757389973147,0.00183846672467557,0.0020028129846452,0.002216412863810623,0.0031090090647466016,0.002725534458150795,0.0025310329211225176,0.0028933988337772696,0.0017872027536758681,0.0013162778436099833,0.0019455179582337691,0.0014685619927561552,0.0028707823759832832,0.0012645112846593042,0.002319443393761004,0.0015565148841772108,0.0026586902606707923,0.0020219113267823437,0.0005493286304183685,0.0021666566566638547,0.0002764233730376056,0.000764938861387704,0.0005598829773888966,0.0033130597728434526,0.0014630335252954017,0.0005035931268794203,0.0031622833875502143,0.003944310239271149,0.0015600329998340535,0.005460618087370164,0.0019399894907730173,0.001335376185747127,0.0026360738028768076,0.001693721394794059,0.004452929245660344,0.00046640161850708753,0.0010393518826213987,0.0016268771973140563,0.0007383016999858959,0.00031663040911580204,0.005481726781311216,0.0038186632515267837,0.004421266204748765,0.0014002100314232189,0.003286422611441648,0.0002477758598318919,0.0015982296841083408,0.001390660860354647,0.0001467556816854218,0.0012112369618556915,0.00410664614743687,0.0033185882403042044,0.0007267421771134167,0.0015032405613735998,0.0033799039703234553,0.0013750806338743461,0.004987682825500368,0.002729555161758615,0.0006217012953591249,0.0009634611020238014,0.001239884475061407,0.0009096841912692132,0.0005628985050947603,0.0017851924018719573,0.0032994898981670608,0.0022676768348103248,0.0027923786556307995,0.00015429450095008276,0.0005493286304183685,0.0015163078480990144,0.000869979743141994,0.00029552171517474926,0.00044830845227189844,0.0008106743649266522,0.0017660940597348136,0.001065989044023205,0.0011881179161107296,0.003637229001223919,0.007904200705022601,0.004522286382895235,0.0021229315049288155,0.003919683429673254,0.0002633560863121928,0.0020676468303212937,0.00204854848818415,0.0023877953550939385,0.0008428399937892104,0.0037402595311742982,0.003706083550507831,0.0023405520877020566,0.0014841422192364562,0.002681809306415756,0.003339696934245259,0.0017263896116075945,0.002210381808398894,0.004056889940290102,0.002214402512006714,0.0026933688292882386,0.005023869157970746,0.0020942839917230983,0.0031069987129426924,0.0016248668455101471,0.0034065411317252617,0.0019319480835573773,0.002610944405327933,0.0013524641760803598,0.0009212437141416941,0.0005438001629576167,0.0004674067944090421,0.0038834970972028756,0.0016424574237943572,0.0035362088230774472,0.0016268771973140563,0.0028361038073658387,0.002819015817032604,0.0008755082106027458,0.0009840672080138786,0.0014474532988151007,0.002361158193692134,0.00015932038045985558,0.0022219413312713748,0.0013635211110018652,0.0009936163790824504,0.0021897757024088183,0.0025425924439949985,0.0034105618353330817,0.0044479033661505695,0.0011212737186307251,0.004049351121025439,0.000556867449683033,0.0006960843121037903,0.000816202832387404,0.001542945009500819,0.001109211607807267,0.0011403720607678688,0.0011368539451110278,0.0007267421771134167,0.00360305302055745,0.003852839232193251,0.005407343764566553,0.006072770211660717,0.001386640156746827,0.00019751706473414288,0.00043875928120332836,0.0008277623552598867,0.0011881179161107296,0.001035833766964556,0.002731565513562526,0.0008051458974659004,0.0006598979796334122,0.003023066525129455,0.00174699571759767,0.0006066236568298029,0.0007267421771134167,0.001991253461772719,0.0008277623552598867,0.0004885154883500983,0.0012720501039239652,0.0026933688292882386,0.0016117995587847326,0.0015600329998340535,0.004501177688954182,0.0008468606973970304,0.0006960843121037903,0.002214402512006714,0.003068802028668405,0.0010147250730235032,0.0009508964032493659,0.0011700247498755405,0.00021359987916542283,0.0006789963217705558,0.0008031355456619912,0.0027999174748954605,0.00199879228103738,0.0016957317465979699,0.0012625009328553934,0.0013142674918060725,0.0015298777227754062,0.0008031355456619912,0.0022676768348103248,0.001390660860354647,0.0033663340956470653,0.0014112669663447243,0.000707643834976273,0.003662358398772792,0.0023325106804864184,0.005541032159526558,0.0033281374113727762,0.0027943890074347087,0.0005694321484574702,0.0005739554400162675,0.0007267421771134167,0.0005895356664965684,0.0013675418146096834,0.0025425924439949985,0.0011137348993660642,0.0018274097897540646,0.0028039381785032805,0.004909279105147884,0.0024280023911721366,0.0047037206331981,0.0005091215943401721,0.0007056334831723604,8.946065527399086e-05,0.0006181831797022821,0.0014801215156286362,0.0008222338877991349,0.0028552021495029823,0.00047695596547761565,0.0021133823338602437,0.0038603780514579137,0.001535406190236158,0.0004940439558108502,0.0025385717403871785,0.0010433725862292187,0.002137003967556183,0.0006885454928391294,0.0022907958805552884,0.0014474532988151007,0.0004844947847422766,0.000831783058867705,0.0034693646255974445,0.001957077481106252,0.0035226389484010554,0.0017872027536758681,0.00029200359951790655,0.0002764233730376056,0.000865959039534174,0.0009574300466120723,0.002761720790621173,0.0028134873495718523,0.0021229315049288155,0.0004729352618697939,0.0006503488085648421,0.0017640837079309045,0.0020314604978509156,0.0031451953972169797,0.0005111319461440812,0.0020792063531937747,0.0012157602534144888,0.0010679993958271142,0.0015298777227754062,0.0017912234572836881,0.0011137348993660642,0.0029527042119926097,0.004381059168670567,0.002456649904377852,0.003955869762143632,0.0018465081318912082,0.0013464331206686306,0.00031361488140993835,0.001224304248581106,0.00045031880407581104,0.0012207861329242634,0.001652006594862929,0.00375382940585069,0.002715985287082223,0.002780819132758317,0.002462178371838604,0.0014725826963639735,0.0003910134258604675,0.0023822668876331866,0.0012941639737669743,0.0002115895273615137,0.001130822889699297,0.0013333658339432161,0.00020606105990076187,0.0017701147633426336,0.000923254065945605,0.0005262095846734066,0.002266169070957393,0.0012112369618556915,0.0010720200994349342,0.0010624709283663623,0.0009880879116216969,0.0003678943801155056,0.002532038097024472,0.0015278673709714953,0.001127304774042456,0.003654316991557152,0.0038910359164675383,0.00204452778457633,0.002729555161758615,--,--,--
115,0.0020158802713706146,0.0007589078059759731,0.002830575339905087,0.0025747580728575567,0.0021741954759285156,0.0033587952763824026,0.002511934578985372,0.0014248368410211144,0.0012720501039239652,0.0003794539029879883,0.0009614507502198923,0.0007322706445741685,0.0007428249915446931,0.000657887627829503,0.001184599800453887,0.0030572425057959225,0.0011559522872481715,0.0016575350623236808,0.0022792363576828057,0.0011122271355131323,0.0018213787343423354,0.0009478808755435005,0.0023877953550939385,0.0012072162582478733,0.0018465081318912082,0.0022812467094867166,0.0004694171462129547,0.0014228264892172052,0.0014821318674325453,0.0012072162582478733,0.004926869683432094,0.0025270122175146976,0.0015122871444911944,0.0025501312632596612,0.0010604605765624532,0.0024335308586328885,0.0006830170253783775,0.0003673917921645266,0.0008141924805834949,0.0013177856074629152,0.0010755382150917769,0.000865959039534174,0.004173490344916875,0.002200832637330322,0.002172687712075584,0.0006101417724866422,0.0017912234572836881,0.0012645112846593042,0.0007478508710544694,0.005132428155381879,0.0013258270146785552,0.0038774660417911465,0.0017640837079309045,0.002664721316082523,0.00405136147282935,0.005710404299005963,0.001647985891255109,0.0022716975384181447,0.004941947321961418,0.0007679543890935676,0.0009840672080138786,9.549171068571824e-05,0.001012714721219594,0.0010147250730235032,0.0027561923231604214,0.00036236591265475376,0.002557670082524322,0.005535001104114827,0.0018022803922051918,0.0003794539029879883,0.0008222338877991349,0.0013122571400021633,0.0007991148420541695,0.00017188507923429283,0.0008086640131227431,0.0008533943407597368,0.00043875928120332836,0.004024724311427544,0.001794741572940529,0.0018138399150776727,0.001327334778531487,0.0012971795014728397,0.002232495678241903,0.0005618933291928058,0.0015012302095696907,0.0005513389822222811,0.0010850873861603487,0.0024375515622407085,0.001432375660285777,0.0013770909856782552,0.0028039381785032805,0.0035266596520088754,0.0036412497048317373,0.0014916810385011189,0.00030708123804723195,0.0011655014583167433,0.0009519015791513204,0.000782026851720935,0.0011197659547777933,0.002939134337316218,0.0035362088230774472,0.0031049883611387816,0.002006331100302043,0.0008523891648577822,0.0011368539451110278,0.0030497036865312615,0.002823036520640424,0.0004980646594186684,0.0007955967263973268,0.0030099992384040406,0.001539426893843978,0.0021359987916542283,0.0019113419775673018,0.0017625759440779726,0.0019319480835573773,0.0029104868241105024,0.0013027079689335915,0.0023877953550939385,0.0013750806338743461,0.0016555247105197717,0.0007056334831723604,0.00043021528603670936,0.00038548495839971567,0.0002211386984300838,0.0024812767139757476,0.002406893697231082,0.003387442789588118,0.002422473923711385,0.004177008460573716,0.0015047483252265317,0.001951046425694521,0.0011484134679835088,0.00016032555636181015,9.046583117594542e-05,0.00190179280649873,0.0022832570612906257,0.002422473923711385,0.00042719975833084567,0.0005588778014869421,0.0027486535038957587,0.003490473319538499,0.0015851623973829262,0.0031240867032759252,0.002755187147258467,0.0009709999212884641,0.0010881029138662124,0.0014514740024229207,0.0008488710492009395,0.0011499212318364423,0.002216412863810623,0.0015218363155597662,0.005361608261027603,0.001955067129302341,0.004272500171259434,0.0016766334044608245,0.001542945009500819,0.0024335308586328885,0.0009735128610433505,0.0013715625182175034,0.0004694171462129547,0.0007875553191816903,0.0014992198577657798,0.0012665216364632133,0.000873497858798835,0.0028878703663165178,0.0027963993592386178,0.0010413622344253096,0.0010318130633567377,0.000861938335926354,0.0029084764723065933,0.0006629135073392758,0.0019093316257633927,0.0012514439979338897,0.0009574300466120723,0.0012569724653946415,0.003288432963245557,0.002511934578985372,0.0030667916768644943,0.0010966469090328296,0.0012454129425221606,0.0008564098684656022,0.00016886955152842914,0.0006684419748000311,0.0004327282257915975,0.0011464031161795996,0.0027883579520229795,0.004667031712776746,0.0042363138387890575,0.001588680513039769,0.001636426368382628,0.0005166604136048365,0.0007875553191816903,0.00028396219230227004,0.00042719975833084567,0.0005161578256538575,0.0006905558446430385,0.00034728827412542837,0.001960595596763093,0.0011484134679835088,0.0027330732774154577,0.004739906965668478,0.001955067129302341,0.004203645621975522,0.0009594403984159814,0.002660700612474703,0.0026320530992689876,0.00354776834594993,0.0019073212739594819,0.0011901282679146388,0.0014685619927561552,0.002580789128269286,0.0024013652297703303,0.0023862875912410066,0.002424484275515294,0.0038337408900561074,0.0029486835083847914,0.0018731452932930145,0.0006543695121726603,0.00048047408113445836,0.0018480158957441418,0.0019033005703516619,0.00185203659935196,0.0030019578311884024,0.0025521416150635703,0.002468209427250333,0.002735083629219367,0.0017032705658626308,0.001278081159335696,0.0017701147633426336,0.0014685619927561552,0.0028989273012380214,0.0012187757811203542,0.0021284599723895674,0.0014761008120208162,0.0023918160587017585,0.0018309279054109073,0.0004558472715365629,0.0020751856495859547,0.00032416922838046647,0.0006960843121037903,0.0005186707654087457,0.003015527705864794,0.0013715625182175034,0.0005035931268794203,0.003078351199736977,0.00379956490938964,0.001182589448649976,0.004875103124481415,0.001794741572940529,0.0013162778436099833,0.0025883279475339485,0.0016057685033730035,0.0042182206725538685,0.0004844947847422766,0.0009840672080138786,0.001535406190236158,0.0007669492131916131,0.0003090915898511411,0.005066086545852853,0.003559327868822411,0.004238324190592967,0.0013082364363943434,0.0031622833875502143,0.0002211386984300838,0.0015278673709714953,0.0013620133471489316,0.00012966769135218728,0.0012092266100517824,0.0039232015453300965,0.0030461855708744188,0.00047695596547761565,0.0013579926435411116,0.0030632735612076533,0.0013981996796193098,0.004928377447285028,0.0027104568196214714,0.0005835046110848376,0.0009709999212884641,0.0011559522872481715,0.0008755082106027458,0.0004709249100658848,0.0015831520455790171,0.0030612632094037424,0.0022752156540749875,0.002677788602807936,0.00015831520455790102,0.0004844947847422766,0.0016138099105886417,0.0008051458974659004,0.00032065111272362376,0.00042368164267400296,0.0008126847167305613,0.0017012602140587217,0.0009307928852102659,0.0010107043694156832,0.0030708123804723143,0.007518715746622884,0.004707238748854942,0.0021324806759973874,0.003654316991557152,0.0002467706839299373,0.001957077481106252,0.002012362155713772,0.002580789128269286,0.000806653661318834,0.003297982134314129,0.0035573175170185017,0.0021666566566638547,0.001327334778531487,0.002557670082524322,0.0032140499465008916,0.00172538443570564,0.002212392160202803,0.0037327207119096373,0.0020294501460470064,0.0025938564149947003,0.004819818449873895,0.0017490060694015808,0.0027788087809544077,0.0014193083735603625,0.0033185882403042044,0.0018022803922051918,0.002424484275515294,0.0013675418146096834,0.0008795289142105658,0.0005131422979479938,0.0003950341294682892,0.0035532968134106818,0.00160426073952007,0.0031547445682855516,0.0015032405613735998,0.002607426289671092,0.0026893481256804186,0.0009096841912692132,0.0008946065527398895,0.0014057384988839707,0.002216412863810623,0.00016032555636181015,0.0021229315049288155,0.0013047183207375006,0.0009172230105338741,0.001957077481106252,0.0020676468303212937,0.0031527342164816407,0.004308686503729812,0.001123284070434636,0.003809114080458212,0.0005186707654087457,0.0006980946639076994,0.0007704673288484558,0.0014570024698836725,0.0010614657524644078,0.0010167354248274123,0.0009021453720045505,0.0006428099893001776,0.003504043194214891,0.0035819443266163972,0.005150018733666089,0.005876760910779504,0.0013409046532078788,0.00019550671293023375,0.0004432825727621256,0.0008277623552598867,0.0011956567353753906,0.001028294947699895,0.0023325106804864184,0.0005835046110848376,0.0005799864954279949,0.0028592228531108023,0.0015756132263143544,0.0005855149628887467,0.000657887627829503,0.0018178606186854927,0.0007704673288484558,0.00041011176799761115,0.0012338534196496779,0.002424484275515294,0.001396189327815399,0.0012569724653946415,0.003904103203192953,0.0007383016999858959,0.000657887627829503,0.0019626059485670037,0.002929585166247646,0.0008714875069949259,0.0008880729093771814,0.0011222788945326814,0.00020957917555760458,0.0006830170253783775,0.0006292401146237858,0.002376738420172435,0.001854046951155871,0.0016077788551769126,0.0012529517617868215,0.0012549621135907324,0.0014570024698836725,0.0007684569770445467,0.002105843514595581,0.001388650508550738,0.0034160903027938335,0.0013539719399332916,0.0006121521242905548,0.003284412259637737,0.0020465381363802392,0.005225909514263686,0.003231137936834126,0.0027883579520229795,0.0005855149628887467,0.0005875253146926593,0.0006543695121726603,0.0005608881532908512,0.0013579926435411116,0.002399354877966421,0.000861938335926354,0.0016329082527257854,0.002557670082524322,0.00459465904783599,0.002317433041957093,0.004516757915434483,0.0005186707654087457,0.0007478508710544694,9.147100707789999e-05,0.0006181831797022821,0.0014992198577657798,0.0008830470298674068,0.0024893181211913876,0.0003126097055079838,0.001995274165380539,0.0036638661626257236,0.0014665516409522444,0.0005196759413107002,0.0024320230947799566,0.0010262845958959842,0.0020847348206545265,0.0007001050157116086,0.002092273639919189,0.001386640156746827,0.00042518940652693654,0.0008679693913380832,0.0034201110064016535,0.00199879228103738,0.0034160903027938335,0.0017449853657937608,0.0003030605344394137,0.00028044407664542734,0.0008584202202695113,0.0009478808755435005,0.0024988672922599594,0.0024717275429071758,0.001964616300370913,0.0002668742019690355,0.0006066236568298029,0.001647985891255109,0.001955067129302341,0.0029828594890512587,0.000515152649751903,0.0020616157749095646,0.0012217913088262197,0.0010368389428665123,0.0014745930481678843,0.0017701147633426336,0.0010298027115528269,0.0027943890074347087,0.004209676677387251,0.002372717716564615,0.0037764458636446764,0.0017660940597348136,0.0013027079689335915,0.0002899932477139974,0.0012805940990905824,0.00042719975833084567,0.0011061960801014015,0.0015851623973829262,0.0034673542737935353,0.0026094366414750013,0.0025903382993378576,0.002368697012956795,0.001315272667708027,0.000415640235458363,0.0022505888444770902,0.001239884475061407,0.0002211386984300838,0.0010795589186995969,0.0011976670871793015,0.00020405070809685275,0.0016138099105886417,0.0007171930060448431,0.000415640235458363,0.002096294343527009,0.0011464031161795996,0.0010509114054938814,0.001024274244092075,0.0009443627598866577,0.00038699272225264925,0.002349096082868674,0.0014459455349621689,0.0009745180369453068,0.0033035106017748807,0.0033723651510587944,0.0018806841125576755,0.002628534983612145,--,--,--
116,0.002004823336449111,0.0007287525289173258,0.0027124671714253822,0.0025501312632596612,0.002260138015545662,0.003276873440373076,0.0023898057068978493,0.0014097592024917907,0.001338894301403968,0.0004060910643897929,0.0009519015791513204,0.0007513689867113121,0.0007418198156427386,0.0006789963217705558,0.0011423824125717796,0.0029984397155315597,0.0011634911065128324,0.0013449253568156988,0.0020731752977820456,0.0011770609811892242,0.0018253994379501554,0.000919233362337785,0.0023918160587017585,0.0012876303304042679,0.0017721251151465445,0.0023269822130256666,0.00045182656792874115,0.001373070282070437,0.0014554947060307407,0.0011956567353753906,0.004728347442795995,0.002509924227181463,0.0014685619927561552,0.002521483750053944,0.001129315125846365,0.0023385417358981475,0.0006820118494764195,0.00038699272225264925,0.0008051458974659004,0.0012645112846593042,0.001028294947699895,0.000823741651652065,0.004211184441240185,0.0020887555242623465,0.0020314604978509156,0.0006483384567609295,0.0017892131054797773,0.001285619978600357,0.0007764983842601832,0.004741917317472387,0.0012836096267964479,0.0038855074490067865,0.0016786437562647354,0.0026416022703375595,0.004071967578819426,0.005481726781311216,0.001652006594862929,0.0022450603770163384,0.004827357269138556,0.0008126847167305613,0.0009403420562788378,0.0001030305299503792,0.001020253540484255,0.0009860775598177877,0.0026968869449450796,0.00032065111272362376,0.002424484275515294,0.005466649142781893,0.0018213787343423354,0.0003699047319194147,0.0008543995166616913,0.0013047183207375006,0.0008182131841913132,0.0001563048527539919,0.0008011251938580821,0.0008056484854168759,0.0004025729487329502,0.00390058508753611,0.0016268771973140563,0.0016917110429901499,0.0012609931690024615,0.0012494336461299788,0.0022515940203790465,0.0005960693098592748,0.0015238466673636753,0.0005533493340261902,0.0010795589186995969,0.002410914400838902,0.0014208161374132961,0.001327334778531487,0.002729555161758615,0.003555307165214591,0.0034733853292052645,0.0014801215156286362,0.0003015527705864801,0.001130822889699297,0.0009519015791513204,0.000774488032456274,0.0011026779644445605,0.002765741494228993,0.003551286461606771,0.0030175380576687033,0.0018424874282833882,0.0007553896903191304,0.001169019573973586,0.0030461855708744188,0.0027064361160136514,0.00046539644260513297,0.0007860475553287567,0.002889880718120427,0.0015620433516379626,0.002060108011056631,0.0018922436354301582,0.001804290744009101,0.0017851924018719573,0.002626524631808236,0.0011102167837092215,0.002266169070957393,0.0014017177952761525,0.001634416016578719,0.0006493436326628875,0.0004111169438995657,0.0003709099078213693,0.00021561023096933196,0.002315422690153184,0.0022847648251435593,0.0032617958018437507,0.0023345210322903275,0.0041865576316422876,0.0015565148841772108,0.0020199009749784346,0.001145397940277645,0.00015178156119519462,9.046583117594542e-05,0.0018022803922051918,0.0022314905023399466,0.002273707890222054,0.000415640235458363,0.00047695596547761565,0.0024948465886521394,0.003408551483529171,0.001652006594862929,0.003034626048001938,0.0026923636533862823,0.0008810366780634977,0.0010368389428665123,0.0014077488506878816,0.000823741651652065,0.001130822889699297,0.002161128189203103,0.0015489760649125498,0.005308333938223992,0.0018826944643615864,0.0042363138387890575,0.001640447071990448,0.0015620433516379626,0.0023898057068978493,0.0009242592418475595,0.0013409046532078788,0.00041212211980152375,0.0008031355456619912,0.0015333958384322471,0.0013122571400021633,0.0008428399937892104,0.0027883579520229795,0.002872290139836215,0.0010509114054938814,0.0010574450488565878,0.000861938335926354,0.0029124971759144132,0.0006247168230649885,0.00189777210289091,0.0012092266100517824,0.0009076738394653023,0.0012494336461299788,0.003229127585030217,0.00230034505162386,0.0031622833875502143,0.001175050629385315,0.0012434025907182497,0.0008428399937892104,0.00017238766718527185,0.0006649238591431884,0.0004176505872622756,0.001020253540484255,0.0027541819713565122,0.004297126980857331,0.004177008460573716,0.0016138099105886417,0.0016213487298533044,0.0004980646594186684,0.0007724776806523649,0.00030708123804723195,0.0004513239799777656,0.0005035931268794203,0.0006372815218394258,0.0003432675705176101,0.001804290744009101,0.0009383317044749286,0.002622503928200416,0.0047037206331981,0.001955067129302341,0.0040398019499568675,0.0009076738394653023,0.0025461105596518412,0.0025501312632596612,0.003446748167803458,0.0018289175536069981,0.0011881179161107296,0.0014399144795504398,0.0026988972967489904,0.0022752156540749875,0.002351609022623562,0.0023973445261625103,0.003793533853977911,0.0028476633302383196,0.0018671142378812854,0.0006543695121726603,0.00047695596547761565,0.0018253994379501554,0.0018691245896851946,0.0016630635297844344,0.002975320669786596,0.0024355412104367976,0.0026340634510728968,0.0026948765931411704,0.0016786437562647354,0.001232345655796746,0.0017087990333233827,0.0014172980217564534,0.0028989273012380214,0.0012187757811203542,0.001987232758164899,0.0012891380942571997,0.002331002916633485,0.00180077262835226,0.0004538369197326503,0.0020827244688506174,0.000366386616262572,0.0006418048133982231,0.0005101267702421267,0.0028989273012380214,0.001338894301403968,0.0005342509918890466,0.003027087228737275,0.0038453004129285883,0.0010378441187684669,0.004568021886434185,0.001689700691186239,0.001342915005011788,0.0025843072439261285,0.0016138099105886417,0.004124739313672059,0.00045685244743851744,0.0009840672080138786,0.0015047483252265317,0.0007383016999858959,0.0002899932477139974,0.00499723199656894,0.0032537543946281125,0.004228775019524395,0.0013238166628746443,0.0031507238646777316,0.00021762058277324456,0.0014554947060307407,0.0013449253568156988,0.00012413922389143545,0.0011881179161107296,0.0038774660417911465,0.0028974195373850896,0.0004327282257915975,0.0013218063110707352,0.003093931426217278,0.0014459455349621689,0.004965066367706382,0.0027370939810232777,0.0005950641339573202,0.0010011551983471114,0.0010966469090328296,0.0008604305720734222,0.000507111242536263,0.0015600329998340535,0.0030195484094726124,0.0021762058277324265,0.0025637011379360513,0.0001945015370282792,0.00044227739686017106,0.0016153176744415753,0.0008428399937892104,0.00035683744519400193,0.00043875928120332836,0.0008277623552598867,0.001689700691186239,0.0009348135888180859,0.001024274244092075,0.002977331021590507,0.007156349833968132,0.0047509639005899815,0.0021344910278012965,0.0036296901819592563,0.00023169304540061192,0.0019817042907041473,0.0020867451724584374,0.002735083629219367,0.0008373115263284568,0.0030667916768644943,0.0033663340956470653,0.00210785386639949,0.0012971795014728397,0.0025541519668674795,0.003192941252559839,0.0017299077272644372,0.0021802265313402465,0.0035703848037439145,0.0019053109221555727,0.0024832870657796567,0.004764533775266373,0.0016801515201176672,0.0026968869449450796,0.0013655314628057743,0.003297982134314129,0.0017816742862151163,0.0023877953550939385,0.0014112669663447243,0.0008639486877302632,0.0004824844329383675,0.0003890030740565584,0.0034658465099406018,0.0015122871444911944,0.0030039681829923115,0.001386640156746827,0.0024355412104367976,0.0025938564149947003,0.0008885754973281586,0.0008966169045437986,0.001342915005011788,0.0021359987916542283,0.00016384367201865285,0.002004823336449111,0.001278081159335696,0.0008925962009359786,0.0018178606186854927,0.00194350760642986,0.003087900370805549,0.004266971703798682,0.0011328332415032078,0.003783984682909339,0.0005226914690165639,0.0006558772760255939,0.0007418198156427386,0.0013620133471489316,0.0010795589186995969,0.0010378441187684669,0.0008639486877302632,0.0007096541867801821,0.0035191208327442144,0.003476903444862107,0.005128910039725036,0.005872740207171686,0.0013524641760803598,0.00018897306956752735,0.0004432825727621256,0.0008257520034559776,0.0011710299257774951,0.0009936163790824504,0.0021897757024088183,0.0005282199364773157,0.0005759657918201766,0.0028989273012380214,0.0015183181999029235,0.0006141624760944639,0.0006332608182316075,0.0017585552404701527,0.0007287525289173258,0.0003794539029879883,0.001239884475061407,0.0022450603770163384,0.0012685319882671225,0.001081569270503506,0.0037156327215764028,0.0007704673288484558,0.0006332608182316075,0.0019776835870963273,0.0029165178795222332,0.0008870677334752268,0.0008423374058382331,0.0011634911065128324,0.00020606105990076187,0.0006619083314373213,0.0005342509918890466,0.0021093616302524237,0.0017530267730094008,0.0015756132263143544,0.0012705423400710333,0.0012609931690024615,0.0015122871444911944,0.0007362913481819867,0.002008341452105952,0.0014017177952761525,0.0034045307799213526,0.0012876303304042679,0.0005417898111537076,0.0030748330840801343,0.0018997824546948192,0.005023869157970746,0.003280391556029917,0.002828564988101176,0.000582499435182883,0.0005397794593497984,0.0006749756181627375,0.0005453079268105503,0.0013579926435411116,0.002412924752642813,0.0007724776806523649,0.0014268471928250252,0.002523494101857855,0.004471022411895533,0.0022676768348103248,0.004472530175748467,0.000524701820820473,0.0007212137096526648,0.00011257970101895276,0.0006312504664276984,0.001542945009500819,0.0009458705237395913,0.0023958367623095785,0.00024023704056722744,0.0020636261267134737,0.003763378576919262,0.0014876603348932989,0.0005443027509085957,0.0024013652297703303,0.0009916060272785396,0.0020847348206545265,0.0007322706445741685,0.0019776835870963273,0.0013655314628057743,0.00041413247160543287,0.0009041557238084613,0.003381914322127366,0.0019932638135766283,0.00339297125704887,0.0016746230526569154,0.0003397494548607674,0.00029351136337084013,0.0008830470298674068,0.0008755082106027458,0.0022772260058788966,0.0023365313840942384,0.0019666266521748237,0.00024224739237114004,0.0006387892856923594,0.001592701216647589,0.0019264196160966255,0.0029602430312572724,0.0005357587557419802,0.0020158802713706146,0.0012484284702280243,0.0010167354248274123,0.0014725826963639735,0.0016610531779805236,0.0009348135888180859,0.002777301017101474,0.004270489819455525,0.002307883870888521,0.003747798350438961,0.0018349486090187273,0.0013082364363943434,0.00028898807181204286,0.0013248218387765989,0.00039855224512513193,0.0010509114054938814,0.0015409346576969098,0.003282401907833828,0.0026511514414061313,0.0024491110851131894,0.002303863167280703,0.0012921536219630634,0.0004292101101347548,0.0021932938180656593,0.0012730552798259197,0.00025732503090046197,0.001035833766964556,0.0011614807547089233,0.00018897306956752735,0.0014951991541579598,0.0006312504664276984,0.00039654189332121934,0.002004823336449111,0.0011368539451110278,0.0010393518826213987,0.0010468907018860614,0.0009348135888180859,0.00040056259692904106,0.0022752156540749875,0.0013791013374821661,0.0009614507502198923,0.003215557710353825,0.003280391556029917,0.0019681344160277555,0.0027104568196214714,--,--,--
117,0.0019399894907730173,0.0006810066735744649,0.0025290225693186067,0.002507913875377554,0.002307883870888521,0.003173842910422695,0.0022546095480849102,0.0014077488506878816,0.0013675418146096834,0.0004312204619386674,0.0009297877093083114,0.0007458405192505603,0.0007307628807212349,0.0006980946639076994,0.0010986572608367405,0.002878321195247946,0.0011177556029738842,0.0010931287933759887,0.0019093316257633927,0.0012434025907182497,0.0018178606186854927,0.0009001350202006413,0.002351609022623562,0.0013258270146785552,0.0016650738815883435,0.002311904574496341,0.00042518940652693654,0.0013162778436099833,0.0014193083735603625,0.0011785687450421578,0.00459465904783599,0.0024873077693874767,0.0014459455349621689,0.002406893697231082,0.0011675118101206524,0.0021857549988009983,0.0006568824519275485,0.0004176505872622756,0.0007991148420541695,0.0011921386197185479,0.0009840672080138786,0.0007669492131916131,0.0041388117762994284,0.0019932638135766283,0.00189777210289091,0.0006598979796334122,0.0017299077272644372,0.0012911484460611088,0.0007875553191816903,0.004258930296583044,0.0012434025907182497,0.003889025564663629,0.0015776235781182653,0.002603405586063272,0.004007133733143334,0.005283204540675117,0.0016248668455101471,0.0021822368831441556,0.0046519540742474205,0.0008373115263284568,0.0008870677334752268,0.00011056934921504363,0.0009996474344941796,0.000964968865876735,0.0026380841546807168,0.00030708123804723195,0.0023023554034277693,0.005390255774233318,0.0018158502668815836,0.00037191508372332385,0.0008714875069949259,0.0012720501039239652,0.000816202832387404,0.00013720651061684824,0.0007780061481131167,0.0007840372035248476,0.0003774435511840757,0.0037191508372332455,0.0014685619927561552,0.0015776235781182653,0.0011730402775814042,0.0011634911065128324,0.0022154076879086684,0.0006101417724866422,0.0014821318674325453,0.0005417898111537076,0.0010509114054938814,0.002367189249103863,0.0014037281470800616,0.0012836096267964479,0.0026797989546118468,0.0035648563362831627,0.003282401907833828,0.0014801215156286362,0.00028245442844933646,0.001070009747631025,0.0009287825334063568,0.0007684569770445467,0.0010549321091016996,0.0025501312632596612,0.0035402295266852672,0.002918025643375165,0.0017585552404701527,0.000673467854309804,0.0011770609811892242,0.0029924086601198305,0.002509924227181463,0.0004327282257915975,0.0007609181577798822,0.002723524106346886,0.0015620433516379626,0.001951046425694521,0.0018329382572148164,0.001854046951155871,0.0016726127008530062,0.002410914400838902,0.0009554196948081631,0.0020942839917230983,0.0013921686242075806,0.0015756132263143544,0.0006141624760944639,0.0003814642547918974,0.0003498012138803165,0.00021561023096933196,0.0021249418567327247,0.0021822368831441556,0.0031587652718933715,0.0022430500252124293,0.004155899766632663,0.0015866701612358598,0.0019796939389002365,0.001129315125846365,0.00014424274193053366,8.946065527399086e-05,0.0016992498622548109,0.002147558314526711,0.002101822810987761,0.0004176505872622756,0.00042719975833084567,0.002311904574496341,0.00339699196065669,0.001693721394794059,0.002878321195247946,0.002545607971700864,0.0007895656709855994,0.0009584352225140268,0.0013409046532078788,0.0007875553191816903,0.001134843593307117,0.0020369889653116674,0.0015866701612358598,0.005266116550341884,0.0017660940597348136,0.0040895581571036375,0.001590690864843678,0.001515302672197058,0.0022792363576828057,0.0008765133865047004,0.0013047183207375006,0.00035834520904693204,0.000806653661318834,0.0015258570191675862,0.0014077488506878816,0.0008584202202695113,0.002624514280004325,0.0028913884819733587,0.0010463881139350841,0.0010624709283663623,0.0008448503455931195,0.0028401245109736586,0.0005940589580553657,0.0018751556450969237,0.0011730402775814042,0.0008885754973281586,0.0012685319882671225,0.0031758532622266043,0.002111371982056333,0.003080361551540886,0.0012207861329242634,0.001216765429316445,0.0008141924805834949,0.00017841872259699923,0.0006448203411040902,0.0003910134258604675,0.0009076738394653023,0.0027501612677486922,0.003925211897134006,0.004121723785966196,0.0016153176744415753,0.001592701216647589,0.0004558472715365629,0.0007438301674466477,0.00032065111272362376,0.00047394043777175196,0.0004854999606442312,0.0005799864954279949,0.0003432675705176101,0.0016233590816572135,0.0007860475553287567,0.0024968569404560485,0.00459465904783599,0.0019304403197044455,0.0037920260901249773,0.0008523891648577822,0.002368697012956795,0.0024300127429760458,0.0032482259271673607,0.0017032705658626308,0.0011675118101206524,0.0014208161374132961,0.002773280313493656,0.0021837446469970875,0.0023229615094178466,0.0023747280683685257,0.0036658765144296345,0.0026797989546118468,0.0018022803922051918,0.0006448203411040902,0.0004709249100658848,0.0017565448886662418,0.00180077262835226,0.001489670686697208,0.003072822732276225,0.0023480909069667193,0.0027788087809544077,0.0026320530992689876,0.0016193383780493936,0.001182589448649976,0.0016097892069808217,0.001338894301403968,0.0028496736820422305,0.0012092266100517824,0.0018766634089498573,0.0011594704029050142,0.002303863167280703,0.0017776535826072963,0.00043875928120332836,0.0020711649459781364,0.00041011176799761115,0.0005940589580553657,0.0004950491317128047,0.002739104332827187,0.0012876303304042679,0.000556867449683033,0.002935616221659377,0.0038679168707225747,0.0009001350202006413,0.004184547279838378,0.001592701216647589,0.0013464331206686306,0.002565208901788985,0.001588680513039769,0.003920688605575208,0.00042719975833084567,0.0009554196948081631,0.001443935183158258,0.0007307628807212349,0.00028245442844933646,0.005027889861578566,0.003021056173325546,0.004177008460573716,0.0013197959592668243,0.0030919210744133688,0.00020405070809685275,0.0013539719399332916,0.0013027079689335915,0.00012011852028361372,0.001175050629385315,0.0038186632515267837,0.002713974935278314,0.00039855224512513193,0.0013082364363943434,0.003078351199736977,0.0014685619927561552,0.004909279105147884,0.0027541819713565122,0.0005875253146926593,0.0010071862537588405,0.0009996474344941796,0.0008373115263284568,0.000515152649751903,0.0015585252359811216,0.002981351725198325,0.0021897757024088183,0.0024375515622407085,0.00023269822130256648,0.00039654189332121934,0.0016213487298533044,0.0008468606973970304,0.00039654189332121934,0.0004312204619386674,0.0008393218781323694,0.001647985891255109,0.0009458705237395913,0.0010624709283663623,0.0028134873495718523,0.006778906282784056,0.004714777568119605,0.002105843514595581,0.0035191208327442144,0.00021359987916542283,0.0019284299679005364,0.00210383316279167,0.0028476633302383196,0.0008564098684656022,0.0028989273012380214,0.0032175680621577343,0.0021264496205856565,0.0012434025907182497,0.0024968569404560485,0.003131625522540588,0.0016907058670881936,0.002096294343527009,0.003339696934245259,0.001735436194725189,0.002363168545496043,0.004665523948923812,0.0016193383780493936,0.0026380841546807168,0.0013539719399332916,0.003234656052490969,0.0017374465465290981,0.0022928062323591975,0.0014343860120896862,0.0008393218781323694,0.0004442877486640802,0.0003699047319194147,0.0033075313053827007,0.0014132773181486334,0.0028974195373850896,0.001278081159335696,0.002307883870888521,0.0024948465886521394,0.0008870677334752268,0.0008639486877302632,0.0012705423400710333,0.0020143725075176828,0.00016685919972452,0.0018575650668127136,0.001239884475061407,0.0008508814010048486,0.001697742098401879,0.0018595754186166227,0.003084382255148706,0.004154392002779731,0.0011579626390520806,0.003587472794077149,0.0005262095846734066,0.0006257219989669466,0.0007096541867801821,0.0012529517617868215,0.0010755382150917769,0.0010413622344253096,0.0008277623552598867,0.0007629285095837914,0.0035839546784203064,0.003385432437784209,0.004936418854500666,0.005758150154348822,0.0013409046532078788,0.0001849523659597091,0.0004292101101347548,0.0008086640131227431,0.0011403720607678688,0.0009458705237395913,0.0020636261267134737,0.0004709249100658848,0.0005608881532908512,0.0028933988337772696,0.0014268471928250252,0.0006428099893001776,0.0005684269725555122,0.0016233590816572135,0.0006810066735744649,0.00035683744519400193,0.0012227964847281742,0.002006331100302043,0.001224304248581106,0.0009554196948081631,0.0035668666880870736,0.0007971044902502604,0.0006005926014180721,0.0018997824546948192,0.002872290139836215,0.0008564098684656022,0.0007925811986914631,0.0011665066342186978,0.000208071411704671,0.0006558772760255939,0.00046338609080122384,0.0019168704450280537,0.0016499962430590199,0.0015278673709714953,0.001285619978600357,0.0012227964847281742,0.0015203285517068343,0.0007036231313684513,0.0018691245896851946,0.0014057384988839707,0.00342262394615654,0.0012303353039928352,0.0004900232522030284,0.002933605869855466,0.0017912234572836881,0.004816300334217052,0.0032577750982359325,0.0028361038073658387,0.0005684269725555122,0.000507111242536263,0.0006639186832412339,0.000515152649751903,0.0013464331206686306,0.0023842772394370975,0.0007116645385840913,0.0012549621135907324,0.0025023854079168004,0.004297126980857331,0.0021822368831441556,0.004337334016935528,0.000524701820820473,0.0006980946639076994,0.00013519615881293912,0.0006352711700355167,0.0015715925227065344,0.0010091966055627514,0.0022792363576828057,0.00018897306956752735,0.0021284599723895674,0.0037709173961839246,0.0014821318674325453,0.0005538519219771658,0.0023249718612217557,0.0009287825334063568,0.0020199009749784346,0.0007458405192505603,0.0018103217994208318,0.0013238166628746443,0.0004045833005368593,0.0009554196948081631,0.003446748167803458,0.001991253461772719,0.003334168466784507,0.001590690864843678,0.00036035556085084464,0.0003015527705864801,0.0008714875069949259,0.0008182131841913132,0.002004823336449111,0.0021877653506049075,0.0019857249943119673,0.00023068786949865736,0.0006674367988980731,0.0014972095059618707,0.0018786737607537664,0.002889880718120427,0.0005342509918890466,0.0019264196160966255,0.0012423974148162951,0.0009795439164550813,0.001437904127746529,0.0015600329998340535,0.0008885754973281586,0.0027677518460329023,0.00425742253273011,0.002262148367349573,0.0036161203072828645,0.0018349486090187273,0.0012609931690024615,0.00028396219230227004,0.0013303503062373524,0.0003643762644586629,0.0009709999212884641,0.001493691390305028,0.003093931426217278,0.002715985287082223,0.002331002916633485,0.0022430500252124293,0.0012227964847281742,0.0004292101101347548,0.002101822810987761,0.001255967289492687,0.0002879828959100883,0.0009860775598177877,0.0011061960801014015,0.00018696271776361822,0.001386640156746827,0.0005724476761633339,0.0003930237776643801,0.0019148600932241445,0.0011102167837092215,0.0009976370826902687,0.0010393518826213987,0.0009116945430731223,0.00041413247160543287,0.0021143875097621983,0.0012891380942571997,0.0009539119309552296,0.003177863614030515,0.003188920548952019,0.0020178906231745238,0.002784839836366137,--,--,--
118,0.0018575650668127136,0.0006181831797022821,0.0022983346998199494,0.0024259920393682258,0.0023023554034277693,0.002988890544462988,0.0021093616302524237,0.0013770909856782552,0.0013368839496000588,0.00045031880407581104,0.0008880729093771814,0.0007287525289173258,0.0006905558446430385,0.0006940739602998812,0.0010433725862292187,0.0026873377738765077,0.0010604605765624532,0.0009172230105338741,0.0017625759440779726,0.0012891380942571997,0.0017681044115387245,0.000877518562406655,0.0022314905023399466,0.0013258270146785552,0.001531385486628338,0.002204853340938142,0.0003910134258604675,0.0012705423400710333,0.001373070282070437,0.001138864296914937,0.004373520349405906,0.002368697012956795,0.0014057384988839707,0.0022294801505360375,0.0011594704029050142,0.001991253461772719,0.0006056184809278449,0.0004513239799777656,0.0007860475553287567,0.0011212737186307251,0.0009252644177495141,0.0007096541867801821,0.003932750716398668,0.0018922436354301582,0.0017565448886662418,0.0006558772760255939,0.0016233590816572135,0.0012494336461299788,0.000782026851720935,0.0038201710153797155,0.0012016877907871197,0.0038186632515267837,0.0014761008120208162,0.0025446027957989076,0.0037920260901249773,0.0050087915194414225,0.001590690864843678,0.0020731752977820456,0.004421266204748765,0.0008172080082893586,0.0008297727070637959,0.00012413922389143545,0.0009840672080138786,0.0009403420562788378,0.0025461105596518412,0.0003090915898511411,0.0021284599723895674,0.005229930217871506,0.0017530267730094008,0.0003774435511840757,0.000861938335926354,0.0012187757811203542,0.0007875553191816903,0.00012212887208752285,0.0007398094638388295,0.0007800164999170259,0.000366386616262572,0.0035115820134795517,0.001335376185747127,0.0014650438770993125,0.0010795589186995969,0.0010795589186995969,0.00210383316279167,0.0006005926014180721,0.001396189327815399,0.0005015827750755111,0.0009996474344941796,0.00230034505162386,0.0013620133471489316,0.001239884475061407,0.002565208901788985,0.0035095716616756426,0.0030708123804723143,0.0014610231734914925,0.0002633560863121928,0.0010071862537588405,0.0009348135888180859,0.0007342809963780776,0.000978538740553125,0.002309894222692432,0.003433178293127068,0.0028039381785032805,0.0017203585561958654,0.000616172827898373,0.0011710299257774951,0.002868772024179374,0.002303863167280703,0.00042368164267400296,0.0007171930060448431,0.002509924227181463,0.0015333958384322471,0.0018233890861462446,0.0017263896116075945,0.0018274097897540646,0.0016097892069808217,0.002208874044545962,0.0008488710492009395,0.00189777210289091,0.0013484434724725398,0.0014610231734914925,0.0005930537821534111,0.00034728827412542837,0.0003347235753509911,0.0002211386984300838,0.0019244092642927164,0.00209026328811528,0.0030099992384040406,0.0020983046953309183,0.003999594913878671,0.0015585252359811216,0.0018882229318223382,0.0010835796223074168,0.00013921686242075737,9.147100707789999e-05,0.0015620433516379626,0.0020349786135077583,0.0019455179582337691,0.0004060910643897929,0.00041413247160543287,0.0021440401988698683,0.003293961430706309,0.0016992498622548109,0.0027084464678175622,0.0023259770371237103,0.000707643834976273,0.0008724926828968804,0.0012705423400710333,0.0007398094638388295,0.0011177556029738842,0.0018751556450969237,0.001590690864843678,0.005132428155381879,0.001640447071990448,0.0038699272225264855,0.0015032405613735998,0.0014343860120896862,0.0021455479627228,0.0008151976564854495,0.0012720501039239652,0.00032065111272362376,0.0008051458974659004,0.0014972095059618707,0.0014761008120208162,0.0008830470298674068,0.002460670607985672,0.002880331547051855,0.001020253540484255,0.0010348285910626014,0.0008126847167305613,0.0027406120966801204,0.0005628985050947603,0.001798762276548349,0.001138864296914937,0.000865959039534174,0.0012665216364632133,0.003072822732276225,0.001995274165380539,0.002922046346982985,0.0012052059064439624,0.0011594704029050142,0.0007780061481131167,0.00018394719005775106,0.000616172827898373,0.00036236591265475376,0.000816202832387404,0.0026968869449450796,0.003559327868822411,0.003988035391006188,0.0015640537034418735,0.001542945009500819,0.00042518940652693654,0.0006940739602998812,0.00031864076091971463,0.0004890180763010739,0.00046640161850708753,0.0005282199364773157,0.0003432675705176101,0.0014514740024229207,0.0006789963217705558,0.0023707073647607057,0.004419255852944854,0.0018691245896851946,0.003496001786999251,0.000806653661318834,0.0021932938180656593,0.002269687186614234,0.0030039681829923115,0.0015620433516379626,0.0011157452511699733,0.0014132773181486334,0.0027828294845622277,0.002101822810987761,0.002248578492673181,0.0022887855287513775,0.0034522766352642117,0.0024757482465149958,0.0016917110429901499,0.0006086340086337121,0.0004558472715365629,0.0016801515201176672,0.0016861825755293963,0.0013102467881982525,0.003128107406883745,0.0022430500252124293,0.002819015817032604,0.002523494101857855,0.0015374165420400671,0.0011102167837092215,0.0014801215156286362,0.001226314600385017,0.002720005990690043,0.0011941489715224587,0.0017776535826072963,0.0010604605765624532,0.0022470707288202493,0.001743477601940829,0.0004327282257915975,0.002006331100302043,0.00044830845227189844,0.0005503338063203266,0.0004930387799088956,0.002535053624730336,0.0012036981425910306,0.0005684269725555122,0.002769259609885836,0.0038453004129285883,0.0007971044902502604,0.003816652899722873,0.0014841422192364562,0.0013409046532078788,0.0024832870657796567,0.0015163078480990144,0.0036553221674591064,0.00039855224512513193,0.0009147100707789877,0.0013791013374821661,0.0007362913481819867,0.0002744130212336965,0.004939936970157509,0.0027883579520229795,0.004052869236682282,0.0012891380942571997,0.002984869840855168,0.00018897306956752735,0.0012609931690024615,0.001226314600385017,0.0001181081684797046,0.0011177556029738842,0.0037096016661646736,0.0025365613885832694,0.00038548495839971567,0.0012705423400710333,0.002967781850521935,0.0014343860120896862,0.004711259452462762,0.0027124671714253822,0.000566416620751603,0.0009820568562099678,0.0008885754973281586,0.0007991148420541695,0.0005262095846734066,0.0015333958384322471,0.002929585166247646,0.002210381808398894,0.002307883870888521,0.0002764233730376056,0.000366386616262572,0.0015811416937751063,0.000831783058867705,0.0004327282257915975,0.00041212211980152375,0.0008508814010048486,0.0015565148841772108,0.0009614507502198923,0.0010564398729546332,0.0026054159378671813,0.00630195031730644,0.004537364021424559,0.002012362155713772,0.003284412259637737,0.00020003000448903102,0.0018274097897540646,0.002060108011056631,0.0028667616723754633,0.0008488710492009395,0.0027521716195526014,0.0030441752190705097,0.002111371982056333,0.001175050629385315,0.0023707073647607057,0.002981351725198325,0.0015896856889417235,0.001957077481106252,0.0030919210744133688,0.0015776235781182653,0.0022470707288202493,0.0044403645468859086,0.0015791313419711971,0.0025637011379360513,0.0013579926435411116,0.0031205685876190842,0.0016499962430590199,0.0021400194952620483,0.0014268471928250252,0.0007895656709855994,0.00042518940652693654,0.0003508063897822711,0.0031049883611387816,0.0013162778436099833,0.002763731142425084,0.0011976670871793015,0.0021400194952620483,0.0023501012587706285,0.0008639486877302632,0.000806653661318834,0.0011881179161107296,0.0018902332836262473,0.00017087990333233827,0.001697742098401879,0.0011941489715224587,0.0008031355456619912,0.0015982296841083408,0.0017872027536758681,0.003000450067335469,0.003969439636820024,0.0011614807547089233,0.003337686582441348,0.0005226914690165639,0.0006005926014180721,0.0006694471507019857,0.0011519315836403515,0.001049906229591925,0.0010413622344253096,0.0007800164999170259,0.0007915760227895086,0.0035095716616756426,0.0032633035656966843,0.0045926486960320805,0.00549680441984054,0.0012891380942571997,0.00018042907440091183,0.00040709624029174746,0.000774488032456274,0.001123284070434636,0.0008810366780634977,0.0019414972546259492,0.000415640235458363,0.0005342509918890466,0.0028039381785032805,0.001338894301403968,0.000657887627829503,0.0004960543076147593,0.0014821318674325453,0.0006352711700355167,0.0003261795801843756,0.001169019573973586,0.0017756432308033854,0.001216765429316445,0.0008795289142105658,0.0034120695991860135,0.0008202235359952258,0.0005835046110848376,0.0017490060694015808,0.0027963993592386178,0.0007875553191816903,0.0007372965240839413,0.0011187607788758387,0.0002115895273615137,0.0006292401146237858,0.0004312204619386674,0.0017851924018719573,0.0015756132263143544,0.0014590128216875834,0.0012514439979338897,0.0011730402775814042,0.0014534843542268298,0.0006619083314373213,0.001735436194725189,0.0014017177952761525,0.0033864376136861635,0.0011785687450421578,0.0004729352618697939,0.002830575339905087,0.0017223689079997745,0.004527814850355987,0.003169822206814875,0.002763731142425084,0.0005538519219771658,0.0004885154883500983,0.0006352711700355167,0.00048047408113445836,0.0013047183207375006,0.002311904574496341,0.0006523591603687512,0.0011137348993660642,0.002412924752642813,0.004056889940290102,0.0020751856495859547,0.004102625443829052,0.0005056034786833294,0.0006905558446430385,0.00016384367201865285,0.0006468306929079994,0.0015776235781182653,0.0010318130633567377,0.00214956866633062,0.00016384367201865285,0.002163138541007012,0.0036774360373021155,0.001432375660285777,0.000540784635251753,0.0021897757024088183,0.0008543995166616913,0.0019033005703516619,0.0007287525289173258,0.0016308979009218762,0.0012665216364632133,0.0004045833005368593,0.0009594403984159814,0.0034140799509899244,0.0019817042907041473,0.0032175680621577343,0.0014705723445600644,0.000373925435527233,0.00032065111272362376,0.0008332908227206386,0.0007609181577798822,0.0017414672501369181,0.002060108011056631,0.0019892431099688083,0.00023068786949865736,0.0006865351410352168,0.001386640156746827,0.0018193683825384263,0.002807456294160123,0.0005166604136048365,0.0018193683825384263,0.0011966619112773452,0.0009317980611122222,0.0013635211110018652,0.0014494636506190116,0.0008202235359952258,0.002681809306415756,0.004129262605230857,0.002200832637330322,0.0034256394738624053,0.0017736328789994763,0.0011785687450421578,0.0002764233730376056,0.0012866251545023116,0.0003357287512529457,0.0008966169045437986,0.0014248368410211144,0.002881839310904787,0.002723524106346886,0.002200832637330322,0.0021822368831441556,0.0011378591210129824,0.00042518940652693654,0.001991253461772719,0.0012052059064439624,0.0003146200573118929,0.0009287825334063568,0.0010453829380331278,0.0001849523659597091,0.0012971795014728397,0.0005322406400851375,0.00038699272225264925,0.0018103217994208318,0.001035833766964556,0.0009498912273474096,0.0010031655501510223,0.0008639486877302632,0.00042368164267400296,0.0019359687871651973,0.001175050629385315,0.0009267721816024459,0.003131625522540588,0.0030290975805411843,0.002010351803909863,0.0027903683038268887,--,--,--
119,0.00179675192474444,0.0005493286304183685,0.002058097659252722,0.0023023554034277693,0.002258127663741753,0.0027124671714253822,0.001964616300370913,0.0012971795014728397,0.0012609931690024615,0.0004694171462129547,0.0008287675311618413,0.0007171930060448431,0.0006196909435552157,0.0006619083314373213,0.0009709999212884641,0.0024511214369171003,0.001022263892288166,0.0008011251938580821,0.0016117995587847326,0.0013027079689335915,0.0016690945851961635,0.0008413322299362785,0.0020349786135077583,0.0013067286725414115,0.001388650508550738,0.0020239216785862546,0.00035683744519400193,0.0012474232943260697,0.001327334778531487,0.001077548566895686,0.003997584562074762,0.002138009143458139,0.0013293451303353961,0.0020314604978509156,0.0011122271355131323,0.0017816742862151163,0.0005367639316439347,0.0004794689052325038,0.0007609181577798822,0.0010624709283663623,0.0008523891648577822,0.0006714575025058948,0.003646778172292491,0.0017660940597348136,0.00160024003591225,0.0006523591603687512,0.0015012302095696907,0.0011579626390520806,0.0007669492131916131,0.0035095716616756426,0.0011614807547089233,0.003654316991557152,0.0013826194531390088,0.002468209427250333,0.00344272746419564,0.004619788445384864,0.0015680744070496935,0.0019284299679005364,0.004169469641309055,0.0007523741626132667,0.0007780061481131167,0.0001467556816854218,0.0009976370826902687,0.0009076738394653023,0.002416442868299654,0.0003111019416550502,0.0018882229318223382,0.004966574131559315,0.0016424574237943572,0.0003774435511840757,0.0008332908227206386,0.0011579626390520806,0.0007398094638388295,0.00011609781667579547,0.0006960843121037903,0.000783032027622893,0.00036035556085084464,0.0033170804764512726,0.001232345655796746,0.0013539719399332916,0.0010011551983471114,0.001028294947699895,0.0019399894907730173,0.0005729502641143094,0.0013027079689335915,0.00043875928120332836,0.0009348135888180859,0.0022199309794674656,0.0012951691496689288,0.0011921386197185479,0.002355629726231382,0.0033799039703234553,0.0028531917976990714,0.0014077488506878816,0.00025380691524361926,0.0009539119309552296,0.0009936163790824504,0.0006674367988980731,0.0008850573816713177,0.002065636478517383,0.003229127585030217,0.002670249783543275,0.001682161871921578,0.0005814942592809284,0.0011675118101206524,0.002681809306415756,0.002147558314526711,0.00044227739686017106,0.0006598979796334122,0.002262148367349573,0.001485649983089388,0.001689700691186239,0.001592701216647589,0.0017052809176665417,0.0015811416937751063,0.0019741654714394846,0.0007800164999170259,0.0017032705658626308,0.001285619978600357,0.0012951691496689288,0.0005779761436240857,0.0003146200573118929,0.00033170804764512743,0.00023068786949865736,0.0017278973754605263,0.00199879228103738,0.0027923786556307995,0.0018806841125576755,0.003708093902311742,0.0014725826963639735,0.0018103217994208318,0.0010091966055627514,0.00013368839496000554,9.750206248962737e-05,0.0013826194531390088,0.0019128497414202337,0.0018274097897540646,0.0003678943801155056,0.00042518940652693654,0.0019495386618415891,0.0030195484094726124,0.0016766334044608245,0.002576768424661466,0.0020751856495859547,0.0006468306929079994,0.0007955967263973268,0.0012132473136596024,0.0006865351410352168,0.0010549321091016996,0.0017128197369312027,0.0015565148841772108,0.004867564305216754,0.001546965713108639,0.0036487885240964,0.0013695521664135943,0.0013534693519823143,0.0020334708496548264,0.0007372965240839413,0.0012549621135907324,0.0002975320669786584,0.0008011251938580821,0.001478111163824727,0.0014761008120208162,0.0008850573816713177,0.002357640078035291,0.002868772024179374,0.0009765283887492159,0.000980549092357036,0.0007724776806523649,0.002664721316082523,0.0005262095846734066,0.0016595454141275917,0.0010986572608367405,0.0008106743649266522,0.001216765429316445,0.0029029480048458414,0.001964616300370913,0.0027963993592386178,0.0011368539451110278,0.001077548566895686,0.0007438301674466477,0.00018696271776361822,0.0005875253146926593,0.00034527792232151924,0.000749358634907403,0.002567219253592894,0.0032120395946969825,0.00375382940585069,0.0014630335252954017,0.0014725826963639735,0.00042719975833084567,0.0006312504664276984,0.0003050708862433228,0.0004960543076147593,0.00045031880407581104,0.0004824844329383675,0.00034728827412542837,0.0013218063110707352,0.0005950641339573202,0.002252599196281001,0.00419811715451477,0.0017816742862151163,0.0031984697200205907,0.0007764983842601832,0.0020711649459781364,0.0020807141170467083,0.002775290665297565,0.001432375660285777,0.0010338234151606469,0.0014193083735603625,0.002739104332827187,0.002012362155713772,0.00210785386639949,0.0021133823338602437,0.003187412785099087,0.0022716975384181447,0.0015640537034418735,0.0005453079268105503,0.0004292101101347548,0.0016288875491179654,0.0015374165420400671,0.0011212737186307251,0.0030461855708744188,0.002101822810987761,0.002739104332827187,0.0023747280683685257,0.0014459455349621689,0.0010107043694156832,0.001342915005011788,0.0010931287933759887,0.002523494101857855,0.001175050629385315,0.0016630635297844344,0.0009574300466120723,0.0021209211531249047,0.0017012602140587217,0.00044830845227189844,0.0018882229318223382,0.0004789663172815248,0.0005056034786833294,0.0005121371220460393,0.002305873519084612,0.0010931287933759887,0.0005644062689476939,0.0025425924439949985,0.0037729277479878337,0.0007171930060448431,0.0035286700038127863,0.0013579926435411116,0.0013449253568156988,0.0023249718612217557,0.0014132773181486334,0.003391463493195938,0.000373925435527233,0.0008795289142105658,0.001331355482139307,0.0007398094638388295,0.00025581726704753185,0.004623306561041705,0.002513944930789283,0.003866409106869643,0.0012514439979338897,0.0028531917976990714,0.0001829420141557965,0.0011976670871793015,0.001127304774042456,0.00011056934921504363,0.0010031655501510223,0.003551286461606771,0.002403375581574241,0.0003910134258604675,0.001182589448649976,0.002769259609885836,0.0013464331206686306,0.0043946290433469586,0.0026013952342593613,0.0005438001629576167,0.0009423524080827486,0.0007875553191816903,0.0007533793385152213,0.0005684269725555122,0.0014725826963639735,0.002864751320571554,0.002159117837399192,0.0021857549988009983,0.00033020028379219385,0.00035834520904693204,0.001478111163824727,0.0008051458974659004,0.00045986797514438113,0.0003950341294682892,0.000865959039534174,0.0014228264892172052,0.0009725076851413959,0.0009820568562099678,0.0023958367623095785,0.005718445706221603,0.004234303486985147,0.00185605730295978,0.0029527042119926097,0.00019349636112632462,0.0017168404405390227,0.0019741654714394846,0.002786850188170046,0.0008106743649266522,0.0025903382993378576,0.0028134873495718523,0.00199879228103738,0.0011061960801014015,0.00219530416986957,0.0027370939810232777,0.0014374015397955516,0.0017831820500680481,0.002876310843444035,0.0014725826963639735,0.0021400194952620483,0.0040815167498879975,0.0015600329998340535,0.0024546395525739412,0.0013464331206686306,0.002969792202325844,0.0015238466673636753,0.001960595596763093,0.001396189327815399,0.0007116645385840913,0.00043674892939941923,0.0003397494548607674,0.0028989273012380214,0.001228324952188926,0.002561690786132142,0.0011539419354442606,0.00190179280649873,0.002159117837399192,0.0007935863745934177,0.0007398094638388295,0.0011026779644445605,0.001794741572940529,0.00017540319489113554,0.0015374165420400671,0.0011499212318364423,0.000764938861387704,0.0015183181999029235,0.0017052809176665417,0.002771269961689745,0.00374578799863505,0.0011197659547777933,0.0031451953972169797,0.0005101267702421267,0.0005759657918201766,0.000623711647163034,0.0010755382150917769,0.0010137198971215487,0.0010468907018860614,0.000715182654240934,0.0007915760227895086,0.003215557710353825,0.0030919210744133688,0.004184547279838378,0.005123381572264284,0.0012036981425910306,0.0001733928430872264,0.00038548495839971567,0.0007322706445741685,0.001127304774042456,0.000806653661318834,0.0018118295632737636,0.0003699047319194147,0.0005035931268794203,0.0026395919185336486,0.0012795889231886279,0.0006558772760255939,0.0004442877486640802,0.001386640156746827,0.0005930537821534111,0.00028245442844933646,0.0010891080897681687,0.0016022503877161608,0.0011901282679146388,0.0008373115263284568,0.003231137936834126,0.0008448503455931195,0.0005950641339573202,0.0015736028745104453,0.0027044257642097422,0.0007036231313684513,0.0006769859699666467,0.0010368389428665123,0.00021561023096933196,0.0005684269725555122,0.0004312204619386674,0.001682161871921578,0.0015449553613047298,0.001373070282070437,0.0011539419354442606,0.0011443927643756888,0.0013258270146785552,0.0006101417724866422,0.001640447071990448,0.0014037281470800616,0.003256769922333976,0.001129315125846365,0.00048650513654618574,0.002727544809954706,0.0016746230526569154,0.004148360947368,0.0030572425057959225,0.0026094366414750013,0.000548323454516414,0.0004749456136737065,0.0006066236568298029,0.000457857623340472,0.001232345655796746,0.002218423215614534,0.0005724476761633339,0.0009916060272785396,0.0022375215577516774,0.0037784562154485855,0.0019721551196355755,0.003805093376850392,0.00046539644260513297,0.0006940739602998812,0.00020003000448903102,0.0006769859699666467,0.0015680744070496935,0.0010071862537588405,0.0020219113267823437,0.00016384367201865285,0.0021666566566638547,0.0035191208327442144,0.0013464331206686306,0.0005101267702421267,0.002010351803909863,0.0007860475553287567,0.001769109587440679,0.0006905558446430385,0.0014745930481678843,0.0012052059064439624,0.000415640235458363,0.0008870677334752268,0.0031758532622266043,0.001960595596763093,0.0030557347419429906,0.0013142674918060725,0.0003910134258604675,0.00035834520904693204,0.0007875553191816903,0.0006925661964469476,0.0015238466673636753,0.0019721551196355755,0.0019681344160277555,0.0002347085731064756,0.0006940739602998812,0.0012891380942571997,0.0017565448886662418,0.0027501612677486922,0.0004980646594186684,0.0017278973754605263,0.001123284070434636,0.0008800315021615431,0.0012625009328553934,0.0013258270146785552,0.0006789963217705558,0.0024948465886521394,0.003906113554996862,0.002101822810987761,0.003234656052490969,0.0016801515201176672,0.0010870977379642578,0.0002678793778709901,0.0012052059064439624,0.00031864076091971463,0.0008448503455931195,0.001331355482139307,0.0026456229739453795,0.0026416022703375595,0.0020410096689194874,0.0021229315049288155,0.0010669942199251596,0.00042719975833084567,0.0018922436354301582,0.0011474082920815542,0.0003432675705176101,0.0008714875069949259,0.0009880879116216969,0.00017188507923429283,0.001232345655796746,0.0004980646594186684,0.00037191508372332385,0.001693721394794059,0.0009137048948770331,0.0009212437141416941,0.0009574300466120723,0.0007971044902502604,0.00042719975833084567,0.0017977571006463945,0.0010489010536899705,0.0008755082106027458,0.0030476933347273506,0.0027923786556307995,0.0019455179582337691,0.0027084464678175622,--,--,--
120,0.00175101642120549,0.000507111242536263,0.0018480158957441418,0.0021741954759285156,0.002252599196281001,0.0025541519668674795,0.0018118295632737636,0.0012474232943260697,0.0012529517617868215,0.0004885154883500983,0.0007724776806523649,0.0006980946639076994,0.0005438001629576167,0.0006428099893001776,0.0009041557238084613,0.0022335008541438574,0.000980549092357036,0.0007287525289173258,0.0015565148841772108,0.0013635211110018652,0.0015776235781182653,0.0008202235359952258,0.001854046951155871,0.0012891380942571997,0.0012705423400710333,0.0018882229318223382,0.0003377391030568583,0.001232345655796746,0.0012760708075317852,0.0011082064319053123,0.003811124432262121,0.0020676468303212937,0.0013177856074629152,0.0018595754186166227,0.001065989044023205,0.001594711568451498,0.0004854999606442312,0.0005081164184382175,0.0007553896903191304,0.0010338234151606469,0.0008202235359952258,0.0006558772760255939,0.0035819443266163972,0.0017087990333233827,0.001478111163824727,0.0006810066735744649,0.0014459455349621689,0.0010870977379642578,0.0007764983842601832,0.0031451953972169797,0.0011403720607678688,0.0036085814880182036,0.0013122571400021633,0.002470219779054244,0.003293961430706309,0.004390608339739139,0.0015680744070496935,0.0018274097897540646,0.003970947400672956,0.000707643834976273,0.0007438301674466477,0.00017188507923429283,0.0010107043694156832,0.0009041557238084613,0.002351609022623562,0.00032065111272362376,0.001798762276548349,0.0048524866666874306,0.0015776235781182653,0.0003910134258604675,0.0008222338877991349,0.0011102167837092215,0.0006830170253783775,0.00011459005282286189,0.0006619083314373213,0.0008373115263284568,0.00037191508372332385,0.003192941252559839,0.0011614807547089233,0.0013655314628057743,0.0009840672080138786,0.0009574300466120723,0.0018490210716460963,0.0005634010930457393,0.001239884475061407,0.00038347460659580654,0.0008679693913380832,0.002204853340938142,0.0012625009328553934,0.0011976670871793015,0.0022355112059477666,0.0033110494210395434,0.002715985287082223,0.0013368839496000588,0.00024224739237114004,0.0009096841912692132,0.0010564398729546332,0.0006277323507708557,0.0008141924805834949,0.00185203659935196,0.003087900370805549,0.0025747580728575567,0.0016861825755293963,0.0005684269725555122,0.0011730402775814042,0.002535053624730336,0.0019701447678316646,0.0004674067944090421,0.000616172827898373,0.0020314604978509156,0.0014761008120208162,0.0015736028745104453,0.001493691390305028,0.0016706023490490954,0.001542945009500819,0.0018309279054109073,0.0007056334831723604,0.0015449553613047298,0.0012529517617868215,0.0011594704029050142,0.0005835046110848376,0.0002899932477139974,0.00033070287174317287,0.000249786211635801,0.001590690864843678,0.001987232758164899,0.0027486535038957587,0.0017816742862151163,0.003541737290538199,0.0014208161374132961,0.0017168404405390227,0.0009348135888180859,0.00013368839496000554,0.00010001500224451551,0.0012454129425221606,0.0018691245896851946,0.0017565448886662418,0.0003432675705176101,0.0004749456136737065,0.00185605730295978,0.002881839310904787,0.0016881929273333072,0.0025023854079168004,0.0018892281077242928,0.0005990848375651385,0.0007352861722800322,0.0011634911065128324,0.0006468306929079994,0.0010413622344253096,0.0015640537034418735,0.0015715925227065344,0.004675073119992384,0.001546965713108639,0.0035075613098717318,0.0012685319882671225,0.0012685319882671225,0.0019455179582337691,0.0006895506687410839,0.001224304248581106,0.00028396219230227004,0.000831783058867705,0.0014841422192364562,0.0015142974962951035,0.000861938335926354,0.0022812467094867166,0.0028954091855811787,0.0009373265285729741,0.0009423524080827486,0.0007418198156427386,0.0025843072439261285,0.0005025879509774657,0.0015695821709026253,0.0010584502247585423,0.0007875553191816903,0.0011941489715224587,0.0028019278266993713,0.001959087832910161,0.0027009076485528995,0.0011082064319053123,0.0010107043694156832,0.0007257370012114621,0.00018897306956752735,0.0005789813195260403,0.00033020028379219385,0.0007021153675155212,0.0025405820921910894,0.0029506938601887005,0.0036065711362142927,0.001432375660285777,0.0014459455349621689,0.00043674892939941923,0.0005910434303494985,0.0003090915898511411,0.000507111242536263,0.00043875928120332836,0.0004538369197326503,0.000366386616262572,0.0012207861329242634,0.0005608881532908512,0.0021802265313402465,0.003972957752476865,0.0017087990333233827,0.002924056698786894,0.0007307628807212349,0.0019128497414202337,0.0019304403197044455,0.0025863175957300377,0.0013197959592668243,0.0009725076851413959,0.0014514740024229207,0.0026948765931411704,0.001987232758164899,0.0020219113267823437,0.0019796939389002365,0.0029451653927279487,0.002092273639919189,0.0014494636506190116,0.000507111242536263,0.0004045833005368593,0.0015680744070496935,0.0014268471928250252,0.0010187457766313232,0.003131625522540588,0.0020711649459781364,0.0027501612677486922,0.002256619899888821,0.001390660860354647,0.0009041557238084613,0.001232345655796746,0.0009900982634256077,0.0023842772394370975,0.0011770609811892242,0.0015333958384322471,0.0009348135888180859,0.0020792063531937747,0.0017243792598036854,0.00046539644260513297,0.0018349486090187273,0.0004920336040069376,0.0004613757389973147,0.000533245815987092,0.0021189108013209956,0.001024274244092075,0.0005779761436240857,0.002464188723642513,0.00374980870224287,0.0006639186832412339,0.0032557647464320216,0.0012418948268653179,0.0013635211110018652,0.0021837446469970875,0.001342915005011788,0.0031225789394229934,0.00036236591265475376,0.0008584202202695113,0.0013006976171296807,0.0007342809963780776,0.00025581726704753185,0.0045051983925620005,0.002464188723642513,0.003763378576919262,0.001228324952188926,0.0027426224484840295,0.0001814342503028664,0.001138864296914937,0.001035833766964556,0.00011459005282286189,0.000923254065945605,0.0035055509580678226,0.002331002916633485,0.00039654189332121934,0.0011499212318364423,0.0026320530992689876,0.0013293451303353961,0.00410664614743687,0.002559680434328233,0.0005453079268105503,0.0009061660756123704,0.0007116645385840913,0.0007458405192505603,0.0005990848375651385,0.0014725826963639735,0.002824544284493356,0.002138009143458139,0.002101822810987761,0.0003759357873311456,0.00036236591265475376,0.001432375660285777,0.0007780061481131167,0.00048047408113445836,0.00038699272225264925,0.0008966169045437986,0.001335376185747127,0.0009840672080138786,0.0009916060272785396,0.002258127663741753,0.005405333412762642,0.004016682904211906,0.0017299077272644372,0.0026988972967489904,0.00018897306956752735,0.0015851623973829262,0.00190179280649873,0.0027561923231604214,0.0007780061481131167,0.0025174630464461258,0.0026948765931411704,0.0020143725075176828,0.0010147250730235032,0.0020771960013898656,0.002468209427250333,0.0012931587978650197,0.0016173280262454844,0.002660700612474703,0.0013715625182175034,0.002052066603840993,0.00379956490938964,0.0015409346576969098,0.002416442868299654,0.0012971795014728397,0.0028878703663165178,0.001436396363893597,0.001808311447616921,0.0013896556844526925,0.0006639186832412339,0.0004407696330072375,0.00033371839944903656,0.002735083629219367,0.0011881179161107296,0.0024471007333092803,0.001130822889699297,0.0018274097897540646,0.00209026328811528,0.0007513689867113121,0.0006694471507019857,0.0010549321091016996,0.0017087990333233827,0.00018193683825384194,0.0013791013374821661,0.001138864296914937,0.0007478508710544694,0.0014554947060307407,0.0016881929273333072,0.0026757782510040268,0.0035819443266163972,0.0010604605765624532,0.002977331021590507,0.0005005775991735566,0.0005739554400162675,0.0005930537821534111,0.0010298027115528269,0.0009916060272785396,0.0010644812801702715,0.0006598979796334122,0.000831783058867705,0.0030592528575998333,0.0030039681829923115,0.003843290061124679,0.004810269278805323,0.001129315125846365,0.00017942389849895726,0.0003774435511840757,0.0006885454928391294,0.001134843593307117,0.0007418198156427386,0.0016957317465979699,0.000341257218713701,0.0004885154883500983,0.002561690786132142,0.0012227964847281742,0.0006619083314373213,0.0003950341294682892,0.0012720501039239652,0.0005473182786144594,0.00025581726704753185,0.0010433725862292187,0.0014514740024229207,0.0012052059064439624,0.0008810366780634977,0.003183392081491267,0.0008850573816713177,0.0006196909435552157,0.0014152876699525425,0.0026757782510040268,0.0006372815218394258,0.0006377841097904048,0.0009755232128472614,0.00022867751769474823,0.0005704373243594248,0.0004558472715365629,0.0016329082527257854,0.0015183181999029235,0.0012911484460611088,0.0010966469090328296,0.0011137348993660642,0.0012514439979338897,0.0005875253146926593,0.0015298777227754062,0.0014343860120896862,0.003185402433295176,0.0011102167837092215,0.0005035931268794203,0.0026873377738765077,0.001640447071990448,0.003919683429673254,0.0030099992384040406,0.002513944930789283,0.000540784635251753,0.0004613757389973147,0.0005895356664965684,0.00045986797514438113,0.0011921386197185479,0.002157107485595283,0.0005322406400851375,0.000923254065945605,0.0022219413312713748,0.00365280922770422,0.0018766634089498573,0.0035151001291363945,0.00044227739686017106,0.0006960843121037903,0.00022716975384181465,0.000715182654240934,0.0015600329998340535,0.0009900982634256077,0.001955067129302341,0.00017540319489113554,0.0022239516830752856,0.00344272746419564,0.0012951691496689288,0.000491028428104983,0.0018766634089498573,0.0007342809963780776,0.0016670842333922527,0.0006558772760255939,0.0013368839496000588,0.001184599800453887,0.0004462981004679893,0.0008393218781323694,0.003023066525129455,0.001960595596763093,0.0029622533830611815,0.0012072162582478733,0.0004025729487329502,0.0003950341294682892,0.0007398094638388295,0.0006543695121726603,0.0013238166628746443,0.0019073212739594819,0.0020676468303212937,0.00023068786949865736,0.0007247318253095041,0.0011996774389832106,0.001697742098401879,0.0027330732774154577,0.0004844947847422766,0.0016595454141275917,0.0010931287933759887,0.0008287675311618413,0.0011921386197185479,0.0012303353039928352,0.0005533493340261902,0.0024013652297703303,0.00375382940585069,0.0020751856495859547,0.0030572425057959225,0.0016153176744415753,0.0010453829380331278,0.0002678793778709901,0.0011423824125717796,0.0003146200573118929,0.0008011251938580821,0.0012685319882671225,0.002511934578985372,0.0026456229739453795,0.001951046425694521,0.002096294343527009,0.0010177406007293686,0.00042368164267400296,0.001850026247548051,0.0010850873861603487,0.00036236591265475376,0.0008488710492009395,0.0009363213526710178,0.00016384367201865285,0.0011579626390520806,0.0004749456136737065,0.00036035556085084464,0.0016766334044608245,0.0007860475553287567,0.0009172230105338741,0.0009348135888180859,0.0007553896903191304,0.0004407696330072375,0.0016459755394512,0.0009519015791513204,0.0008448503455931195,0.0030632735612076533,0.002731565513562526,0.0019379791389691082,0.002670249783543275,--,--,--
121,0.001693721394794059,0.0004789663172815248,0.0017072912694704508,0.002052066603840993,0.002214402512006714,0.0024280023911721366,0.0017339284308722572,0.0011710299257774951,0.0012549621135907324,0.0004980646594186684,0.0007372965240839413,0.000673467854309804,0.0005091215943401721,0.0006332608182316075,0.0008373115263284568,0.002054076955644902,0.0009539119309552296,0.0007227214735055949,0.0015660640552457826,0.0013539719399332916,0.0015218363155597662,0.000806653661318834,0.001697742098401879,0.001278081159335696,0.0011785687450421578,0.0017701147633426336,0.00032416922838046647,0.0012529517617868215,0.0012760708075317852,0.0011026779644445605,0.0036161203072828645,0.0020028129846452,0.0013197959592668243,0.00174699571759767,0.0010338234151606469,0.0014399144795504398,0.0004643912667031784,0.0005342509918890466,0.0007513689867113121,0.0010051759019549314,0.000816202832387404,0.0006714575025058948,0.0035668666880870736,0.0016459755394512,0.0014112669663447243,0.0007192033578487522,0.0013484434724725398,0.0010338234151606469,0.000764938861387704,0.0028974195373850896,0.0011212737186307251,0.0035628459844792536,0.0012760708075317852,0.0025043957597207112,0.003143185045413069,0.004291598513396578,0.0016288875491179654,0.0017756432308033854,0.0037764458636446764,0.000665426447094164,0.0007036231313684513,0.0001985222406361009,0.0010187457766313232,0.0009041557238084613,0.002317433041957093,0.00032416922838046647,0.001743477601940829,0.004714777568119605,0.0015620433516379626,0.0004176505872622756,0.000823741651652065,0.001074030451238845,0.0006352711700355167,0.00012212887208752285,0.0006558772760255939,0.0008679693913380832,0.00038347460659580654,0.0031492161008247997,0.0011157452511699733,0.0014343860120896862,0.0009423524080827486,0.0008946065527398895,0.00176709923563677,0.0005357587557419802,0.0011655014583167433,0.00034879603797836195,0.000823741651652065,0.0021897757024088183,0.0012549621135907324,0.0012052059064439624,0.0021897757024088183,0.003240687107902698,0.002660700612474703,0.0013333658339432161,0.0002462680959789583,0.0009021453720045505,0.0010966469090328296,0.0006005926014180721,0.0007764983842601832,0.0017243792598036854,0.0030039681829923115,0.002571239957200714,0.001693721394794059,0.0005779761436240857,0.0011403720607678688,0.002416442868299654,0.0019073212739594819,0.0004940439558108502,0.0005895356664965684,0.0018329382572148164,0.0014630335252954017,0.0015067586770304425,0.001432375660285777,0.0016706023490490954,0.0015238466673636753,0.0017530267730094008,0.0006749756181627375,0.0014474532988151007,0.0012474232943260697,0.0010624709283663623,0.000590540842398523,0.0002774285489395602,0.000332713223547082,0.00028245442844933646,0.0015183181999029235,0.002010351803909863,0.0027923786556307995,0.0016786437562647354,0.0034201110064016535,0.0014132773181486334,0.001640447071990448,0.0008679693913380832,0.00013921686242075737,0.00010604605765624636,0.0011539419354442606,0.0018424874282833882,0.001743477601940829,0.00030708123804723195,0.0005533493340261902,0.0017756432308033854,0.0028456529784344105,0.0016706023490490954,0.002470219779054244,0.0017831820500680481,0.0005814942592809284,0.0006970894880057449,0.0011423824125717796,0.0006277323507708557,0.0010679993958271142,0.0015218363155597662,0.0015565148841772108,0.004541384725032379,0.0015218363155597662,0.003385432437784209,0.0011921386197185479,0.0011911334438165933,0.001895761751087001,0.0006769859699666467,0.0012147550775125342,0.0002764233730376056,0.000877518562406655,0.0015047483252265317,0.0015142974962951035,0.0008604305720734222,0.0022963243480160402,0.002876310843444035,0.0009147100707789877,0.0009182281864358304,0.0007192033578487522,0.002507913875377554,0.0005045983027813748,0.0015142974962951035,0.0010262845958959842,0.0007895656709855994,0.0011996774389832106,0.0027486535038957587,0.002052066603840993,0.0025637011379360513,0.0011006676126406496,0.0009709999212884641,0.0007026179554664967,0.00020103518039098559,0.0005930537821534111,0.00032065111272362376,0.0007036231313684513,0.002521483750053944,0.0027828294845622277,0.0034371989967348863,0.0014002100314232189,0.001386640156746827,0.0004674067944090421,0.0005628985050947603,0.0003015527705864801,0.0005166604136048365,0.0004432825727621256,0.00042167129087009383,0.00035834520904693204,0.0011710299257774951,0.000556867449683033,0.002212392160202803,0.0036794463891060246,0.001647985891255109,0.002715985287082223,0.0007227214735055949,0.0018138399150776727,0.0018635961222244427,0.0024320230947799566,0.0012569724653946415,0.0009383317044749286,0.001489670686697208,0.0026873377738765077,0.0019892431099688083,0.0019319480835573773,0.0018766634089498573,0.002773280313493656,0.001959087832910161,0.0013449253568156988,0.00047695596547761565,0.0004060910643897929,0.0015218363155597662,0.0013504538242764506,0.001024274244092075,0.003137656577952317,0.0020158802713706146,0.0027406120966801204,0.0022199309794674656,0.0013409046532078788,0.0008277623552598867,0.001129315125846365,0.0009061660756123704,0.0022847648251435593,0.0012052059064439624,0.0014534843542268298,0.000919233362337785,0.00204452778457633,0.00174699571759767,0.0004613757389973147,0.001735436194725189,0.0005131422979479938,0.00041865576316423014,0.0005628985050947603,0.0019892431099688083,0.0009634611020238014,0.0005895356664965684,0.002412924752642813,0.003742269882978209,0.0006407996374962685,0.003173842910422695,0.0011770609811892242,0.0013524641760803598,0.0020616157749095646,0.0013047183207375006,0.002899932477139976,0.0003709099078213693,0.0008609331600243995,0.0013102467881982525,0.0007724776806523649,0.00025179656343971013,0.0044403645468859086,0.002464188723642513,0.003662358398772792,0.001224304248581106,0.0026320530992689876,0.0001733928430872264,0.0011368539451110278,0.0009498912273474096,0.00011609781667579547,0.0008981246683967305,0.0034120695991860135,0.0022928062323591975,0.0004462981004679893,0.0011594704029050142,0.0026054159378671813,0.0013142674918060725,0.0038719375743303946,0.0024948465886521394,0.0005628985050947603,0.0008714875069949259,0.0006980946639076994,0.0007287525289173258,0.0006387892856923594,0.0014705723445600644,0.0028954091855811787,0.0021093616302524237,0.0021359987916542283,0.00040056259692904106,0.0003930237776643801,0.0014077488506878816,0.0007438301674466477,0.0005166604136048365,0.00038347460659580654,0.0009307928852102659,0.0013047183207375006,0.0009554196948081631,0.0009900982634256077,0.0022279723866831056,0.005150018733666089,0.0038739479261343038,0.0016384367201865372,0.0024832870657796567,0.00019651188883218831,0.0014761008120208162,0.00185605730295978,0.002739104332827187,0.0007478508710544694,0.0023958367623095785,0.0026395919185336486,0.0019223989124888055,0.0009614507502198923,0.002000802632841291,0.0022847648251435593,0.0012016877907871197,0.0015278673709714953,0.0025270122175146976,0.0013238166628746443,0.0020028129846452,0.0035608356326753427,0.0015791313419711971,0.0023747280683685257,0.0013047183207375006,0.002828564988101176,0.001338894301403968,0.001743477601940829,0.0013760858097763007,0.0006292401146237858,0.0004442877486640802,0.0003357287512529457,0.002603405586063272,0.0011594704029050142,0.0024375515622407085,0.0011499212318364423,0.0018213787343423354,0.0019681344160277555,0.0007267421771134167,0.0006257219989669466,0.0010147250730235032,0.0016233590816572135,0.00020003000448903102,0.0012514439979338897,0.0011539419354442606,0.0007383016999858959,0.0014077488506878816,0.0016630635297844344,0.002607426289671092,0.0034296601774702253,0.0010413622344253096,0.0028667616723754633,0.0004900232522030284,0.0005855149628887467,0.0005855149628887467,0.0010051759019549314,0.000994621554984405,0.0011061960801014015,0.000623711647163034,0.000861938335926354,0.0028838496627086978,0.0029622533830611815,0.0035784262109595545,0.004632855732110277,0.0010946365572289205,0.0001879678936655728,0.00036035556085084464,0.000657887627829503,0.001134843593307117,0.0006960843121037903,0.0016153176744415753,0.00033170804764512743,0.0004729352618697939,0.0024908258850443194,0.001184599800453887,0.0006639186832412339,0.0003774435511840757,0.0012016877907871197,0.0005166604136048365,0.00025581726704753185,0.001012714721219594,0.001338894301403968,0.0011921386197185479,0.0008679693913380832,0.003137656577952317,0.0009423524080827486,0.0006674367988980731,0.001281599274992537,0.002607426289671092,0.0005799864954279949,0.0006639186832412339,0.0009393368803768832,0.00025179656343971013,0.0005493286304183685,0.00046338609080122384,0.0016097892069808217,0.0015298777227754062,0.0012378741232574979,0.0010393518826213987,0.001065989044023205,0.0011881179161107296,0.0005724476761633339,0.001437904127746529,0.0014172980217564534,0.0029964293637276505,0.0011102167837092215,0.0005397794593497984,0.002622503928200416,0.0016057685033730035,0.00374980870224287,0.0029371239855123087,0.0023973445261625103,0.0005397794593497984,0.0004407696330072375,0.0005628985050947603,0.00046539644260513297,0.0011675118101206524,0.002096294343527009,0.000507111242536263,0.0008885754973281586,0.002117403037468062,0.0035628459844792536,0.001794741572940529,0.0032919510789024,0.00042719975833084567,0.0007131723024370248,0.0002462680959789583,0.0007056334831723604,0.0015203285517068343,0.0010011551983471114,0.0018997824546948192,0.0001945015370282792,0.002303863167280703,0.003387442789588118,0.0012378741232574979,0.0004613757389973147,0.0017721251151465445,0.0007036231313684513,0.001531385486628338,0.000623711647163034,0.0012494336461299788,0.0011675118101206524,0.0004789663172815248,0.000782026851720935,0.002918025643375165,0.0020178906231745238,0.002918025643375165,0.0011423824125717796,0.00041212211980152375,0.00041413247160543287,0.0007307628807212349,0.000623711647163034,0.001186610152257796,0.0018595754186166227,0.00204452778457633,0.0001985222406361009,0.0007478508710544694,0.001182589448649976,0.0017012602140587217,0.002725534458150795,0.0004900232522030284,0.0016057685033730035,0.0010378441187684669,0.0007865501432797323,0.0011594704029050142,0.001184599800453887,0.000457857623340472,0.0023862875912410066,0.0035839546784203064,0.0020636261267134737,0.002885860014512607,0.0015736028745104453,0.0010529217572977905,0.00027391043328271747,0.001130822889699297,0.0003146200573118929,0.000782026851720935,0.0012494336461299788,0.002408904049034993,0.002666229079935455,0.0019188807968319645,0.002050558839988059,0.000980549092357036,0.00041413247160543287,0.001808311447616921,0.0010584502247585423,0.0003814642547918974,0.0008353011745245477,0.0008714875069949259,0.00017188507923429283,0.0011122271355131323,0.0004960543076147593,0.000373925435527233,0.0016917110429901499,0.000707643834976273,0.0009252644177495141,0.0009137048948770331,0.0007362913481819867,0.0004442877486640802,0.001519323375804878,0.000919233362337785,0.0008373115263284568,0.0030059785347962224,0.0026511514414061313,0.001895761751087001,0.002624514280004325,--,--,--
122,0.0016555247105197717,0.00045986797514438113,0.0016057685033730035,0.0019626059485670037,0.002206863692742051,0.0023405520877020566,0.0016957317465979699,0.0011252944222385451,0.0012685319882671225,0.0005111319461440812,0.0007131723024370248,0.0006468306929079994,0.0004844947847422766,0.0006312504664276984,0.0007860475553287567,0.0019053109221555727,0.0009498912273474096,0.0007438301674466477,0.0016077788551769126,0.001338894301403968,0.001485649983089388,0.0007955967263973268,0.0015695821709026253,0.0012705423400710333,0.0011082064319053123,0.0016726127008530062,0.00032065111272362376,0.0012876303304042679,0.0012951691496689288,0.0011026779644445605,0.0034693646255974445,0.0019666266521748237,0.0013524641760803598,0.0016706023490490954,0.0010147250730235032,0.0013122571400021633,0.0004538369197326503,0.0005618933291928058,0.0007533793385152213,0.0009916060272785396,0.0008373115263284568,0.0007021153675155212,0.003612602191626022,0.0016077788551769126,0.0013715625182175034,0.0007684569770445467,0.0012795889231886279,0.0009956267308863596,0.0007553896903191304,0.0027104568196214714,0.0011177556029738842,0.0035839546784203064,0.0012665216364632133,0.0025541519668674795,0.003080361551540886,0.004272500171259434,0.0017168404405390227,0.0017545345368623327,0.0035990323169496317,0.0006372815218394258,0.0006694471507019857,0.00022716975384181465,0.0010433725862292187,0.0009137048948770331,0.002319443393761004,0.0003281899319882847,0.001693721394794059,0.004611747038169224,0.0015600329998340535,0.00044227739686017106,0.0008297727070637959,0.0010509114054938814,0.0005990848375651385,0.00012966769135218728,0.0006619083314373213,0.0008840522057693614,0.0004060910643897929,0.0031411746936091597,0.0010870977379642578,0.0015298777227754062,0.0009307928852102659,0.0008353011745245477,0.0017243792598036854,0.000507111242536263,0.0011102167837092215,0.00032215887657655734,0.0007935863745934177,0.002200832637330322,0.0012549621135907324,0.0012434025907182497,0.00219530416986957,0.00324621557536345,0.002664721316082523,0.0013449253568156988,0.00025581726704753185,0.0009061660756123704,0.0011423824125717796,0.0005855149628887467,0.0007574000421230395,0.001634416016578719,0.0029506938601887005,0.002628534983612145,0.001735436194725189,0.0006086340086337121,0.0011157452511699733,0.0023365313840942384,0.0018731452932930145,0.0005282199364773157,0.000566416620751603,0.001647985891255109,0.0014745930481678843,0.0014610231734914925,0.001396189327815399,0.0017052809176665417,0.0015258570191675862,0.0017278973754605263,0.0006639186832412339,0.001384629804942918,0.0012589828171985507,0.0009976370826902687,0.0006086340086337121,0.00027190008147880834,0.0003367339271549037,0.00031864076091971463,0.001493691390305028,0.0020178906231745238,0.0028667616723754633,0.0016248668455101471,0.00335527716072556,0.0014268471928250252,0.001594711568451498,0.000823741651652065,0.0001467556816854218,0.00011257970101895276,0.0010870977379642578,0.0018309279054109073,0.0017585552404701527,0.0002764233730376056,0.0006196909435552157,0.0017530267730094008,0.0028531917976990714,0.0016706023490490954,0.002468209427250333,0.00171734302849,0.0005779761436240857,0.0006800014976725104,0.001130822889699297,0.0006217012953591249,0.0011177556029738842,0.0015218363155597662,0.0015680744070496935,0.0044820793468170386,0.0015298777227754062,0.003289940727098489,0.0011464031161795996,0.001134843593307117,0.0018691245896851946,0.0006855299651332622,0.001228324952188926,0.0002729052573807629,0.0009157152466809423,0.0015409346576969098,0.0015032405613735998,0.0008755082106027458,0.002315422690153184,0.002881839310904787,0.0008991298442986868,0.0009041557238084613,0.0007036231313684513,0.0024586602561817612,0.000515152649751903,0.001489670686697208,0.0009936163790824504,0.0007915760227895086,0.0012227964847281742,0.0027486535038957587,0.0021802265313402465,0.0024491110851131894,0.0011157452511699733,0.0009443627598866577,0.0006905558446430385,0.00021561023096933196,0.0006181831797022821,0.00031663040911580204,0.0007192033578487522,0.002555659730720413,0.0026456229739453795,0.0033075313053827007,0.001390660860354647,0.0013484434724725398,0.000507111242536263,0.0005493286304183685,0.000299542418782571,0.0005322406400851375,0.0004538369197326503,0.00040056259692904106,0.0003508063897822711,0.0011484134679835088,0.0005608881532908512,0.0022792363576828057,0.00343870676058782,0.001594711568451498,0.0025481209114557504,0.0007227214735055949,0.0017449853657937608,0.0018193683825384263,0.002309894222692432,0.0012227964847281742,0.0009287825334063568,0.001535406190236158,0.002722016342493954,0.002010351803909863,0.0018711349414891037,0.0018022803922051918,0.0026360738028768076,0.00185203659935196,0.0012549621135907324,0.000457857623340472,0.0004176505872622756,0.001493691390305028,0.0013162778436099833,0.0010489010536899705,0.003147205749020889,0.002000802632841291,0.0027541819713565122,0.002208874044545962,0.0013082364363943434,0.0007669492131916131,0.0010453829380331278,0.0008332908227206386,0.0022259620348791948,0.0012514439979338897,0.0013921686242075806,0.000923254065945605,0.0020219113267823437,0.0017776535826072963,0.0004613757389973147,0.001652006594862929,0.0005342509918890466,0.000382469430693852,0.0005960693098592748,0.0018922436354301582,0.000923254065945605,0.0006046133050258903,0.002403375581574241,0.0037689070443800137,0.0006217012953591249,0.003130117758687656,0.001134843593307117,0.0013559822917372025,0.0019761758232433955,0.0012836096267964479,0.0027104568196214714,0.0003910134258604675,0.000873497858798835,0.001342915005011788,0.0008257520034559776,0.0002477758598318919,0.0044479033661505695,0.0025290225693186067,0.003591493497684969,0.001228324952188926,0.0025385717403871785,0.00016786437562647458,0.0011579626390520806,0.0008885754973281586,0.00012011852028361372,0.0008870677334752268,0.0033723651510587944,0.0022983346998199494,0.000499572423271602,0.001186610152257796,0.002612954757131844,0.0013197959592668243,0.0036794463891060246,0.0024717275429071758,0.0005990848375651385,0.0008413322299362785,0.0006925661964469476,0.0007227214735055949,0.0006810066735744649,0.0014841422192364562,0.0029984397155315597,0.002101822810987761,0.0021932938180656593,0.00042719975833084567,0.0004312204619386674,0.0014037281470800616,0.0007171930060448431,0.0005513389822222811,0.00038548495839971567,0.0009443627598866577,0.0012891380942571997,0.0009363213526710178,0.0009689895694845532,0.0022199309794674656,0.00499723199656894,0.0037096016661646736,0.0015756132263143544,0.002317433041957093,0.0002050558839988073,0.001386640156746827,0.0018274097897540646,0.0027501612677486922,0.0007287525289173258,0.002311904574496341,0.0026300427474650768,0.001850026247548051,0.000919233362337785,0.001955067129302341,0.0021359987916542283,0.001134843593307117,0.0014705723445600644,0.002416442868299654,0.0012931587978650197,0.0019761758232433955,0.003389453141392027,0.0016233590816572135,0.0023938264105056693,0.0013238166628746443,0.0028019278266993713,0.0012609931690024615,0.0017128197369312027,0.001373070282070437,0.0006101417724866422,0.00045182656792874115,0.00034527792232151924,0.0025023854079168004,0.0011539419354442606,0.002477758598318905,0.001184599800453887,0.0018595754186166227,0.001895761751087001,0.0007171930060448431,0.0005950641339573202,0.0009916060272785396,0.001546965713108639,0.0002211386984300838,0.0011423824125717796,0.0011901282679146388,0.0007307628807212349,0.001384629804942918,0.0016535143587158626,0.0025938564149947003,0.0033281374113727762,0.0010318130633567377,0.002780819132758317,0.00048348960884032205,0.0006046133050258903,0.0005895356664965684,0.0009996474344941796,0.001012714721219594,0.0011579626390520806,0.0006026029532219812,0.0008966169045437986,0.002735083629219367,0.0029466731565808806,0.0033703547992548835,0.004510726860022754,0.0010795589186995969,0.0001985222406361009,0.00034879603797836195,0.0006312504664276984,0.001138864296914937,0.0006619083314373213,0.0015695821709026253,0.00033020028379219385,0.00045031880407581104,0.002452629200770032,0.0011539419354442606,0.0006714575025058948,0.00037191508372332385,0.0011443927643756888,0.0004940439558108502,0.0002668742019690355,0.0010011551983471114,0.0012514439979338897,0.001184599800453887,0.0008448503455931195,0.0031090090647466016,0.0009900982634256077,0.000715182654240934,0.001175050629385315,0.0025787787764653767,0.0005397794593497984,0.0007141774783389794,0.0009202385382397395,0.00027843372484151474,0.0005377691075458893,0.0004694171462129547,0.0015962193323044317,0.0015620433516379626,0.0012016877907871197,0.0009900982634256077,0.001024274244092075,0.0011464031161795996,0.0005644062689476939,0.0013675418146096834,0.0014132773181486334,0.0028541969736010277,0.0011157452511699733,0.0005895356664965684,0.002603405586063272,0.0015866701612358598,0.003654316991557152,0.0028954091855811787,0.0023249718612217557,0.0005438001629576167,0.0004176505872622756,0.0005473182786144594,0.0004824844329383675,0.0011594704029050142,0.002056087307448811,0.0004980646594186684,0.000877518562406655,0.0020254294424391864,0.0035246493002049663,0.0017414672501369181,0.0031090090647466016,0.00042368164267400296,0.0007398094638388295,0.0002633560863121928,0.0007021153675155212,0.0014821318674325453,0.0010107043694156832,0.0018786737607537664,0.0002211386984300838,0.0023877953550939385,0.0033799039703234553,0.0011785687450421578,0.00042719975833084567,0.001693721394794059,0.0006925661964469476,0.0014132773181486334,0.0005990848375651385,0.0011785687450421578,0.001182589448649976,0.0005091215943401721,0.0007478508710544694,0.0028612332049147114,0.0020942839917230983,0.0028913884819733587,0.0011041857282974923,0.0004196609390661847,0.00043473857759550663,0.0007342809963780776,0.0006066236568298029,0.001070009747631025,0.00183846672467557,0.0020792063531937747,0.0001829420141557965,0.0007840372035248476,0.0011785687450421578,0.0017223689079997745,0.0027501612677486922,0.0005035931268794203,0.0015791313419711971,0.0009996474344941796,0.0007619233336818368,0.0011539419354442606,0.0011655014583167433,0.00039654189332121934,0.0023842772394370975,0.0034673542737935353,0.0020751856495859547,0.0027501612677486922,0.0015504838287654817,0.0010891080897681687,0.00028597254410617917,0.001141377236669825,0.00031864076091971463,0.000774488032456274,0.0012494336461299788,0.002315422690153184,0.0027426224484840295,0.0019339584353612882,0.0020274397942430956,0.0009594403984159814,0.000408101416193702,0.0017872027536758681,0.001051916581395836,0.00039654189332121934,0.0008277623552598867,0.0008126847167305613,0.0001829420141557965,0.0010720200994349342,0.0005206811172126548,0.0003759357873311456,0.0017414672501369181,0.0006483384567609295,0.0009443627598866577,0.0009137048948770331,0.0007307628807212349,0.00045031880407581104,0.0014132773181486334,0.0009096841912692132,0.0008353011745245477,0.0029562223276494524,0.0026360738028768076,0.0018766634089498573,0.002610944405327933,--,--,--
123,0.0016233590816572135,0.00045182656792874115,0.0015374165420400671,0.0019073212739594819,0.0022259620348791948,0.0022963243480160402,0.0016786437562647354,0.0011082064319053123,0.001285619978600357,0.0005226914690165639,0.0006960843121037903,0.0006141624760944639,0.0004674067944090421,0.0006372815218394258,0.0007478508710544694,0.0017912234572836881,0.0009539119309552296,0.000774488032456274,0.0016610531779805236,0.0013238166628746443,0.0014494636506190116,0.0007955967263973268,0.001485649983089388,0.0012434025907182497,0.0010564398729546332,0.00160024003591225,0.00032416922838046647,0.0013122571400021633,0.0013197959592668243,0.0011122271355131323,0.0033567849245784917,0.00194752831003768,0.0014037281470800616,0.0016173280262454844,0.0010051759019549314,0.001216765429316445,0.00045031880407581104,0.0005930537821534111,0.0007669492131916131,0.0009936163790824504,0.0008639486877302632,0.0007171930060448431,0.0036889955601745964,0.00160024003591225,0.0013504538242764506,0.0008277623552598867,0.0012474232943260697,0.0009725076851413959,0.0007553896903191304,0.0025521416150635703,0.0011252944222385451,0.0036563273433610627,0.0012705423400710333,0.002580789128269286,0.003087900370805549,0.004280038990524097,0.0018233890861462446,0.00175101642120549,0.003444737815999549,0.0006206961194571703,0.0006372815218394258,0.0002593353827043711,0.001074030451238845,0.0009348135888180859,0.0023405520877020566,0.00033371839944903656,0.0016439651876472908,0.0045433950768362895,0.001546965713108639,0.0004694171462129547,0.0008373115263284568,0.0010338234151606469,0.0005779761436240857,0.00013368839496000554,0.0006769859699666467,0.0008956117286418441,0.0004312204619386674,0.003130117758687656,0.001074030451238845,0.0016117995587847326,0.0009383317044749286,0.0007875553191816903,0.0017223689079997745,0.0004885154883500983,0.0010835796223074168,0.0003111019416550502,0.0007724776806523649,0.0022239516830752856,0.0012514439979338897,0.0013142674918060725,0.002218423215614534,0.0033185882403042044,0.0027084464678175622,0.0013539719399332916,0.00026536643811610194,0.0009096841912692132,0.0011730402775814042,0.0005835046110848376,0.0007553896903191304,0.0015660640552457826,0.0029029480048458414,0.0027084464678175622,0.00179273122113662,0.0006448203411040902,0.0010966469090328296,0.00230034505162386,0.001840477076479479,0.0005684269725555122,0.0005493286304183685,0.0014745930481678843,0.0014972095059618707,0.0014268471928250252,0.0013791013374821661,0.0017585552404701527,0.0015298777227754062,0.001735436194725189,0.0006674367988980731,0.0013504538242764506,0.0012795889231886279,0.0009614507502198923,0.0006302452905257439,0.0002698897296748992,0.000341257218713701,0.00035482709339008933,0.001485649983089388,0.0020219113267823437,0.002935616221659377,0.0016022503877161608,0.003339696934245259,0.0014459455349621689,0.0015695821709026253,0.0007991148420541695,0.00015429450095008276,0.00012112369618556829,0.0010338234151606469,0.0018193683825384263,0.00175101642120549,0.0002593353827043711,0.0006448203411040902,0.0017660940597348136,0.002881839310904787,0.001693721394794059,0.0024968569404560485,0.0016831670478235326,0.0005875253146926593,0.0006820118494764195,0.0011197659547777933,0.000623711647163034,0.001184599800453887,0.001531385486628338,0.0015831520455790171,0.004467001708287713,0.0015504838287654817,0.003227117233226306,0.0011197659547777933,0.0011016727885426042,0.0018480158957441418,0.0007192033578487522,0.0012549621135907324,0.0002744130212336965,0.0009287825334063568,0.0015851623973829262,0.0014992198577657798,0.0008925962009359786,0.0022812467094867166,0.0029049583566497506,0.0008895806732301149,0.0008925962009359786,0.0006960843121037903,0.002424484275515294,0.0005282199364773157,0.0014916810385011189,0.0009554196948081631,0.0007875553191816903,0.0012529517617868215,0.002769259609885836,0.0022963243480160402,0.002365178897299954,0.0011464031161795996,0.0009307928852102659,0.0006845247892313076,0.00023068786949865736,0.0006418048133982231,0.0003126097055079838,0.0007458405192505603,0.002624514280004325,0.0025290225693186067,0.00320450077543232,0.0014057384988839707,0.001327334778531487,0.0005493286304183685,0.0005453079268105503,0.0003030605344394137,0.000556867449683033,0.00046640161850708753,0.00039654189332121934,0.00034728827412542837,0.0011499212318364423,0.0005608881532908512,0.0023420598515549902,0.0032748630885691653,0.0015524941805693908,0.002412924752642813,0.0007192033578487522,0.0016917110429901499,0.001798762276548349,0.002216412863810623,0.0012092266100517824,0.0009403420562788378,0.0015660640552457826,0.0027677518460329023,0.0020274397942430956,0.001850026247548051,0.0017449853657937608,0.0025365613885832694,0.0017701147633426336,0.001184599800453887,0.00044830845227189844,0.0004312204619386674,0.0014610231734914925,0.0013162778436099833,0.0010720200994349342,0.0031567549200894607,0.0020254294424391864,0.002775290665297565,0.002202842989134231,0.0012876303304042679,0.0007287525289173258,0.0009765283887492159,0.0007724776806523649,0.00219932487347739,0.0013082364363943434,0.001342915005011788,0.0009383317044749286,0.0020219113267823437,0.001804290744009101,0.0004613757389973147,0.001594711568451498,0.0005473182786144594,0.00035482709339008933,0.0006267271748689011,0.0018349486090187273,0.0009061660756123704,0.0006292401146237858,0.002410914400838902,0.003783984682909339,0.0006026029532219812,0.003084382255148706,0.0011212737186307251,0.0013750806338743461,0.0019339584353612882,0.0012705423400710333,0.002545607971700864,0.00041664541136031755,0.0008905858491320695,0.0014002100314232189,0.0008810366780634977,0.0002477758598318919,0.004486100050424857,0.0026013952342593613,0.0035573175170185017,0.0012207861329242634,0.0024586602561817612,0.00016384367201865285,0.0011941489715224587,0.0008564098684656022,0.00012966769135218728,0.0008830470298674068,0.003391463493195938,0.0023269822130256666,0.0005513389822222811,0.0012187757811203542,0.0026436126221414686,0.0013368839496000588,0.003534198471273538,0.0025064061115246204,0.0006503488085648421,0.0008126847167305613,0.000673467854309804,0.0007247318253095041,0.0007192033578487522,0.0015067586770304425,0.003082371903344797,0.00210383316279167,0.0022546095480849102,0.00045031880407581104,0.0004694171462129547,0.0014132773181486334,0.0007056334831723604,0.0005799864954279949,0.0003910134258604675,0.0009443627598866577,0.001281599274992537,0.0009287825334063568,0.0009574300466120723,0.002202842989134231,0.004920838628020365,0.0035628459844792536,0.0015374165420400671,0.002200832637330322,0.00021561023096933196,0.0013082364363943434,0.001808311447616921,0.002780819132758317,0.000715182654240934,0.002258127663741753,0.0026476333257492886,0.0018178606186854927,0.0008885754973281586,0.0019188807968319645,0.0020254294424391864,0.0010840822102583941,0.0014268471928250252,0.002294313996212131,0.0012705423400710333,0.0019681344160277555,0.003272852736765256,0.0016555247105197717,0.002466199075446424,0.001335376185747127,0.0027923786556307995,0.0012072162582478733,0.0017052809176665417,0.0013811116892860752,0.0006026029532219812,0.0004674067944090421,0.00035834520904693204,0.0024280023911721366,0.0011634911065128324,0.0025290225693186067,0.0012132473136596024,0.0019168704450280537,0.0018691245896851946,0.0007171930060448431,0.0005739554400162675,0.0009880879116216969,0.0014876603348932989,0.00024224739237114004,0.0010549321091016996,0.001232345655796746,0.0007247318253095041,0.0013770909856782552,0.0016384367201865372,0.002626524631808236,0.003284412259637737,0.001022263892288166,0.002715985287082223,0.00048047408113445836,0.0006387892856923594,0.0005990848375651385,0.001012714721219594,0.001035833766964556,0.0012052059064439624,0.0005950641339573202,0.0009172230105338741,0.002622503928200416,0.002943155040924038,0.003219578413961645,0.004421266204748765,0.0010755382150917769,0.00021661540687128653,0.0003462830982234738,0.0006046133050258903,0.001138864296914937,0.0006428099893001776,0.001546965713108639,0.00033371839944903656,0.0004312204619386674,0.0024430800297014603,0.001130822889699297,0.0006810066735744649,0.000373925435527233,0.0011006676126406496,0.0004824844329383675,0.0002879828959100883,0.0010031655501510223,0.0011881179161107296,0.0011770609811892242,0.0008182131841913132,0.0031014702454819406,0.0010147250730235032,0.0007589078059759731,0.0011026779644445605,0.0026054159378671813,0.0005131422979479938,0.000774488032456274,0.0009106893671711677,0.0003090915898511411,0.0005397794593497984,0.0004729352618697939,0.0015736028745104453,0.00160426073952007,0.001184599800453887,0.0009539119309552296,0.0009900982634256077,0.001123284070434636,0.0005628985050947603,0.0013082364363943434,0.0014268471928250252,0.002763731142425084,0.001123284070434636,0.0006428099893001776,0.002612954757131844,0.0015831520455790171,0.0036296901819592563,0.002881839310904787,0.0022887855287513775,0.0005387742834478439,0.00040056259692904106,0.0005548570978791238,0.0005015827750755111,0.0011634911065128324,0.0020369889653116674,0.0005035931268794203,0.0008925962009359786,0.0019666266521748237,0.0035211311845481236,0.0017128197369312027,0.0029642637348650924,0.0004312204619386674,0.0007704673288484558,0.0002744130212336965,0.0007116645385840913,0.0014419248313543489,0.001020253540484255,0.001895761751087001,0.00025732503090046197,0.002456649904377852,0.003387442789588118,0.0011252944222385451,0.00039000824995851294,0.001636426368382628,0.0006925661964469476,0.0013218063110707352,0.0005799864954279949,0.0011328332415032078,0.001216765429316445,0.0005397794593497984,0.0007383016999858959,0.0028531917976990714,0.0021666566566638547,0.002864751320571554,0.0010870977379642578,0.00042518940652693654,0.00045031880407581104,0.0007383016999858959,0.0006005926014180721,0.0009725076851413959,0.0018274097897540646,0.0021706773602716747,0.00019249118522437006,0.0008257520034559776,0.001175050629385315,0.0017490060694015808,0.002773280313493656,0.0005282199364773157,0.0015640537034418735,0.0009755232128472614,0.0007428249915446931,0.0011614807547089233,0.0011594704029050142,0.00036236591265475376,0.0023862875912410066,0.0034140799509899244,0.0020983046953309183,0.002664721316082523,0.0015449553613047298,0.0011423824125717796,0.00030054759468452555,0.0011655014583167433,0.00031864076091971463,0.0007684569770445467,0.0012569724653946415,0.0022259620348791948,0.0028361038073658387,0.0019817042907041473,0.0020199009749784346,0.0009544145189062068,0.00041011176799761115,0.0017721251151465445,0.0010549321091016996,0.00041212211980152375,0.0008277623552598867,0.0007704673288484558,0.0001985222406361009,0.0010393518826213987,0.0005417898111537076,0.000366386616262572,0.00180077262835226,0.0006121521242905548,0.0009745180369453068,0.000919233362337785,0.0007383016999858959,0.0004538369197326503,0.0013283399544334416,0.0009061660756123704,0.0008353011745245477,0.0029371239855123087,0.0026627109642786122,0.0018766634089498573,0.002626524631808236,--,--,--
124,0.0015585252359811216,0.00044830845227189844,0.0014705723445600644,0.00185605730295978,0.002214402512006714,0.0022772260058788966,0.001636426368382628,0.0010624709283663623,0.0012720501039239652,0.0005262095846734066,0.0006810066735744649,0.000566416620751603,0.0004608731510463357,0.0006407996374962685,0.0007001050157116086,0.0017108093851272935,0.0009307928852102659,0.0007935863745934177,0.001697742098401879,0.001278081159335696,0.001388650508550738,0.0008126847167305613,0.0014419248313543489,0.0011579626390520806,0.001020253540484255,0.001539426893843978,0.00033020028379219385,0.001281599274992537,0.0013293451303353961,0.0011082064319053123,0.0032080188910891625,0.0018806841125576755,0.0014208161374132961,0.0015640537034418735,0.0009916060272785396,0.0011579626390520806,0.000449313628173853,0.0006267271748689011,0.000782026851720935,0.0009820568562099678,0.000869979743141994,0.0006940739602998812,0.003708093902311742,0.0016097892069808217,0.001335376185747127,0.0008830470298674068,0.0012132473136596024,0.0009554196948081631,0.0007478508710544694,0.002363168545496043,0.0011157452511699733,0.0036638661626257236,0.0012514439979338897,0.002513944930789283,0.003023066525129455,0.004215205144848003,0.0019304403197044455,0.0017414672501369181,0.003293961430706309,0.0005980796616631839,0.0006046133050258903,0.0002899932477139974,0.001074030451238845,0.0009554196948081631,0.002319443393761004,0.0003432675705176101,0.0016077788551769126,0.004478561231160196,0.0015047483252265317,0.0004940439558108502,0.0008373115263284568,0.0010071862537588405,0.000556867449683033,0.00013720651061684824,0.0006960843121037903,0.000923254065945605,0.0004312204619386674,0.0030497036865312615,0.0010644812801702715,0.0016022503877161608,0.0009041557238084613,0.0007458405192505603,0.0017309129031663918,0.0004885154883500983,0.001077548566895686,0.00032065111272362376,0.0007478508710544694,0.002204853340938142,0.001224304248581106,0.0013921686242075806,0.0021822368831441556,0.0033663340956470653,0.002725534458150795,0.001331355482139307,0.00028044407664542734,0.0009001350202006413,0.0011403720607678688,0.0005875253146926593,0.0007629285095837914,0.0015012302095696907,0.002811476997767943,0.002720005990690043,0.0017892131054797773,0.0006483384567609295,0.0010489010536899705,0.0022907958805552884,0.0017912234572836881,0.0005970744857612294,0.0005397794593497984,0.0013142674918060725,0.001485649983089388,0.0013921686242075806,0.0013504538242764506,0.0017701147633426336,0.0014951991541579598,0.0017183482043919545,0.0006749756181627375,0.0013258270146785552,0.0012951691496689288,0.0009307928852102659,0.0006362763459374712,0.0002698897296748992,0.0003442727464195647,0.0003814642547918974,0.0014208161374132961,0.00209026328811528,0.002935616221659377,0.0015333958384322471,0.0033055209535787916,0.0014459455349621689,0.0015298777227754062,0.0007629285095837914,0.00016384367201865285,0.0001346935708619601,0.0009669792176806441,0.0017796639344112054,0.0016248668455101471,0.0002462680959789583,0.0005895356664965684,0.0017072912694704508,0.0029009376530419306,0.0017087990333233827,0.0025385717403871785,0.0016535143587158626,0.0005990848375651385,0.0006820118494764195,0.0010966469090328296,0.000616172827898373,0.0012474232943260697,0.0015032405613735998,0.0015298777227754062,0.004381059168670567,0.0015087690288343517,0.003181381729687358,0.0010795589186995969,0.0010755382150917769,0.001804290744009101,0.0007724776806523649,0.0012705423400710333,0.0002729052573807629,0.0009076738394653023,0.0016138099105886417,0.0015032405613735998,0.0008755082106027458,0.002155097133791372,0.002885860014512607,0.000877518562406655,0.000869979743141994,0.0006769859699666467,0.002359147841888223,0.0005417898111537076,0.0014951991541579598,0.0009137048948770331,0.000774488032456274,0.0012685319882671225,0.002725534458150795,0.002331002916633485,0.0022716975384181447,0.0011675118101206524,0.0009137048948770331,0.0006649238591431884,0.0002432525682730946,0.0006468306929079994,0.0003015527705864801,0.000782026851720935,0.0026436126221414686,0.0024280023911721366,0.0030632735612076533,0.0014268471928250252,0.001285619978600357,0.0005759657918201766,0.0005357587557419802,0.00030708123804723195,0.0005875253146926593,0.0004729352618697939,0.0003890030740565584,0.0003281899319882847,0.0011675118101206524,0.0005417898111537076,0.0023385417358981475,0.003131625522540588,0.0015163078480990144,0.0022907958805552884,0.000715182654240934,0.0016138099105886417,0.0018274097897540646,0.0021249418567327247,0.0011956567353753906,0.0009498912273474096,0.0015409346576969098,0.002739104332827187,0.0019857249943119673,0.0018731452932930145,0.001689700691186239,0.002464188723642513,0.0017072912694704508,0.0011197659547777933,0.0004407696330072375,0.00044830845227189844,0.0013921686242075806,0.0013047183207375006,0.0010870977379642578,0.0031090090647466016,0.0020369889653116674,0.0027486535038957587,0.0021897757024088183,0.0012589828171985507,0.0007212137096526648,0.0009116945430731223,0.0007212137096526648,0.002163138541007012,0.0013655314628057743,0.0012931587978650197,0.0009348135888180859,0.002060108011056631,0.0017892131054797773,0.0004407696330072375,0.0015298777227754062,0.0005438001629576167,0.00033371839944903656,0.0006468306929079994,0.0018158502668815836,0.0008981246683967305,0.0006543695121726603,0.002359147841888223,0.003662358398772792,0.0005950641339573202,0.0030099992384040406,0.0011403720607678688,0.0013921686242075806,0.0019208911486358737,0.0012358637714535887,0.0023777435960743894,0.00043574375349746466,0.0009011401961025959,0.0014801215156286362,0.0009137048948770331,0.0002477758598318919,0.004421266204748765,0.002559680434328233,0.0035286700038127863,0.0011901282679146388,0.0023707073647607057,0.00015278673709714918,0.0012434025907182497,0.000831783058867705,0.0001432375660285791,0.0008870677334752268,0.00339297125704887,0.002309894222692432,0.0006101417724866422,0.001224304248581106,0.002681809306415756,0.0013197959592668243,0.0034296601774702253,0.0025637011379360513,0.0006960843121037903,0.0007780061481131167,0.000623711647163034,0.0007212137096526648,0.0007418198156427386,0.0014951991541579598,0.003087900370805549,0.0020792063531937747,0.002311904574496341,0.00046338609080122384,0.0005035931268794203,0.0013981996796193098,0.0007021153675155212,0.0006066236568298029,0.0003950341294682892,0.0009594403984159814,0.0012665216364632133,0.0009001350202006413,0.0010107043694156832,0.002147558314526711,0.004787652821011337,0.0035648563362831627,0.0015107793806382625,0.00210383316279167,0.0002281749297437692,0.0012358637714535887,0.0017851924018719573,0.0027883579520229795,0.0006810066735744649,0.002155097133791372,0.002628534983612145,0.00179675192474444,0.000869979743141994,0.0018465081318912082,0.001955067129302341,0.0010383467067194441,0.0013559822917372025,0.0021133823338602437,0.0012529517617868215,0.0019761758232433955,0.003139666929756228,0.0016706023490490954,0.0024968569404560485,0.0013464331206686306,0.0027466431520918495,0.0011675118101206524,0.0017052809176665417,0.0013760858097763007,0.0006026029532219812,0.00048047408113445836,0.0003759357873311456,0.0023480909069667193,0.0011499212318364423,0.002525504453661764,0.0012052059064439624,0.0019284299679005364,0.00179675192474444,0.0007212137096526648,0.0005628985050947603,0.0009820568562099678,0.0014590128216875834,0.00025833020680241653,0.000978538740553125,0.001239884475061407,0.0007171930060448431,0.0013524641760803598,0.0015736028745104453,0.0026340634510728968,0.0032653139175005935,0.001022263892288166,0.002666229079935455,0.00048348960884032205,0.0006885454928391294,0.0005990848375651385,0.001024274244092075,0.0010433725862292187,0.001226314600385017,0.0005895356664965684,0.0008905858491320695,0.002519473398250035,0.002922046346982985,0.0031069987129426924,0.0043393443687394385,0.0010679993958271142,0.0002477758598318919,0.00034226239461565555,0.0005779761436240857,0.0011102167837092215,0.0006372815218394258,0.0015047483252265317,0.0003397494548607674,0.00041212211980152375,0.0024259920393682258,0.0011041857282974923,0.0006845247892313076,0.00038347460659580654,0.0010755382150917769,0.0004900232522030284,0.00033020028379219385,0.0009936163790824504,0.001130822889699297,0.0011464031161795996,0.0007780061481131167,0.0031069987129426924,0.0010071862537588405,0.0007991148420541695,0.001065989044023205,0.0026395919185336486,0.00047695596547761565,0.0008182131841913132,0.0008915910250340241,0.0003508063897822711,0.0005342509918890466,0.00046539644260513297,0.0015012302095696907,0.0016268771973140563,0.001184599800453887,0.0009383317044749286,0.0009403420562788378,0.0010946365572289205,0.0005608881532908512,0.0012418948268653179,0.001428354956677957,0.0026255194559062795,0.001130822889699297,0.0006830170253783775,0.002555659730720413,0.0015831520455790171,0.0036085814880182036,0.0028572125013068914,0.002204853340938142,0.0005035931268794203,0.0003930237776643801,0.0005759657918201766,0.0005091215943401721,0.0011634911065128324,0.0020158802713706146,0.000524701820820473,0.0009383317044749286,0.0019208911486358737,0.003480924148469927,0.0016690945851961635,0.0028552021495029823,0.00045031880407581104,0.0008051458974659004,0.00027843372484151474,0.000715182654240934,0.0013791013374821661,0.0010413622344253096,0.0019339584353612882,0.0003030605344394137,0.002468209427250333,0.0033110494210395434,0.0010795589186995969,0.0003442727464195647,0.0015831520455790171,0.0007001050157116086,0.0012388792991594524,0.0005513389822222811,0.0011122271355131323,0.0012147550775125342,0.0005684269725555122,0.0007322706445741685,0.0028667616723754633,0.002214402512006714,0.002821026168836515,0.0010624709283663623,0.0004327282257915975,0.0004407696330072375,0.0007192033578487522,0.0005950641339573202,0.0009021453720045505,0.0017892131054797773,0.0021917860542127274,0.0001945015370282792,0.0008277623552598867,0.0011579626390520806,0.0017831820500680481,0.002717995638886134,0.000556867449683033,0.0015258570191675862,0.0009307928852102659,0.000699099839809654,0.001134843593307117,0.001127304774042456,0.00032065111272362376,0.0024013652297703303,0.003375883266715637,0.0020751856495859547,0.0026054159378671813,0.001542945009500819,0.0011881179161107296,0.00031361488140993835,0.0011881179161107296,0.0003146200573118929,0.0007478508710544694,0.0012569724653946415,0.0021284599723895674,0.002834093455561928,0.002006331100302043,0.0019932638135766283,0.0009519015791513204,0.00041011176799761115,0.0017203585561958654,0.0010393518826213987,0.00042368164267400296,0.000816202832387404,0.0007458405192505603,0.00021912834662617467,0.0010167354248274123,0.0005739554400162675,0.0003774435511840757,0.001794741572940529,0.000616172827898373,0.0010071862537588405,0.0008946065527398895,0.0007398094638388295,0.00045031880407581104,0.0012464181184241151,0.0009021453720045505,0.0008353011745245477,0.002922046346982985,0.002620493576396505,0.0018691245896851946,0.002616975460739664,--,--,--
125,0.0014972095059618707,0.0004442877486640802,0.0014228264892172052,0.0018274097897540646,0.002216412863810623,0.0022847648251435593,0.0016097892069808217,0.0010298027115528269,0.0012625009328553934,0.000524701820820473,0.0006704523266039403,0.0005186707654087457,0.00046338609080122384,0.0006428099893001776,0.0006830170253783775,0.0016459755394512,0.0009383317044749286,0.000806653661318834,0.0017490060694015808,0.0012569724653946415,0.001335376185747127,0.0008222338877991349,0.001428354956677957,0.0011157452511699733,0.0009916060272785396,0.0015087690288343517,0.0003377391030568583,0.0012609931690024615,0.0013368839496000588,0.0011137348993660642,0.0030994598936780297,0.001840477076479479,0.0014554947060307407,0.0015218363155597662,0.0009820568562099678,0.0011177556029738842,0.0004513239799777656,0.0006523591603687512,0.0007915760227895086,0.0009725076851413959,0.0008795289142105658,0.0006749756181627375,0.0037156327215764028,0.0016329082527257854,0.001327334778531487,0.0009116945430731223,0.001182589448649976,0.0009539119309552296,0.0007458405192505603,0.002216412863810623,0.0011041857282974923,0.003680954152958958,0.0012434025907182497,0.0024491110851131894,0.0029924086601198305,0.004150371299171911,0.0020294501460470064,0.0017299077272644372,0.003169822206814875,0.0005845097869867921,0.0005799864954279949,0.00032065111272362376,0.0010966469090328296,0.000964968865876735,0.002305873519084612,0.0003528167415861802,0.0015715925227065344,0.004428805024013426,0.0014630335252954017,0.0005131422979479938,0.0008428399937892104,0.0009936163790824504,0.0005453079268105503,0.00013519615881293912,0.0007227214735055949,0.0009353161767690632,0.0004327282257915975,0.003027087228737275,0.0010549321091016996,0.0016439651876472908,0.0008810366780634977,0.0007171930060448431,0.0017635811199799272,0.0004885154883500983,0.0010870977379642578,0.00033170804764512743,0.0007212137096526648,0.002200832637330322,0.0012052059064439624,0.001396189327815399,0.002161128189203103,0.00340101266426451,0.0027426224484840295,0.0013162778436099833,0.00029552171517474926,0.0009076738394653023,0.0011082064319053123,0.0005910434303494985,0.000782026851720935,0.0014570024698836725,0.002729555161758615,0.002769259609885836,0.0018118295632737636,0.0006523591603687512,0.0010167354248274123,0.002305873519084612,0.001804290744009101,0.0006332608182316075,0.0005342509918890466,0.001182589448649976,0.001489670686697208,0.0013675418146096834,0.0013559822917372025,0.001804290744009101,0.0015012302095696907,0.0016610531779805236,0.0006789963217705558,0.0012951691496689288,0.0013162778436099833,0.0009061660756123704,0.0006428099893001776,0.0002668742019690355,0.0003432675705176101,0.0004025729487329502,0.0013539719399332916,0.0021133823338602437,0.002965771498718024,0.0014801215156286362,0.003272852736765256,0.0014399144795504398,0.0015142974962951035,0.0007523741626132667,0.00017540319489113554,0.00014876603348933093,0.0009001350202006413,0.0017223689079997745,0.0015715925227065344,0.00023068786949865736,0.0005056034786833294,0.0017012602140587217,0.002939134337316218,0.0017243792598036854,0.0025958667667986095,0.0016334108406767626,0.0006181831797022821,0.0006875403169371748,0.0010795589186995969,0.0006141624760944639,0.0013162778436099833,0.0014841422192364562,0.0014916810385011189,0.00430315803626906,0.001493691390305028,0.0031602730357463034,0.0010564398729546332,0.0010644812801702715,0.0017736328789994763,0.0008297727070637959,0.0012836096267964479,0.00027843372484151474,0.0008925962009359786,0.0016650738815883435,0.0015374165420400671,0.0008523891648577822,0.00204854848818415,0.0028667616723754633,0.0008714875069949259,0.0008448503455931195,0.0006674367988980731,0.002309894222692432,0.0005538519219771658,0.0015067586770304425,0.0008870677334752268,0.0008011251938580821,0.0012589828171985507,0.0027029180003568104,0.002355629726231382,0.0021917860542127274,0.0011921386197185479,0.0009021453720045505,0.0006503488085648421,0.00025732503090046197,0.0006312504664276984,0.00029200359951790655,0.000806653661318834,0.002674270487151095,0.002368697012956795,0.0029828594890512587,0.0014534843542268298,0.001226314600385017,0.0006141624760944639,0.0005282199364773157,0.0003090915898511411,0.0006277323507708557,0.0004824844329383675,0.00038548495839971567,0.0003126097055079838,0.001182589448649976,0.000515152649751903,0.0023289925648295757,0.002984869840855168,0.0014841422192364562,0.0022219413312713748,0.0007131723024370248,0.0015504838287654817,0.001840477076479479,0.0020616157749095646,0.0011921386197185479,0.0009614507502198923,0.0015238466673636753,0.002765741494228993,0.001960595596763093,0.0019284299679005364,0.001636426368382628,0.0024375515622407085,0.0016535143587158626,0.001077548566895686,0.0004327282257915975,0.0004613757389973147,0.0013464331206686306,0.0013162778436099833,0.0011252944222385451,0.003015527705864794,0.0020731752977820456,0.0027104568196214714,0.002212392160202803,0.0012454129425221606,0.0007096541867801821,0.000861938335926354,0.0006830170253783775,0.002138009143458139,0.0014132773181486334,0.0012589828171985507,0.0009307928852102659,0.00204854848818415,0.0017892131054797773,0.00041011176799761115,0.0014610231734914925,0.0005377691075458893,0.0003126097055079838,0.0006493436326628875,0.0018178606186854927,0.0008966169045437986,0.0006749756181627375,0.0023385417358981475,0.0035784262109595545,0.0005835046110848376,0.002943155040924038,0.0011579626390520806,0.0014248368410211144,0.0019223989124888055,0.0012036981425910306,0.0022380241457026547,0.0004608731510463357,0.0009096841912692132,0.0015791313419711971,0.0009634611020238014,0.00024425774417504917,0.004379048816866658,0.002555659730720413,0.003490473319538499,0.0011594704029050142,0.0023289925648295757,0.0001432375660285791,0.0013047183207375006,0.0008222338877991349,0.00015429450095008276,0.0008925962009359786,0.0033587952763824026,0.00230034505162386,0.0006558772760255939,0.0012338534196496779,0.002739104332827187,0.0012951691496689288,0.003343717637853079,0.002672260135347184,0.0007553896903191304,0.0007553896903191304,0.0006005926014180721,0.0007171930060448431,0.0007553896903191304,0.0014725826963639735,0.003130117758687656,0.0020711649459781364,0.002376738420172435,0.0004709249100658848,0.0005377691075458893,0.0014002100314232189,0.0007131723024370248,0.0006277323507708557,0.00040056259692904106,0.0009820568562099678,0.0012665216364632133,0.0008981246683967305,0.0009996474344941796,0.0021209211531249047,0.004756994956001712,0.0035764158591556454,0.0015012302095696907,0.0020334708496548264,0.00023822668876331832,0.0011770609811892242,0.0017756432308033854,0.002817005465228695,0.0006428099893001776,0.0020616157749095646,0.002616975460739664,0.001798762276548349,0.0008543995166616913,0.00179675192474444,0.0018922436354301582,0.0010107043694156832,0.0013047183207375006,0.0019761758232433955,0.0012705423400710333,0.0019817042907041473,0.0030652839130115624,0.0016861825755293963,0.0025174630464461258,0.0013504538242764506,0.002720005990690043,0.001138864296914937,0.0017183482043919545,0.001361008171246977,0.0006046133050258903,0.0005111319461440812,0.0003890030740565584,0.0022847648251435593,0.0011403720607678688,0.0025425924439949985,0.0012112369618556915,0.0019379791389691082,0.0017625759440779726,0.0007247318253095041,0.0005548570978791238,0.0009820568562099678,0.0014459455349621689,0.00026888455377294465,0.000919233362337785,0.0012625009328553934,0.0007131723024370248,0.0013449253568156988,0.0015163078480990144,0.0026491410896022204,0.00324621557536345,0.001012714721219594,0.0026491410896022204,0.0004890180763010739,0.0007438301674466477,0.0005990848375651385,0.0010468907018860614,0.0010564398729546332,0.0012454129425221606,0.0005875253146926593,0.0008795289142105658,0.0023747280683685257,0.002931595518051557,0.003034626048001938,0.0042936088652004885,0.001065989044023205,0.00028396219230227004,0.00034025204281174296,0.0005628985050947603,0.0010870977379642578,0.0006448203411040902,0.001489670686697208,0.0003528167415861802,0.00038548495839971567,0.0024450903815053694,0.001081569270503506,0.0007021153675155212,0.00039855224512513193,0.0010549321091016996,0.0004885154883500983,0.0003774435511840757,0.0009996474344941796,0.0010795589186995969,0.0011594704029050142,0.0007418198156427386,0.0030919210744133688,0.0010298027115528269,0.0008011251938580821,0.0010453829380331278,0.0026968869449450796,0.00044830845227189844,0.0008609331600243995,0.0008810366780634977,0.00038548495839971567,0.000515152649751903,0.0004538369197326503,0.001478111163824727,0.0016595454141275917,0.0012092266100517824,0.0009172230105338741,0.0008946065527398895,0.0010870977379642578,0.0005608881532908512,0.0011770609811892242,0.0014399144795504398,0.0025340484488283813,0.0011539419354442606,0.0007533793385152213,0.0025541519668674795,0.001588680513039769,0.0035648563362831627,0.0028592228531108023,0.0021133823338602437,0.0004779611413795702,0.0004060910643897929,0.0006086340086337121,0.000515152649751903,0.001180579096846067,0.002004823336449111,0.0005513389822222811,0.0009765283887492159,0.0018595754186166227,0.0034371989967348863,0.001640447071990448,0.0027788087809544077,0.0004709249100658848,0.000831783058867705,0.0002899932477139974,0.000715182654240934,0.0013197959592668243,0.0010564398729546332,0.001995274165380539,0.00034527792232151924,0.002509924227181463,0.0033055209535787916,0.001020253540484255,0.00031663040911580204,0.0015449553613047298,0.0007096541867801821,0.0011675118101206524,0.0005226914690165639,0.0010931287933759887,0.0012072162582478733,0.0005990848375651385,0.0007342809963780776,0.002872290139836215,0.0022792363576828057,0.002735083629219367,0.0010468907018860614,0.00044227739686017106,0.00043875928120332836,0.0007096541867801821,0.0005814942592809284,0.0008508814010048486,0.0017756432308033854,0.0022430500252124293,0.00020003000448903102,0.0008086640131227431,0.0011368539451110278,0.001840477076479479,0.0027029180003568104,0.0005835046110848376,0.0015032405613735998,0.0009041557238084613,0.0006744730302117585,0.0011252944222385451,0.001134843593307117,0.0002975320669786584,0.0024908258850443194,0.0033567849245784917,0.0020827244688506174,0.002569229605396805,0.0015449553613047298,0.0012434025907182497,0.0003261795801843756,0.0012273197762869715,0.0003050708862433228,0.0007398094638388295,0.0012549621135907324,0.0020616157749095646,0.0028516840338461396,0.0020389993171155783,0.001987232758164899,0.000964968865876735,0.00041011176799761115,0.0016841722237254872,0.0010338234151606469,0.00043473857759550663,0.0008011251938580821,0.0007227214735055949,0.0002367189249103882,0.0009936163790824504,0.0006714575025058948,0.0003794539029879883,0.0018178606186854927,0.000623711647163034,0.0010549321091016996,0.0008679693913380832,0.0007383016999858959,0.00044830845227189844,0.001184599800453887,0.0009137048948770331,0.0008373115263284568,0.0029371239855123087,0.002628534983612145,0.001854046951155871,0.002603405586063272,--,--,--
126,0.0014057384988839707,0.00042719975833084567,0.0013464331206686306,0.0017545345368623327,0.002163138541007012,0.0022450603770163384,0.0015565148841772108,0.0009976370826902687,0.0011996774389832106,0.0005206811172126548,0.0006523591603687512,0.00048047408113445836,0.0004900232522030284,0.0006372815218394258,0.0006639186832412339,0.0015620433516379626,0.0009001350202006413,0.0008523891648577822,0.0017796639344112054,0.0012227964847281742,0.0012625009328553934,0.0008353011745245477,0.0013750806338743461,0.0010338234151606469,0.0009478808755435005,0.001443935183158258,0.00034879603797836195,0.001228324952188926,0.0013122571400021633,0.0010835796223074168,0.002965771498718024,0.0017640837079309045,0.0014650438770993125,0.0014399144795504398,0.0009614507502198923,0.0010604605765624532,0.0004473032763699439,0.0006769859699666467,0.0007935863745934177,0.0009574300466120723,0.0008508814010048486,0.0006558772760255939,0.0036241617144985045,0.001652006594862929,0.0013027079689335915,0.0009267721816024459,0.001134843593307117,0.0009458705237395913,0.0007267421771134167,0.002058097659252722,0.0010755382150917769,0.0035784262109595545,0.001216765429316445,0.002367189249103863,0.0028552021495029823,0.004016682904211906,0.0020751856495859547,0.001689700691186239,0.0030135173540608833,0.0005674217966535576,0.000556867449683033,0.0003528167415861802,0.0010795589186995969,0.0009594403984159814,0.002256619899888821,0.00036236591265475376,0.0015524941805693908,0.004333313313327708,0.0013826194531390088,0.0005357587557419802,0.0008448503455931195,0.0009860775598177877,0.0005493286304183685,0.00012966769135218728,0.0007247318253095041,0.0009242592418475595,0.0004292101101347548,0.0029451653927279487,0.0010413622344253096,0.0016329082527257854,0.0008543995166616913,0.0006905558446430385,0.0017424724260388727,0.00048650513654618574,0.0010835796223074168,0.00035482709339008933,0.0006749756181627375,0.0021455479627228,0.0011675118101206524,0.0013770909856782552,0.0020731752977820456,0.003375883266715637,0.0026873377738765077,0.0012645112846593042,0.0003030605344394137,0.0009096841912692132,0.001070009747631025,0.0005895356664965684,0.0007800164999170259,0.0013826194531390088,0.0025843072439261285,0.0027541819713565122,0.0018309279054109073,0.0006503488085648421,0.0009709999212884641,0.0022470707288202493,0.0018138399150776727,0.0006749756181627375,0.0005322406400851375,0.0010679993958271142,0.0014474532988151007,0.0013102467881982525,0.001335376185747127,0.0017625759440779726,0.001493691390305028,0.001652006594862929,0.0007001050157116086,0.0012474232943260697,0.0013333658339432161,0.000877518562406655,0.0006438151652021322,0.00026235091041023825,0.0003377391030568583,0.00041011176799761115,0.0012685319882671225,0.0020636261267134737,0.0029084764723065933,0.0014419248313543489,0.0031451953972169797,0.0014057384988839707,0.001493691390305028,0.0007513689867113121,0.00019098342137143648,0.00016233590816572274,0.0008332908227206386,0.0016329082527257854,0.0014399144795504398,0.0002367189249103882,0.0004327282257915975,0.001652006594862929,0.0029069687084536614,0.0017223689079997745,0.002624514280004325,0.001592701216647589,0.0006217012953591249,0.0006769859699666467,0.001028294947699895,0.0005970744857612294,0.0013620133471489316,0.0014132773181486334,0.0014685619927561552,0.004155899766632663,0.0014494636506190116,0.0030974495418741206,0.0009956267308863596,0.001059455400660497,0.0017128197369312027,0.0008956117286418441,0.0012665216364632133,0.00028044407664542734,0.000865959039534174,0.0016650738815883435,0.0015032405613735998,0.0008222338877991349,0.001957077481106252,0.0027979071230915514,0.000840327054034324,0.0008192183600932677,0.0006483384567609295,0.0022752156540749875,0.0005644062689476939,0.0014474532988151007,0.0008639486877302632,0.0008604305720734222,0.0012227964847281742,0.002664721316082523,0.002331002916633485,0.002056087307448811,0.0011956567353753906,0.0008714875069949259,0.0006217012953591249,0.00027391043328271747,0.0005960693098592748,0.0002879828959100883,0.0008126847167305613,0.0026476333257492886,0.002266169070957393,0.0028572125013068914,0.0014514740024229207,0.0011614807547089233,0.0006407996374962685,0.0005166604136048365,0.00030708123804723195,0.0006649238591431884,0.00048348960884032205,0.0003678943801155056,0.00028245442844933646,0.0011594704029050142,0.000515152649751903,0.0022983346998199494,0.002784839836366137,0.0014419248313543489,0.0021189108013209956,0.0007212137096526648,0.0014745930481678843,0.001808311447616921,0.0019495386618415891,0.0011539419354442606,0.0009498912273474096,0.001489670686697208,0.0026838196582196668,0.0019093316257633927,0.0019414972546259492,0.001546965713108639,0.0024053859333781503,0.0015982296841083408,0.0010413622344253096,0.00042518940652693654,0.0004749456136737065,0.0012795889231886279,0.0012891380942571997,0.0011212737186307251,0.002922046346982985,0.0020199009749784346,0.002622503928200416,0.002157107485595283,0.001228324952188926,0.0007021153675155212,0.0007971044902502604,0.0006407996374962685,0.002069657182125203,0.0014112669663447243,0.0012052059064439624,0.0009076738394653023,0.0019796939389002365,0.0017851924018719573,0.0003950341294682892,0.001373070282070437,0.0005282199364773157,0.0003015527705864801,0.0006332608182316075,0.001798762276548349,0.000873497858798835,0.0006905558446430385,0.002256619899888821,0.003433178293127068,0.0005684269725555122,0.0028059485303071896,0.0011328332415032078,0.001432375660285777,0.0019188807968319645,0.001123284070434636,0.0020867451724584374,0.00048348960884032205,0.0008840522057693614,0.0016535143587158626,0.0010031655501510223,0.00024425774417504917,0.004219225848455823,0.002456649904377852,0.0034201110064016535,0.0011102167837092215,0.0022505888444770902,0.00013519615881293912,0.001327334778531487,0.0007915760227895086,0.00016585402382256545,0.0008946065527398895,0.0032100292428930734,0.0022199309794674656,0.0006769859699666467,0.0012529517617868215,0.002720005990690043,0.0012303353039928352,0.0032024904236284107,0.0027029180003568104,0.000816202832387404,0.0007322706445741685,0.0005739554400162675,0.0006905558446430385,0.0007383016999858959,0.0014610231734914925,0.0031225789394229934,0.0020465381363802392,0.002376738420172435,0.00047695596547761565,0.0005684269725555122,0.0013981996796193098,0.0007131723024370248,0.0006483384567609295,0.00041212211980152375,0.001024274244092075,0.0012358637714535887,0.0008714875069949259,0.0009363213526710178,0.0020792063531937747,0.004608228922512381,0.0033949816088527807,0.0014590128216875834,0.0019319480835573773,0.0002467706839299373,0.0011082064319053123,0.0017681044115387245,0.0027541819713565122,0.0006121521242905548,0.0019414972546259492,0.0025541519668674795,0.0017872027536758681,0.000816202832387404,0.0016766334044608245,0.0017756432308033854,0.0009689895694845532,0.0012303353039928352,0.0018158502668815836,0.0012760708075317852,0.0019359687871651973,0.0029029480048458414,0.0016630635297844344,0.0025064061115246204,0.001338894301403968,0.002618985812543573,0.0010946365572289205,0.0017168404405390227,0.001345427944766676,0.0005895356664965684,0.0005513389822222811,0.00039654189332121934,0.002168667008467764,0.0011041857282974923,0.002519473398250035,0.001169019573973586,0.0019304403197044455,0.001693721394794059,0.0007116645385840913,0.0005302302882812249,0.0009765283887492159,0.0014152876699525425,0.0002794389007434728,0.0008714875069949259,0.0012378741232574979,0.0007036231313684513,0.0013177856074629152,0.0014665516409522444,0.002626524631808236,0.003181381729687358,0.0009765283887492159,0.0025446027957989076,0.0005045983027813748,0.0008051458974659004,0.0005950641339573202,0.0010318130633567377,0.0010378441187684669,0.0012418948268653179,0.0005608881532908512,0.0008543995166616913,0.0022450603770163384,0.002920035995179074,0.0028954091855811787,0.004116195318505444,0.0010679993958271142,0.00032065111272362376,0.00033020028379219385,0.0005417898111537076,0.0010584502247585423,0.0006558772760255939,0.0014554947060307407,0.0003759357873311456,0.000366386616262572,0.002408904049034993,0.0010413622344253096,0.0007212137096526648,0.000415640235458363,0.0010298027115528269,0.00048047408113445836,0.0004292101101347548,0.0009669792176806441,0.0010489010536899705,0.0011770609811892242,0.0007212137096526648,0.003030605344394118,0.0010147250730235032,0.0007915760227895086,0.0010071862537588405,0.0026948765931411704,0.000415640235458363,0.0009182281864358304,0.0008327882347696595,0.00042167129087009383,0.0005056034786833294,0.00043875928120332836,0.0014268471928250252,0.0016670842333922527,0.0012338534196496779,0.0008850573816713177,0.0008523891648577822,0.0010509114054938814,0.0005588778014869421,0.0011006676126406496,0.0014172980217564534,0.002414935104446722,0.0011061960801014015,0.0007724776806523649,0.002418453220103565,0.0015600329998340535,0.0033949816088527807,0.002777301017101474,0.0020028129846452,0.0004473032763699439,0.00044227739686017106,0.0006428099893001776,0.000499572423271602,0.0011710299257774951,0.001951046425694521,0.0005608881532908512,0.0009916060272785396,0.0017585552404701527,0.0033055209535787916,0.001594711568451498,0.0026395919185336486,0.0004980646594186684,0.000869979743141994,0.0003015527705864801,0.0007192033578487522,0.0012494336461299788,0.0010453829380331278,0.0019701447678316646,0.0003814642547918974,0.0024757482465149958,0.0032175680621577343,0.0009519015791513204,0.0002930087754198611,0.001478111163824727,0.0007116645385840913,0.001099662436738695,0.0005015827750755111,0.0010564398729546332,0.0011976670871793015,0.0006332608182316075,0.0007212137096526648,0.002784839836366137,0.0022752156540749875,0.0025747580728575567,0.0010147250730235032,0.0004558472715365629,0.00043674892939941923,0.0006960843121037903,0.0005684269725555122,0.0008011251938580821,0.0017072912694704508,0.0022928062323591975,0.00020003000448903102,0.0007895656709855994,0.0011026779644445605,0.0019073212739594819,0.0026360738028768076,0.0005990848375651385,0.0014399144795504398,0.0008840522057693614,0.0006377841097904048,0.0010946365572289205,0.0011006676126406496,0.0002744130212336965,0.0024928362368482285,0.0032633035656966843,0.002056087307448811,0.002466199075446424,0.001478111163824727,0.0012609931690024615,0.0003347235753509911,0.001257977641296596,0.0002975320669786584,0.0007267421771134167,0.0012227964847281742,0.0019761758232433955,0.0028094666459640323,0.002054076955644902,0.0019530567774984318,0.0009544145189062068,0.0004060910643897929,0.0016213487298533044,0.0010147250730235032,0.00044830845227189844,0.0007724776806523649,0.0007131723024370248,0.00023822668876331832,0.0009880879116216969,0.0007513689867113121,0.00036236591265475376,0.0017585552404701527,0.0006121521242905548,0.0010755382150917769,0.000823741651652065,0.0007021153675155212,0.00045031880407581104,0.0011147400752680187,0.0008946065527398895,0.0008277623552598867,0.002918025643375165,0.0025637011379360513,0.00179273122113662,0.002519473398250035,--,--,--
127,0.0013067286725414115,0.0004025729487329502,0.0012589828171985507,0.0016670842333922527,0.0020847348206545265,0.0021837446469970875,0.001485649983089388,0.0009594403984159814,0.0011252944222385451,0.000515152649751903,0.000632255642329653,0.00044830845227189844,0.000533245815987092,0.0006257219989669466,0.0006428099893001776,0.0014685619927561552,0.0008468606973970304,0.0009157152466809423,0.0018022803922051918,0.001184599800453887,0.001180579096846067,0.0008488710492009395,0.0013067286725414115,0.0009458705237395913,0.0008946065527398895,0.0013620133471489316,0.00035834520904693204,0.0011881179161107296,0.0012705423400710333,0.0010433725862292187,0.002823036520640424,0.0016766334044608245,0.0014570024698836725,0.0013409046532078788,0.0009348135888180859,0.0009956267308863596,0.0004407696330072375,0.0006960843121037903,0.0007955967263973268,0.0009403420562788378,0.000806653661318834,0.0006448203411040902,0.00349801213880316,0.0016670842333922527,0.0012625009328553934,0.0009363213526710178,0.001081569270503506,0.0009363213526710178,0.0007021153675155212,0.0018997824546948192,0.001035833766964556,0.0034140799509899244,0.0011921386197185479,0.0022792363576828057,0.0026853274220725986,0.003852839232193251,0.002101822810987761,0.001634416016578719,0.0028401245109736586,0.0005493286304183685,0.0005397794593497984,0.00038699272225264925,0.0010468907018860614,0.0009423524080827486,0.0021822368831441556,0.000366386616262572,0.001531385486628338,0.004222743964112666,0.0013006976171296807,0.0005588778014869421,0.0008523891648577822,0.0009880879116216969,0.0005644062689476939,0.00012966769135218728,0.0007171930060448431,0.0009011401961025959,0.00042518940652693654,0.002828564988101176,0.001022263892288166,0.0015715925227065344,0.0008257520034559776,0.0006694471507019857,0.0016927162188921045,0.0004844947847422766,0.0010755382150917769,0.0003794539029879883,0.000623711647163034,0.0020676468303212937,0.001129315125846365,0.0013811116892860752,0.00194350760642986,0.0033170804764512726,0.0025903382993378576,0.0012016877907871197,0.0003050708862433228,0.0009172230105338741,0.0010338234151606469,0.0005835046110848376,0.0007704673288484558,0.0012951691496689288,0.002420463571907474,0.0026853274220725986,0.0018465081318912082,0.0006543695121726603,0.0009212437141416941,0.00214956866633062,0.001804290744009101,0.0007212137096526648,0.0005342509918890466,0.0009574300466120723,0.001388650508550738,0.0012418948268653179,0.0013047183207375006,0.001689700691186239,0.0014801215156286362,0.0016555247105197717,0.0007212137096526648,0.001182589448649976,0.0013368839496000588,0.0008413322299362785,0.0006418048133982231,0.00025732503090046197,0.00033020028379219385,0.000408101416193702,0.0011770609811892242,0.0020028129846452,0.0028019278266993713,0.0014002100314232189,0.0029718025541297533,0.0013620133471489316,0.0014745930481678843,0.0007513689867113121,0.000208071411704671,0.00017540319489113554,0.0007629285095837914,0.0015238466673636753,0.0012836096267964479,0.0002477758598318919,0.00037191508372332385,0.0015680744070496935,0.0028361038073658387,0.0017128197369312027,0.0026320530992689876,0.0015419398335988644,0.0006196909435552157,0.0006639186832412339,0.0009669792176806441,0.0005724476761633339,0.001390660860354647,0.0013238166628746443,0.0014494636506190116,0.003967429285016113,0.0013941789760114898,0.003038646751609756,0.0009212437141416941,0.0010654864560722278,0.0016384367201865372,0.0009604455743179377,0.0012358637714535887,0.00028396219230227004,0.0008428399937892104,0.001647985891255109,0.0014459455349621689,0.000782026851720935,0.0018847048161654955,0.0027104568196214714,0.000798109666152215,0.0007945915504953723,0.0006196909435552157,0.0022470707288202493,0.000574960615918222,0.0013600029953450225,0.0008428399937892104,0.0009212437141416941,0.0011655014583167433,0.002612954757131844,0.0022772260058788966,0.0019148600932241445,0.0011921386197185479,0.0008353011745245477,0.0005895356664965684,0.00029200359951790655,0.0005578726255849875,0.00028396219230227004,0.0008106743649266522,0.0025978771186025203,0.00214956866633062,0.0027104568196214714,0.0014343860120896862,0.0010870977379642578,0.000657887627829503,0.0005056034786833294,0.0003015527705864801,0.0007001050157116086,0.0004824844329383675,0.00034527792232151924,0.0002477758598318919,0.0011252944222385451,0.0005226914690165639,0.0022716975384181447,0.002576768424661466,0.0014037281470800616,0.002000802632841291,0.0007322706445741685,0.001396189327815399,0.0017530267730094008,0.0018178606186854927,0.0010986572608367405,0.000923254065945605,0.0014534843542268298,0.002555659730720413,0.00185605730295978,0.0019379791389691082,0.0014459455349621689,0.002363168545496043,0.001546965713108639,0.0010107043694156832,0.0004196609390661847,0.0004900232522030284,0.0012036981425910306,0.0012434025907182497,0.0010966469090328296,0.0028134873495718523,0.0019359687871651973,0.002513944930789283,0.0020676468303212937,0.0012092266100517824,0.0006865351410352168,0.0007287525289173258,0.0005970744857612294,0.0019796939389002365,0.0013941789760114898,0.0011403720607678688,0.0008810366780634977,0.0018922436354301582,0.0017660940597348136,0.00038347460659580654,0.001278081159335696,0.0005206811172126548,0.0002985372428806164,0.0006101417724866422,0.0017701147633426336,0.0008353011745245477,0.0007036231313684513,0.0021455479627228,0.003276873440373076,0.0005493286304183685,0.0026551721450139513,0.0010946365572289205,0.001428354956677957,0.0018997824546948192,0.0010262845958959842,0.0019319480835573773,0.000506608654585284,0.0008428399937892104,0.0017012602140587217,0.0010453829380331278,0.00024023704056722744,0.003994066446417919,0.0023229615094178466,0.003345727989656988,0.0010604605765624532,0.00215358936993844,0.00012564698774436556,0.001327334778531487,0.0007533793385152213,0.0001733928430872264,0.0008946065527398895,0.003030605344394118,0.0021093616302524237,0.0006925661964469476,0.0012720501039239652,0.0026627109642786122,0.0011484134679835088,0.003030605344394118,0.0026757782510040268,0.0008714875069949259,0.0007116645385840913,0.0005473182786144594,0.0006503488085648421,0.0007036231313684513,0.0014554947060307407,0.003089910722609458,0.002010351803909863,0.0023501012587706285,0.0004844947847422766,0.0005990848375651385,0.0013981996796193098,0.0007056334831723604,0.000673467854309804,0.00042167129087009383,0.0010720200994349342,0.001186610152257796,0.0008413322299362785,0.000873497858798835,0.0020314604978509156,0.004371509997601995,0.0031527342164816407,0.0014037281470800616,0.0018158502668815836,0.0002548120911455738,0.0010393518826213987,0.0017640837079309045,0.0026531617932100404,0.0005814942592809284,0.00179675192474444,0.002466199075446424,0.0017701147633426336,0.000774488032456274,0.0015278673709714953,0.0016535143587158626,0.0009267721816024459,0.0011484134679835088,0.001640447071990448,0.001278081159335696,0.0018656064740283518,0.0026968869449450796,0.001636426368382628,0.0024852974175835676,0.0013197959592668243,0.0024852974175835676,0.0010468907018860614,0.0017128197369312027,0.0013303503062373524,0.0005684269725555122,0.0005970744857612294,0.0004025729487329502,0.0020239216785862546,0.0010549321091016996,0.002470219779054244,0.0011061960801014015,0.0019113419775673018,0.0016057685033730035,0.0006885454928391294,0.0004980646594186684,0.0009669792176806441,0.001386640156746827,0.00028898807181204286,0.0008277623552598867,0.001184599800453887,0.0006885454928391294,0.001281599274992537,0.0014228264892172052,0.002569229605396805,0.0030954391900702097,0.0009267721816024459,0.0023918160587017585,0.000524701820820473,0.0008639486877302632,0.0005910434303494985,0.0009976370826902687,0.0010011551983471114,0.0012227964847281742,0.0005262095846734066,0.0008332908227206386,0.002111371982056333,0.002874300491640126,0.002725534458150795,0.0038870152128597183,0.001074030451238845,0.00035181156568422564,0.00031562523321384747,0.0005206811172126548,0.001024274244092075,0.0006769859699666467,0.0014152876699525425,0.00040056259692904106,0.0003397494548607674,0.00234608055516281,0.0009916060272785396,0.0007398094638388295,0.00043473857759550663,0.0010031655501510223,0.0004749456136737065,0.00048047408113445836,0.0009172230105338741,0.001028294947699895,0.0011921386197185479,0.0007021153675155212,0.002939134337316218,0.0009880879116216969,0.0007840372035248476,0.000964968865876735,0.0026531617932100404,0.0003814642547918974,0.0009755232128472614,0.0007684569770445467,0.0004613757389973147,0.0004940439558108502,0.00042167129087009383,0.0013539719399332916,0.0016610531779805236,0.0012569724653946415,0.0008428399937892104,0.0008182131841913132,0.0010031655501510223,0.0005533493340261902,0.0010187457766313232,0.0013791013374821661,0.002280241533584762,0.0010262845958959842,0.0007589078059759731,0.0022279723866831056,0.0015122871444911944,0.0031984697200205907,0.0026586902606707923,0.001886212580018429,0.0004196609390661847,0.0004900232522030284,0.0006714575025058948,0.0004709249100658848,0.0011519315836403515,0.0018826944643615864,0.0005644062689476939,0.0009916060272785396,0.0016308979009218762,0.0031411746936091597,0.001546965713108639,0.0024797689501228157,0.0005302302882812249,0.0009061660756123704,0.00031864076091971463,0.0007171930060448431,0.001180579096846067,0.0010187457766313232,0.0019073212739594819,0.000415640235458363,0.002399354877966421,0.0031049883611387816,0.0008810366780634977,0.0002774285489395602,0.0014002100314232189,0.000707643834976273,0.0010318130633567377,0.0004844947847422766,0.0010107043694156832,0.0011881179161107296,0.0006714575025058948,0.0006925661964469476,0.0026511514414061313,0.002248578492673181,0.0023918160587017585,0.0009765283887492159,0.0004729352618697939,0.00043674892939941923,0.0006830170253783775,0.0005608881532908512,0.0007629285095837914,0.0016233590816572135,0.0023289925648295757,0.00020204035629294015,0.0007629285095837914,0.0010584502247585423,0.001987232758164899,0.0025501312632596612,0.0006121521242905548,0.0013635211110018652,0.0008669642154361286,0.0006005926014180721,0.0010564398729546332,0.0010489010536899705,0.0002477758598318919,0.0024375515622407085,0.003139666929756228,0.002010351803909863,0.0023385417358981475,0.0013921686242075806,0.0012609931690024615,0.000341257218713701,0.0012805940990905824,0.0002899932477139974,0.000715182654240934,0.0011730402775814042,0.0018786737607537664,0.0027446328002879404,0.002054076955644902,0.0019053109221555727,0.0009363213526710178,0.00040056259692904106,0.0015449553613047298,0.0009900982634256077,0.0004613757389973147,0.0007398094638388295,0.0007131723024370248,0.0002367189249103882,0.0009860775598177877,0.0008011251938580821,0.0003432675705176101,0.0016630635297844344,0.0005930537821534111,0.0010835796223074168,0.0007724776806523649,0.0006523591603687512,0.00045986797514438113,0.0010433725862292187,0.0008543995166616913,0.0008182131841913132,0.0028838496627086978,0.0024491110851131894,0.0017128197369312027,0.0024053859333781503,--,--,--
128,0.0012227964847281742,0.0003814642547918974,0.0011785687450421578,0.0015962193323044317,0.002008341452105952,0.0021189108013209956,0.0014112669663447243,0.0009172230105338741,0.001074030451238845,0.0005091215943401721,0.0006171780038003276,0.00042518940652693654,0.0005885304905946138,0.0006141624760944639,0.0006257219989669466,0.0013791013374821661,0.0008011251938580821,0.000980549092357036,0.0018309279054109073,0.0011443927643756888,0.0011061960801014015,0.0008604305720734222,0.0012418948268653179,0.0008830470298674068,0.0008393218781323694,0.0012836096267964479,0.0003699047319194147,0.0011579626390520806,0.0012227964847281742,0.0010147250730235032,0.0026988972967489904,0.0015982296841083408,0.0014343860120896862,0.0012494336461299788,0.0009041557238084613,0.0009403420562788378,0.00043373340169355207,0.0007036231313684513,0.0007991148420541695,0.0009267721816024459,0.000764938861387704,0.0006372815218394258,0.0033949816088527807,0.0016766334044608245,0.0012227964847281742,0.0009498912273474096,0.0010393518826213987,0.0009212437141416941,0.0006845247892313076,0.0017605655922740618,0.0009900982634256077,0.003240687107902698,0.001180579096846067,0.00219932487347739,0.002555659730720413,0.003692513675831439,0.0021284599723895674,0.0015851623973829262,0.0026627109642786122,0.0005367639316439347,0.0005302302882812249,0.00042167129087009383,0.001020253540484255,0.0009116945430731223,0.0020983046953309183,0.00035683744519400193,0.0015012302095696907,0.004116195318505444,0.0012529517617868215,0.0005779761436240857,0.0008755082106027458,0.0010107043694156832,0.0005910434303494985,0.00013519615881293912,0.0007096541867801821,0.0008679693913380832,0.00042518940652693654,0.0027044257642097422,0.0009956267308863596,0.0014665516409522444,0.0008031355456619912,0.000657887627829503,0.0016334108406767626,0.00048047408113445836,0.001065989044023205,0.000408101416193702,0.0005835046110848376,0.001991253461772719,0.0011061960801014015,0.001430365308481868,0.00179675192474444,0.003236666404294878,0.0024873077693874767,0.0011499212318364423,0.0003111019416550502,0.0009423524080827486,0.0010091966055627514,0.0005759657918201766,0.0007669492131916131,0.0012132473136596024,0.002269687186614234,0.002559680434328233,0.0018615857704205319,0.0006714575025058948,0.0008755082106027458,0.002050558839988059,0.0017625759440779726,0.0007724776806523649,0.0005342509918890466,0.0008508814010048486,0.001338894301403968,0.001175050629385315,0.0012836096267964479,0.0016213487298533044,0.0014630335252954017,0.0016439651876472908,0.0007247318253095041,0.0011041857282974923,0.0013258270146785552,0.000806653661318834,0.0006397944615943139,0.00025179656343971013,0.00032416922838046647,0.0004025729487329502,0.0011006676126406496,0.0019837146425080564,0.0026838196582196668,0.0013504538242764506,0.0028019278266993713,0.001327334778531487,0.0014745930481678843,0.0007574000421230395,0.00022867751769474823,0.0001914860093224155,0.0006925661964469476,0.0014077488506878816,0.0011519315836403515,0.00025581726704753185,0.0003357287512529457,0.0014630335252954017,0.002759710438817264,0.001697742098401879,0.002620493576396505,0.0014906758625991626,0.0006217012953591249,0.0006598979796334122,0.0009096841912692132,0.0005453079268105503,0.0014057384988839707,0.0012358637714535887,0.0014228264892172052,0.0037613682251153528,0.001342915005011788,0.003011507002256974,0.0008604305720734222,0.0010881029138662124,0.0015776235781182653,0.001020253540484255,0.0012112369618556915,0.0002899932477139974,0.0008353011745245477,0.0016439651876472908,0.0014002100314232189,0.0007322706445741685,0.0018349486090187273,0.002620493576396505,0.0007589078059759731,0.0007764983842601832,0.0005875253146926593,0.0022199309794674656,0.0005875253146926593,0.0012795889231886279,0.0008222338877991349,0.0009709999212884641,0.0010850873861603487,0.0025541519668674795,0.002204853340938142,0.0018063010958130118,0.0011976670871793015,0.0008086640131227431,0.0005644062689476939,0.00031361488140993835,0.0005312354641831829,0.00028044407664542734,0.0008141924805834949,0.0025481209114557504,0.00204452778457633,0.002571239957200714,0.0014112669663447243,0.0009996474344941796,0.000673467854309804,0.000499572423271602,0.00029200359951790655,0.0007297577048192803,0.0004854999606442312,0.00033020028379219385,0.0002211386984300838,0.0010946365572289205,0.0005262095846734066,0.002262148367349573,0.002410914400838902,0.0013826194531390088,0.001886212580018429,0.0007458405192505603,0.001327334778531487,0.0016801515201176672,0.0016917110429901499,0.0010378441187684669,0.0008905858491320695,0.0014228264892172052,0.0024320230947799566,0.0018158502668815836,0.0019414972546259492,0.0013524641760803598,0.0022907958805552884,0.0015067586770304425,0.0009900982634256077,0.00041011176799761115,0.0005091215943401721,0.001129315125846365,0.0011941489715224587,0.0010679993958271142,0.002666229079935455,0.0018786737607537664,0.002408904049034993,0.0019796939389002365,0.0012016877907871197,0.0006639186832412339,0.0006674367988980731,0.0005608881532908512,0.0018902332836262473,0.0013811116892860752,0.0010795589186995969,0.0008543995166616913,0.001808311447616921,0.001739456898333009,0.0003759357873311456,0.0011941489715224587,0.0005206811172126548,0.0003025579464884347,0.000590540842398523,0.001739456898333009,0.0007935863745934177,0.0007116645385840913,0.0020410096689194874,0.0031547445682855516,0.0005186707654087457,0.002535053624730336,0.001065989044023205,0.0014268471928250252,0.0018656064740283518,0.0009383317044749286,0.0017902182813817318,0.0005302302882812249,0.0008021303697600367,0.0017183482043919545,0.0010986572608367405,0.0002367189249103882,0.00374980870224287,0.002204853340938142,0.003297982134314129,0.001022263892288166,0.002058097659252722,0.00012011852028361372,0.0013102467881982525,0.0007171930060448431,0.00017741354669504467,0.0008925962009359786,0.0028933988337772696,0.002006331100302043,0.0007096541867801821,0.001281599274992537,0.0025938564149947003,0.0010755382150917769,0.0028592228531108023,0.002603405586063272,0.000919233362337785,0.0007001050157116086,0.0005282199364773157,0.0006066236568298029,0.000665426447094164,0.0014610231734914925,0.0030612632094037424,0.0019761758232433955,0.0023269822130256666,0.0005015827750755111,0.0006292401146237858,0.0014077488506878816,0.0007056334831723604,0.0007036231313684513,0.0004312204619386674,0.0011197659547777933,0.0011484134679835088,0.0008202235359952258,0.0008508814010048486,0.0019892431099688083,0.0040815167498879975,0.0029582326794533632,0.0013635211110018652,0.0016992498622548109,0.0002643612622141474,0.0009745180369453068,0.0017681044115387245,0.002559680434328233,0.0005513389822222811,0.001634416016578719,0.0023877953550939385,0.0017585552404701527,0.0007438301674466477,0.0013811116892860752,0.0015715925227065344,0.0008981246683967305,0.001081569270503506,0.0014725826963639735,0.001285619978600357,0.0017892131054797773,0.0024908258850443194,0.0016439651876472908,0.0024797689501228157,0.0013047183207375006,0.002351609022623562,0.0010107043694156832,0.0017168404405390227,0.0013197959592668243,0.0005473182786144594,0.0006387892856923594,0.0004060910643897929,0.0018766634089498573,0.0010031655501510223,0.0024053859333781503,0.0010453829380331278,0.0018882229318223382,0.0015067586770304425,0.000665426447094164,0.0004674067944090421,0.0009539119309552296,0.0013750806338743461,0.00030054759468452555,0.0007955967263973268,0.0011137348993660642,0.000665426447094164,0.0012418948268653179,0.001388650508550738,0.0024797689501228157,0.0030099992384040406,0.0008755082106027458,0.0022355112059477666,0.0005463131027125048,0.0009252644177495141,0.0005875253146926593,0.0009634611020238014,0.0009634611020238014,0.0012016877907871197,0.0004940439558108502,0.0008297727070637959,0.001959087832910161,0.002780819132758317,0.002555659730720413,0.0036774360373021155,0.0010795589186995969,0.0003774435511840757,0.0003030605344394137,0.000507111242536263,0.0009880879116216969,0.000707643834976273,0.001386640156746827,0.00042167129087009383,0.0003126097055079838,0.0022792363576828057,0.0009478808755435005,0.0007574000421230395,0.000457857623340472,0.0009820568562099678,0.0004694171462129547,0.0005282199364773157,0.0008679693913380832,0.0010011551983471114,0.0012016877907871197,0.0006789963217705558,0.002826554636297267,0.0009725076851413959,0.0007860475553287567,0.0009363213526710178,0.0025843072439261285,0.0003508063897822711,0.0010318130633567377,0.0007106593626821367,0.0005015827750755111,0.00047695596547761565,0.0004060910643897929,0.0012685319882671225,0.001652006594862929,0.001278081159335696,0.0008031355456619912,0.0007935863745934177,0.0009574300466120723,0.0005453079268105503,0.0009363213526710178,0.001338894301403968,0.002145045374771823,0.0009554196948081631,0.0007227214735055949,0.002060108011056631,0.0014665516409522444,0.0030537243901390815,0.0025446027957989076,0.0017776535826072963,0.00040508588848783833,0.0005513389822222811,0.0006925661964469476,0.0004407696330072375,0.001138864296914937,0.0018213787343423354,0.0005704373243594248,0.0009840672080138786,0.0014916810385011189,0.0029964293637276505,0.0015107793806382625,0.0023345210322903275,0.0005704373243594248,0.0009363213526710178,0.00034728827412542837,0.0007056334831723604,0.001134843593307117,0.0009820568562099678,0.001844497780087299,0.0004407696330072375,0.002319443393761004,0.003034626048001938,0.000816202832387404,0.00028044407664542734,0.0013333658339432161,0.000707643834976273,0.0009659740417786895,0.0004674067944090421,0.0009539119309552296,0.0011881179161107296,0.0007131723024370248,0.000657887627829503,0.002511934578985372,0.0022335008541438574,0.0022335008541438574,0.0009403420562788378,0.0004960543076147593,0.0004442877486640802,0.0006694471507019857,0.0005644062689476939,0.0007438301674466477,0.0015504838287654817,0.0023365313840942384,0.00020957917555760458,0.0007287525289173258,0.0010167354248274123,0.0020887555242623465,0.002473737894711085,0.0006312504664276984,0.0012971795014728397,0.0008554046925636459,0.0005739554400162675,0.0010318130633567377,0.0010051759019549314,0.0002211386984300838,0.0023480909069667193,0.003038646751609756,0.0019530567774984318,0.0022335008541438574,0.0013293451303353961,0.0012514439979338897,0.00034829345002738293,0.0013006976171296807,0.00028396219230227004,0.0007131723024370248,0.001127304774042456,0.0017756432308033854,0.0026757782510040268,0.0020369889653116674,0.0018691245896851946,0.000923254065945605,0.00040056259692904106,0.0014725826963639735,0.0009699947453865095,0.00047695596547761565,0.0007096541867801821,0.0007287525289173258,0.00023269822130256648,0.000978538740553125,0.0008086640131227431,0.00033371839944903656,0.0015776235781182653,0.0005759657918201766,0.0010891080897681687,0.0007307628807212349,0.0006086340086337121,0.00048047408113445836,0.0009795439164550813,0.0008031355456619912,0.000816202832387404,0.0028381141591697478,0.002303863167280703,0.0016248668455101471,0.002305873519084612,--,--,--
129,0.0011730402775814042,0.0003774435511840757,0.0011328332415032078,0.001531385486628338,0.001957077481106252,0.00204452778457633,0.0013449253568156988,0.0008981246683967305,0.0010338234151606469,0.0005131422979479938,0.0006206961194571703,0.00042719975833084567,0.0006553746880746149,0.0006141624760944639,0.000623711647163034,0.001285619978600357,0.0007513689867113121,0.0010850873861603487,0.0018349486090187273,0.0011006676126406496,0.0010529217572977905,0.0008981246683967305,0.0011956567353753906,0.0008543995166616913,0.0008106743649266522,0.001216765429316445,0.00038699272225264925,0.001130822889699297,0.0011710299257774951,0.0009976370826902687,0.0026380841546807168,0.0015736028745104453,0.0013941789760114898,0.001182589448649976,0.000877518562406655,0.000919233362337785,0.00042719975833084567,0.0007066386590743184,0.0007935863745934177,0.000919233362337785,0.0007342809963780776,0.0006372815218394258,0.0033266296475198444,0.0016957317465979699,0.0012112369618556915,0.0009594403984159814,0.0009996474344941796,0.000919233362337785,0.000673467854309804,0.001652006594862929,0.0009594403984159814,0.0031090090647466016,0.001169019573973586,0.0021440401988698683,0.0024873077693874767,0.003639239353027828,0.002117403037468062,0.0015851623973829262,0.002468209427250333,0.0005292251123792703,0.0005342509918890466,0.0004674067944090421,0.0009976370826902687,0.0008679693913380832,0.0020410096689194874,0.00034728827412542837,0.0015163078480990144,0.004020703607819724,0.0012112369618556915,0.0006086340086337121,0.0009061660756123704,0.001074030451238845,0.000657887627829503,0.0001432375660285791,0.0007036231313684513,0.0007971044902502604,0.00043674892939941923,0.0025938564149947003,0.0009916060272785396,0.0013655314628057743,0.0007860475553287567,0.0006639186832412339,0.0015801365178731517,0.0004844947847422766,0.0010679993958271142,0.00045182656792874115,0.0005608881532908512,0.0019148600932241445,0.0010911184415720778,0.0013981996796193098,0.0017339284308722572,0.003181381729687358,0.002410914400838902,0.0011061960801014015,0.00031663040911580204,0.0009745180369453068,0.0009956267308863596,0.0006005926014180721,0.0007800164999170259,0.0011464031161795996,0.002159117837399192,0.0024450903815053694,0.0018847048161654955,0.0006845247892313076,0.0008543995166616913,0.0019741654714394846,0.0016786437562647354,0.0008413322299362785,0.0005397794593497984,0.0007915760227895086,0.0012760708075317852,0.0011006676126406496,0.0012665216364632133,0.001590690864843678,0.0014268471928250252,0.0016097892069808217,0.0007267421771134167,0.0010549321091016996,0.0012971795014728397,0.0007840372035248476,0.0006362763459374712,0.00024878103573384644,0.00032416922838046647,0.00039855224512513193,0.0010529217572977905,0.0019414972546259492,0.0025843072439261285,0.0013197959592668243,0.0026797989546118468,0.0012836096267964479,0.0014951991541579598,0.0007960993143483058,0.00025179656343971013,0.0002211386984300838,0.0006448203411040902,0.0013464331206686306,0.0010453829380331278,0.0002764233730376056,0.0003377391030568583,0.0014132773181486334,0.0026853274220725986,0.0016746230526569154,0.0025863175957300377,0.0014494636506190116,0.0006407996374962685,0.0006789963217705558,0.0008488710492009395,0.0005282199364773157,0.0014193083735603625,0.0011614807547089233,0.0013655314628057743,0.0035668666880870736,0.0013162778436099833,0.0029145075277183224,0.0008086640131227431,0.0011378591210129824,0.0015660640552457826,0.0011031805523955378,0.0011881179161107296,0.00029552171517474926,0.0008523891648577822,0.0016288875491179654,0.0013695521664135943,0.0007021153675155212,0.00183846672467557,0.0025446027957989076,0.0007312654686722139,0.0007754932083582286,0.0005644062689476939,0.0022219413312713748,0.0006111469483885967,0.0012052059064439624,0.000806653661318834,0.0010262845958959842,0.0010393518826213987,0.0025501312632596612,0.0021284599723895674,0.001689700691186239,0.0012549621135907324,0.0008011251938580821,0.0005473182786144594,0.00034226239461565555,0.0005166604136048365,0.0002764233730376056,0.000816202832387404,0.0024873077693874767,0.00194752831003768,0.002452629200770032,0.001386640156746827,0.0009443627598866577,0.0007227214735055949,0.000499572423271602,0.00028597254410617917,0.000749358634907403,0.0004950491317128047,0.00032065111272362376,0.00020606105990076187,0.001035833766964556,0.0005493286304183685,0.0022676768348103248,0.0023023554034277693,0.0013770909856782552,0.001808311447616921,0.0007362913481819867,0.001278081159335696,0.0015866701612358598,0.001592701216647589,0.000980549092357036,0.000873497858798835,0.0014228264892172052,0.002309894222692432,0.0017449853657937608,0.001959087832910161,0.0012569724653946415,0.0021284599723895674,0.0015067586770304425,0.0009880879116216969,0.00041212211980152375,0.0005282199364773157,0.0010584502247585423,0.0011594704029050142,0.0010679993958271142,0.0025310329211225176,0.0018480158957441418,0.00230034505162386,0.0018766634089498573,0.0012474232943260697,0.0006674367988980731,0.0006372815218394258,0.0005377691075458893,0.0018274097897540646,0.0013539719399332916,0.0010720200994349342,0.0008126847167305613,0.001743477601940829,0.001743477601940829,0.00038699272225264925,0.001129315125846365,0.0005417898111537076,0.0003116045296060292,0.0005759657918201766,0.0016766334044608245,0.0007704673288484558,0.0006885454928391294,0.0019761758232433955,0.003025076876933366,0.0004694171462129547,0.0024259920393682258,0.0010679993958271142,0.001436396363893597,0.0018369589608226364,0.0008755082106027458,0.0016786437562647354,0.000566416620751603,0.0007754932083582286,0.0017108093851272935,0.0011519315836403515,0.00022867751769474823,0.0035628459844792536,0.0021249418567327247,0.0032557647464320216,0.0009916060272785396,0.0019837146425080564,0.00012413922389143545,0.0012625009328553934,0.0006980946639076994,0.0001849523659597091,0.0008885754973281586,0.002771269961689745,0.0019244092642927164,0.0007001050157116086,0.0012911484460611088,0.002525504453661764,0.001028294947699895,0.002731565513562526,0.002418453220103565,0.0009765283887492159,0.0006980946639076994,0.0005342509918890466,0.0005739554400162675,0.0006217012953591249,0.0015067586770304425,0.0030517140383351706,0.001959087832910161,0.0022963243480160402,0.0005226914690165639,0.0006523591603687512,0.0014761008120208162,0.0007171930060448431,0.0007362913481819867,0.0004538369197326503,0.0011730402775814042,0.0011328332415032078,0.0008126847167305613,0.0008604305720734222,0.001951046425694521,0.003921693781477165,0.002784839836366137,0.0013600029953450225,0.0016173280262454844,0.0002744130212336965,0.0009267721816024459,0.0017490060694015808,0.0024415722658485284,0.0005377691075458893,0.0015203285517068343,0.00234608055516281,0.0017796639344112054,0.0006980946639076994,0.0012795889231886279,0.0015122871444911944,0.0008885754973281586,0.0010509114054938814,0.0013559822917372025,0.0013082364363943434,0.0017148300887351135,0.0023385417358981475,0.0016424574237943572,0.0025023854079168004,0.0013122571400021633,0.0022259620348791948,0.0009956267308863596,0.001693721394794059,0.0013368839496000588,0.0005397794593497984,0.0006558772760255939,0.00041011176799761115,0.0017640837079309045,0.0009745180369453068,0.002367189249103863,0.0009900982634256077,0.0018731452932930145,0.0014268471928250252,0.0006543695121726603,0.000457857623340472,0.0009539119309552296,0.0013811116892860752,0.00031562523321384747,0.0007800164999170259,0.0010564398729546332,0.0006428099893001776,0.0012092266100517824,0.0013675418146096834,0.002418453220103565,0.0028954091855811787,0.0008373115263284568,0.0021304703241934765,0.000582499435182883,0.0010071862537588405,0.0005855149628887467,0.0009212437141416941,0.0009403420562788378,0.0011996774389832106,0.00046539644260513297,0.000806653661318834,0.0018465081318912082,0.0026893481256804186,0.0024320230947799566,0.003545757994146019,0.0010931287933759887,0.0004025729487329502,0.0002930087754198611,0.0005035931268794203,0.0009745180369453068,0.0007478508710544694,0.001384629804942918,0.00045182656792874115,0.0003050708862433228,0.002212392160202803,0.0009307928852102659,0.0007840372035248476,0.000507111242536263,0.0009820568562099678,0.00048650513654618574,0.000556867449683033,0.0008297727070637959,0.0009458705237395913,0.001239884475061407,0.000665426447094164,0.0027426224484840295,0.0009689895694845532,0.0007955967263973268,0.0009212437141416941,0.0025405820921910894,0.0003377391030568583,0.0011318280656012532,0.0006664316229961186,0.0005588778014869421,0.0004729352618697939,0.000408101416193702,0.0011996774389832106,0.0016308979009218762,0.0012876303304042679,0.0008011251938580821,0.000774488032456274,0.0009328032370141768,0.0005438001629576167,0.0008870677334752268,0.0012986872653257715,0.002040004493017533,0.000919233362337785,0.0006483384567609295,0.001959087832910161,0.0014419248313543489,0.0029411446891201287,0.0024450903815053694,0.0017148300887351135,0.00040508588848783833,0.000657887627829503,0.0007192033578487522,0.00042518940652693654,0.0011082064319053123,0.0017796639344112054,0.0005814942592809284,0.0010071862537588405,0.0013921686242075806,0.002881839310904787,0.0014630335252954017,0.0022259620348791948,0.0006312504664276984,0.0010167354248274123,0.00039855224512513193,0.0006925661964469476,0.001129315125846365,0.0009498912273474096,0.0017816742862151163,0.000457857623340472,0.0022470707288202493,0.003021056173325546,0.0007704673288484558,0.00031361488140993835,0.0013162778436099833,0.0007116645385840913,0.0009182281864358304,0.0004694171462129547,0.0008925962009359786,0.0012072162582478733,0.0007553896903191304,0.0006277323507708557,0.0023938264105056693,0.0021741954759285156,0.002111371982056333,0.0009116945430731223,0.0005302302882812249,0.00047695596547761565,0.000673467854309804,0.0005855149628887467,0.0007458405192505603,0.001493691390305028,0.0022887855287513775,0.00022515940203790552,0.0007533793385152213,0.0009936163790824504,0.0021782161795363356,0.0023782461840253667,0.0006674367988980731,0.0012454129425221606,0.0008594253961714659,0.0005704373243594248,0.0010298027115528269,0.0009498912273474096,0.0001985222406361009,0.00230034505162386,0.0030099992384040406,0.0019148600932241445,0.0021666566566638547,0.001274060455727876,0.0011996774389832106,0.00035834520904693204,0.0013293451303353961,0.00028597254410617917,0.0007478508710544694,0.0010931287933759887,0.0016670842333922527,0.0025918460631907895,0.0020349786135077583,0.001850026247548051,0.0009061660756123704,0.00041011176799761115,0.0014057384988839707,0.0009639636899747787,0.0004940439558108502,0.0007021153675155212,0.0007780061481131167,0.00021762058277324456,0.0010071862537588405,0.0007418198156427386,0.00032065111272362376,0.0015163078480990144,0.0005759657918201766,0.0011102167837092215,0.0006940739602998812,0.0005910434303494985,0.0005166604136048365,0.0009353161767690632,0.0007669492131916131,0.0008202235359952258,0.0027999174748954605,0.0021932938180656593,0.0015524941805693908,0.002258127663741753,--,--,--
130,0.0032024904236284107,0.0016424574237943572,0.0060446252864059784,0.00340101266426451,0.0032617958018437507,0.004789160584864269,0.005111822049391802,0.0028878703663165178,0.0023405520877020566,0.0002708949055768538,0.0017917260452346654,0.0011710299257774951,0.001349448648374496,0.0007629285095837914,0.002147558314526711,0.004453431833611323,0.002509924227181463,0.0026094366414750013,0.0035839546784203064,0.0013484434724725398,0.0031984697200205907,0.0010835796223074168,0.004426794672209517,0.0015695821709026253,0.0028039381785032805,0.003929232600741826,0.0008428399937892104,0.0030039681829923115,0.0026853274220725986,0.002876310843444035,0.005414882583831214,0.003921693781477165,0.0029984397155315597,0.0052721476057536135,0.0014951991541579598,0.005285214892479028,0.0019656214762728674,0.00023269822130256648,0.0012378741232574979,0.003227117233226306,0.0017072912694704508,0.0015866701612358598,0.005020351042313903,0.003143185045413069,0.0039232015453300965,0.0009860775598177877,0.0028667616723754633,0.0018575650668127136,0.0007362913481819867,0.00824344757193239,0.0018635961222244427,0.004957024960490743,0.003133635874344497,0.0028496736820422305,0.006925661964469474,0.006355224640110051,0.0032080188910891625,0.003847310764732499,0.006620591078226153,0.0018052959199110572,0.0011901282679146388,8.946065527399086e-05,0.0017530267730094008,0.0017223689079997745,0.003385432437784209,0.0006543695121726603,0.0043468831880040994,0.00975020624896283,0.0024928362368482285,0.0006598979796334122,0.0014630335252954017,0.0023918160587017585,0.0014419248313543489,0.00022515940203790552,0.0020178906231745238,0.001345427944766676,0.0005895356664965684,0.006683414572098336,0.00474543543312923,0.004527814850355987,0.0025064061115246204,0.0020028129846452,0.003921693781477165,0.0009840672080138786,0.0029049583566497506,0.0011082064319053123,0.0020028129846452,0.0033703547992548835,0.002576768424661466,0.0032215887657655543,0.0035764158591556454,0.0072764683542517455,0.008014770054237643,0.0020274397942430956,0.0006905558446430385,0.0029084764723065933,0.00210785386639949,0.0008905858491320695,0.00185605730295978,0.004621296209237796,0.004834896088403219,0.007160370537575952,0.0030632735612076533,0.0029944190119237397,0.002376738420172435,0.0045966693996399004,0.005535001104114827,0.0007192033578487522,0.001590690864843678,0.0046444152549827596,0.0023501012587706285,0.0038317305382521982,0.0030059785347962224,0.002616975460739664,0.004280038990524097,0.005672207614731676,0.0024812767139757476,0.005470167258438735,0.0025863175957300377,0.0019681344160277555,0.0007056334831723604,0.0008755082106027458,0.0009634611020238014,0.00025179656343971013,0.004169469641309055,0.0034789137966660163,0.004562493418973433,0.003929232600741826,0.005560130501663702,0.0019414972546259492,0.0038930462682714474,0.0011996774389832106,0.00023722151286136375,0.00011710299257775003,0.00335125645711774,0.004234303486985147,0.004007133733143334,0.0006789963217705558,0.00160426073952007,0.004737896613864567,0.005418903287439034,0.002761720790621173,0.0059908483756513885,0.0046976895777863705,0.0011594704029050142,0.0015344010143342034,0.002418453220103565,0.0016555247105197717,0.0014017177952761525,0.0034296601774702253,0.0018575650668127136,0.006294411498041778,0.004179018812377627,0.00729355634458498,0.002525504453661764,0.003411064423284059,0.004726337090992086,0.001055937285003656,0.0013941789760114898,0.0009860775598177877,0.001634416016578719,0.0024968569404560485,0.0012549621135907324,0.0015600329998340535,0.005279686425018276,0.0048600254859520915,0.0016992498622548109,0.001384629804942918,0.0016384367201865372,0.00354374764234211,0.0006749756181627375,0.0030652839130115624,0.00160024003591225,0.0015680744070496935,0.001065989044023205,0.005292753711743689,0.006023516592464924,0.007562440898357925,0.0016746230526569154,0.0019053109221555727,0.0016831670478235326,0.00023822668876331832,0.0010383467067194441,0.0011976670871793015,0.002965771498718024,0.0034482559316563917,0.008396234309029539,0.005901387720377401,0.001542945009500819,0.0023501012587706285,0.000978538740553125,0.0015851623973829262,0.0002668742019690355,0.0002764233730376056,0.0007860475553287567,0.0015504838287654817,0.0009689895694845532,0.005653611860545509,0.0022199309794674656,0.004167459289505144,0.009809511627178172,0.0027370939810232777,0.00654620806148149,0.001342915005011788,0.005073625365117514,0.0035191208327442144,0.00679398392131338,0.003936771420006488,0.002889880718120427,0.00234608055516281,0.0032215887657655543,0.004853994430540362,0.002771269961689745,0.0034638361581366926,0.005935563701043868,0.005687787841211978,0.004064428759554765,0.0009172230105338741,0.000408101416193702,0.002305873519084612,0.0033266296475198444,0.004413727385484102,0.0027677518460329023,0.00460069010324772,0.003850828880389342,0.005237469037136169,0.0032994898981670608,0.0017278973754605263,0.003605063372361361,0.0022907958805552884,0.003953859410339721,0.0016726127008530062,0.004104635795632961,0.0022847648251435593,0.0040322631306922065,0.002807456294160123,0.0012665216364632133,0.003494494023146319,8.795289142105728e-05,0.0016077788551769126,0.0009363213526710178,0.006408498962913662,0.0028019278266993713,0.0007780061481131167,0.004840927143814948,0.0070608581232824135,0.002975320669786596,0.009138054124672279,0.002876310843444035,0.002006331100302043,0.003187412785099087,0.003236666404294878,0.00704578048475309,0.0008820418539654522,0.0018103217994208318,0.003597021965145721,0.0011197659547777933,0.0005799864954279949,0.00775141396792545,0.007362410893868892,0.00600441825032778,0.0025446027957989076,0.006175800741611096,0.0006292401146237858,0.0034065411317252617,0.002204853340938142,0.00016585402382256545,0.0020158802713706146,0.0055792288438008455,0.006223546596953957,0.0014268471928250252,0.0034216187702545853,0.0061948990837482395,0.0018656064740283518,0.006563296051814722,0.0040056259692904,0.001074030451238845,0.0014745930481678843,0.0020636261267134737,0.001232345655796746,0.0015489760649125498,0.003179371377883447,0.0058842997300441666,0.0032919510789024,0.0045433950768362895,0.00023822668876331832,0.0015756132263143544,0.0018158502668815836,0.001693721394794059,0.0003508063897822711,0.0007935863745934177,0.0011519315836403515,0.003021056173325546,0.00234608055516281,0.0021324806759973874,0.007358390190261074,0.012580781588867917,0.004688140406717799,0.002880331547051855,0.00615519463562102,0.0003844797824977611,0.00489621181842247,0.0026551721450139513,0.0021802265313402465,0.0016173280262454844,0.006246665642698919,0.005702865479741302,0.00395034129468288,0.002819015817032604,0.005085184887989997,0.004718798271727423,0.0028456529784344105,0.0033015002499709716,0.006685424923902247,0.004680601587453136,0.0030632735612076533,0.008079603899913737,0.004966574131559315,0.005750611335084161,0.0025978771186025203,0.004863543601608934,0.0034673542737935353,0.004726337090992086,0.002173190300026561,0.0011710299257774951,0.0009328032370141768,0.0017108093851272935,0.006153184283817111,0.00214956866633062,0.006007936365984623,0.002723524106346886,0.005514394998124752,0.005222391398606845,0.0020711649459781364,0.0021917860542127274,0.0020616157749095646,0.0042398319544459,0.00020706623580271644,0.0033055209535787916,0.0019359687871651973,0.0019761758232433955,0.003908123906800773,0.0060290450599256775,0.004619788445384864,0.006671855049225855,0.001437904127746529,0.006116997951346733,0.0009840672080138786,0.0011710299257774951,0.0013620133471489316,0.0029602430312572724,0.00182640461385211,0.002208874044545962,0.001384629804942918,0.0019817042907041473,0.003747798350438961,0.005567669320928363,0.008815895248095722,0.00875860022168429,0.003089910722609458,0.0004950491317128047,0.0008428399937892104,0.0011157452511699733,0.001342915005011788,0.001652006594862929,0.0042322931351812376,0.000715182654240934,0.0011559522872481715,0.005403323060958733,0.0037287000083018173,0.0007574000421230395,0.0021741954759285156,0.0034256394738624053,0.001335376185747127,0.0009443627598866577,0.0018997824546948192,0.00460069010324772,0.002151579018134531,0.0024053859333781503,0.00700004498121414,0.0017831820500680481,0.0011423824125717796,0.005514394998124752,0.005863191036103114,0.0024280023911721366,0.001152936759542306,0.0019520516015964773,0.0003050708862433228,0.0010031655501510223,0.002321453745564913,0.004419255852944854,0.003252246630775179,0.003492483671342408,0.0017032705658626308,0.002101822810987761,0.002720005990690043,0.0014152876699525425,0.003549778697753839,0.0017565448886662418,0.004693166286227573,0.003272852736765256,0.000764938861387704,0.004707238748854942,0.004211184441240185,0.008371104911480666,0.0042478733616615385,0.00429913733266124,0.000816202832387404,0.0005186707654087457,0.0017052809176665417,0.0012474232943260697,0.00179675192474444,0.003996076798221828,0.001693721394794059,0.002720005990690043,0.004507208744365911,0.008461068154705632,0.0038910359164675383,0.00634768582084539,0.0005357587557419802,0.0013293451303353961,0.0001467556816854218,0.0007212137096526648,0.002164646304859944,0.0008679693913380832,0.004282049342328006,0.0010679993958271142,0.002918025643375165,0.005056537374784282,0.002927574814443737,0.0010167354248274123,0.003906113554996862,0.001693721394794059,0.002571239957200714,0.0008277623552598867,0.0037709173961839246,0.002507913875377554,0.001239884475061407,0.0010529217572977905,0.0038377615936639273,0.002200832637330322,0.005159567904734661,0.002889880718120427,0.00042719975833084567,0.0002764233730376056,0.0019681344160277555,0.0016213487298533044,0.005224401750410754,0.005027889861578566,0.002468209427250333,0.001436396363893597,0.0004960543076147593,0.0024586602561817612,0.003082371903344797,0.005169117075803233,0.0010584502247585423,0.003076340847933066,0.0016525091828139063,0.002311904574496341,0.002525504453661764,0.0021264496205856565,0.0010107043694156832,0.003929232600741826,0.005138459210793608,0.004196106802710859,0.006189370616287488,0.0033170804764512726,0.0032100292428930734,0.0005216862931146093,0.0015680744070496935,0.000515152649751903,0.00199879228103738,0.0026627109642786122,0.004581591761110577,0.0036221513626945936,0.004112174614897624,0.004013164788555063,0.003094434014168255,0.0008373115263284568,0.004615767741777044,0.0020229165026842983,0.00027843372484151474,0.0014705723445600644,0.002670249783543275,8.594253961714815e-05,0.002138009143458139,0.0017605655922740618,0.0004844947847422766,0.003944310239271149,0.001987232758164899,0.0020349786135077583,0.0012514439979338897,0.0016233590816572135,0.0004176505872622756,0.00482484432938367,0.002418453220103565,0.0018691245896851946,0.004333313313327708,0.005356079793566851,0.0022390293216046093,0.002769259609885836,--,--,--
131,0.0031145375322073534,0.0015409346576969098,0.005689798193015887,0.003385432437784209,0.0032080188910891625,0.004728347442795995,0.004930387799088937,0.0028592228531108023,0.0022505888444770902,0.0002764233730376056,0.0017384517224310544,0.0010835796223074168,0.0012122421377576478,0.0007096541867801821,0.002052066603840993,0.004514747563630572,0.0023842772394370975,0.0026511514414061313,0.003755337169703622,0.0014876603348932989,0.0031069987129426924,0.0010986572608367405,0.004154392002779731,0.0014841422192364562,0.0028361038073658387,0.0037824769190564055,0.000774488032456274,0.0028878703663165178,0.002525504453661764,0.0026988972967489904,0.005887817845701009,0.003996076798221828,0.0028401245109736586,0.005079153832578266,0.001396189327815399,0.005096241822911501,0.0017776535826072963,0.0002211386984300838,0.0011901282679146388,0.0029582326794533632,0.0016595454141275917,0.0016746230526569154,0.005206811172126543,0.003128107406883745,0.003809114080458212,0.0009328032370141768,0.0028134873495718523,0.00179675192474444,0.0007307628807212349,0.008035878748178696,0.0018063010958130118,0.004858015134148182,0.003027087228737275,0.0029582326794533632,0.006908573974136242,0.00634366511723757,0.0030517140383351706,0.003654316991557152,0.006675875752833675,0.0016510014189609745,0.0011941489715224587,8.192183600932643e-05,0.0017032705658626308,0.0015962193323044317,0.0033110494210395434,0.0006277323507708557,0.0042438526580537185,0.009357685059249431,0.0024852974175835676,0.0006066236568298029,0.0013791013374821661,0.0022792363576828057,0.001335376185747127,0.00019098342137143648,0.0018063010958130118,0.0012911484460611088,0.0006428099893001776,0.006521078663932615,0.004646425606786669,0.004390608339739139,0.0023958367623095785,0.0019414972546259492,0.0036241617144985045,0.0009051608997104159,0.002784839836366137,0.0010720200994349342,0.0018711349414891037,0.00325023627897127,0.002464188723642513,0.003147205749020889,0.0036181306590867754,0.006952299125871281,0.007496099288828899,0.0020254294424391864,0.0006468306929079994,0.0027466431520918495,0.0019666266521748237,0.000865959039534174,0.0017640837079309045,0.004545405428640199,0.004865553953412843,0.006679393868490518,0.003078351199736977,0.002935616221659377,0.0022390293216046093,0.0045509338961009504,0.005247018208204741,0.0007418198156427386,0.001485649983089388,0.004434836079425157,0.0022792363576828057,0.0037231715408410655,0.0028667616723754633,0.002620493576396505,0.004304665800121992,0.0054761983138504645,0.002519473398250035,0.005132428155381879,0.0025521416150635703,0.001995274165380539,0.000707643834976273,0.0008222338877991349,0.0008669642154361286,0.0002211386984300838,0.004155899766632663,0.003345727989656988,0.004665523948923812,0.0038603780514579137,0.005573197788389115,0.0018731452932930145,0.0036714049818903863,0.0011785687450421578,0.00021762058277324456,8.946065527399086e-05,0.003194951604363748,0.0040322631306922065,0.0038241917189875355,0.0006468306929079994,0.0015218363155597662,0.004793181288472089,0.005140469562597517,0.002672260135347184,0.005822984000024916,0.004527814850355987,0.0010986572608367405,0.001460017997589538,0.0022867751769474684,0.0015585252359811216,0.0013981996796193098,0.0033703547992548835,0.0020178906231745238,0.006523089015736526,0.003915662726065434,0.007156349833968132,0.0025064061115246204,0.0031663040911580325,0.004467001708287713,0.0010669942199251596,0.0015032405613735998,0.0008925962009359786,0.0015600329998340535,0.0023782461840253667,0.0012891380942571997,0.0015238466673636753,0.0050087915194414225,0.004560483067169522,0.001610794382882778,0.0013419098291098334,0.0015449553613047298,0.003488462967734588,0.0006759807940646921,0.002935616221659377,0.0015982296841083408,0.0015831520455790171,0.0011655014583167433,0.0052163603431951144,0.005870729855367775,0.007043770132949179,0.0016268771973140563,0.0018731452932930145,0.0015228414914617208,0.0001985222406361009,0.0010096991935137287,0.0010795589186995969,0.0027561923231604214,0.003559327868822411,0.00840176277649029,0.006120516067003576,0.0016268771973140563,0.002252599196281001,0.0009348135888180859,0.0014705723445600644,0.00025732503090046197,0.00026586902606708096,0.0007141774783389794,0.0014399144795504398,0.0009267721816024459,0.005357587557419783,0.0022470707288202493,0.004142832479907248,0.00939738950737665,0.002729555161758615,0.0064069911990607305,0.001338894301403968,0.004836906440207128,0.003454286987068121,0.006690953391362999,0.003706083550507831,0.002769259609885836,0.002262148367349573,0.0032748630885691653,0.00474543543312923,0.0029165178795222332,0.00343870676058782,0.0058958592529166475,0.005453079268105501,0.003866409106869643,0.0008639486877302632,0.00041212211980152375,0.0022546095480849102,0.003173842910422695,0.004503188040758091,0.0029582326794533632,0.004392618691543049,0.0037191508372332455,0.0049173205123635225,0.003128107406883745,0.0017203585561958654,0.003486452615930679,0.002214402512006714,0.003898574735732201,0.0017339284308722572,0.003940792123614308,0.0021284599723895674,0.004200127506318679,0.002880331547051855,0.0012052059064439624,0.003494494023146319,9.900982634256095e-05,0.0014580076457856271,0.000861938335926354,0.006134085941679968,0.0026416022703375595,0.0007267421771134167,0.004676580883845318,0.006774885579176236,0.0029718025541297533,0.008796796905958578,0.0028516840338461396,0.0018922436354301582,0.0032673242693045043,0.0030441752190705097,0.006960843121037898,0.000774488032456274,0.0017243792598036854,0.0034181006545977426,0.0010509114054938814,0.0005875253146926593,0.007778051129327257,0.0070151226197434635,0.00594511287211244,0.002406893697231082,0.005859170332495294,0.0005724476761633339,0.003169822206814875,0.00210785386639949,0.00018897306956752735,0.0019264196160966255,0.0055179131137815945,0.005809916713299501,0.0015032405613735998,0.00340101266426451,0.00609186855379786,0.0018253994379501554,0.006649238591431869,0.003932750716398668,0.0010318130633567377,0.0013539719399332916,0.0019817042907041473,0.0012625009328553934,0.0014248368410211144,0.0031205685876190842,0.005653611860545509,0.0032235991175694634,0.004367991881945154,0.00024023704056722744,0.0014002100314232189,0.0017721251151465445,0.001640447071990448,0.00032215887657655734,0.0007971044902502604,0.0010468907018860614,0.0028039381785032805,0.002331002916633485,0.0021973145216734793,0.007095536691899858,0.012371202413310314,0.004871585008824574,0.0028592228531108023,0.006139614409140719,0.0003699047319194147,0.004566011534630274,0.002672260135347184,0.0022752156540749875,0.0015409346576969098,0.00605015375386673,0.005681756785800247,0.004054879588486193,0.002765741494228993,0.004739906965668478,0.004741917317472387,0.002729555161758615,0.003192941252559839,0.00653816665426585,0.004442374898689818,0.003042164867266599,0.007866004020748314,0.004776093298138856,0.005670699850878744,0.002784839836366137,0.00474543543312923,0.0034140799509899244,0.004527814850355987,0.002070662358027159,0.0012052059064439624,0.000877518562406655,0.0015449553613047298,0.0059908483756513885,0.002069657182125203,0.005771720029025214,0.0026054159378671813,0.00544151974523302,0.00504296750010789,0.0019223989124888055,0.0020847348206545265,0.001995274165380539,0.004015175140358972,0.00020003000448903102,0.003252246630775179,0.001854046951155871,0.00189375139928309,0.003843290061124679,0.005872740207171686,0.004817808098069984,0.006671855049225855,0.0014112669663447243,0.0059833095563867275,0.0009222488900436504,0.0010549321091016996,0.0013006976171296807,0.002777301017101474,0.0017776535826072963,0.0022867751769474684,0.0014951991541579598,0.0019892431099688083,0.003747798350438961,0.005539021807722647,0.0084952441353721,0.008735481175939329,0.0028572125013068914,0.00042066611496813927,0.000782026851720935,0.0010850873861603487,0.001338894301403968,0.0015489760649125498,0.004171479993112964,0.0008488710492009395,0.0011976670871793015,0.005243500092547898,0.0034658465099406018,0.0007875553191816903,0.001960595596763093,0.0033643237438431544,0.001224304248581106,0.000919233362337785,0.0018289175536069981,0.004331805549474776,0.0023405520877020566,0.002622503928200416,0.0067537768852351816,0.0017203585561958654,0.0011102167837092215,0.004943957673765329,0.00544151974523302,0.002372717716564615,0.001145397940277645,0.0019027979824006846,0.0002879828959100883,0.0009634611020238014,0.002105843514595581,0.0044936388696895195,0.003183392081491267,0.003377893618519546,0.001697742098401879,0.002012362155713772,0.0026054159378671813,0.0013579926435411116,0.003377893618519546,0.001693721394794059,0.004653964426051331,0.0030632735612076533,0.0008202235359952258,0.004982154358039616,0.004207666325583342,0.008188162897324868,0.004274510523063345,0.004215205144848003,0.0008096691890246976,0.0005302302882812249,0.0015585252359811216,0.0011443927643756888,0.0017565448886662418,0.004018693256015815,0.00160024003591225,0.0027009076485528995,0.004514747563630572,0.008250986391197052,0.0037824769190564055,0.006342157353384639,0.000556867449683033,0.0012052059064439624,0.00011609781667579547,0.0007171930060448431,0.0020199009749784346,0.0008795289142105658,0.0042478733616615385,0.0010338234151606469,0.0029602430312572724,0.005141977326450451,0.002725534458150795,0.0009393368803768832,0.0038377615936639273,0.0016153176744415753,0.0025169604584951485,0.0007840372035248476,0.0035608356326753427,0.002367189249103863,0.0011956567353753906,0.001035833766964556,0.00394229988746724,0.0021897757024088183,0.005062065842245033,0.002784839836366137,0.00038548495839971567,0.0002633560863121928,0.0017585552404701527,0.0015374165420400671,0.004881134179893146,0.005010801871245332,0.0025903382993378576,0.001594711568451498,0.0005704373243594248,0.002414935104446722,0.002929585166247646,0.0049173205123635225,0.0009916060272785396,0.002981351725198325,0.0016238616696081908,0.0021897757024088183,0.0024375515622407085,0.00209026328811528,0.0012052059064439624,0.0038699272225264855,0.005401815297105799,0.004116195318505444,0.006071262447807783,0.0032215887657655543,0.0028954091855811787,0.000491028428104983,0.0014886655107952534,0.0004729352618697939,0.0019148600932241445,0.0025174630464461258,0.004718798271727423,0.003591493497684969,0.0039865276271532565,0.00390058508753611,0.0029994448914335142,0.0007362913481819867,0.004297126980857331,0.00194752831003768,0.0002477758598318919,0.0014761008120208162,0.0025481209114557504,0.00012212887208752285,0.0021917860542127274,0.0017681044115387245,0.0004900232522030284,0.0038794763935950573,0.00190179280649873,0.001995274165380539,0.001226314600385017,0.0015565148841772108,0.0004060910643897929,0.004602197867100652,0.0023707073647607057,0.00180077262835226,0.004406188566219441,0.005225909514263686,0.0024415722658485284,0.003011507002256974,--,--,--
132,0.0028954091855811787,0.0013791013374821661,0.005077143480774357,0.003181381729687358,0.0030476933347273506,0.004413727385484102,0.0045051983925620005,0.0026511514414061313,0.0020636261267134737,0.00028044407664542734,0.0016087840310788672,0.0009539119309552296,0.0010433725862292187,0.0006292401146237858,0.00189375139928309,0.0043011476844651494,0.002147558314526711,0.002557670082524322,0.0036317005337631655,0.0015409346576969098,0.002824544284493356,0.0010529217572977905,0.0036869852083706873,0.0013539719399332916,0.002735083629219367,0.0034733853292052645,0.0006769859699666467,0.0025747580728575567,0.0022294801505360375,0.0024053859333781503,0.005952651691377101,0.003858367699654003,0.002535053624730336,0.0047017102813941905,0.001274060455727876,0.004581591761110577,0.0015002250336677344,0.00022013352252812923,0.0011177556029738842,0.002559680434328233,0.0015333958384322471,0.0017319180790683463,0.005081164184382177,0.0029868801926590787,0.0035211311845481236,0.000869979743141994,0.0026627109642786122,0.0016575350623236808,0.0007247318253095041,0.0074689595394761155,0.0017168404405390227,0.004649943722443511,0.0027979071230915514,0.0029622533830611815,0.006517560548275772,0.006080811618876355,0.0027923786556307995,0.0033663340956470653,0.006462275873668252,0.0014097592024917907,0.0011634911065128324,7.99114842054173e-05,0.0015736028745104453,0.0014399144795504398,0.0031145375322073534,0.0005684269725555122,0.003934761068202577,0.008518363181117063,0.002359147841888223,0.0005282199364773157,0.0012418948268653179,0.002056087307448811,0.0011881179161107296,0.00017188507923429283,0.0015122871444911944,0.0011891230920126842,0.0006714575025058948,0.006035076115337407,0.004390608339739139,0.003932750716398668,0.002216412863810623,0.0018103217994208318,0.0032557647464320216,0.0008041407215639458,0.0026054159378671813,0.0009574300466120723,0.001693721394794059,0.0030667916768644943,0.002309894222692432,0.0028878703663165178,0.003431167941323157,0.006359245343717871,0.006547715825334421,0.0019284299679005364,0.0005875253146926593,0.0023842772394370975,0.001743477601940829,0.0008448503455931195,0.00160024003591225,0.00425742253273011,0.004649943722443511,0.005939584404651688,0.0030099992384040406,0.0026340634510728968,0.002010351803909863,0.004304665800121992,0.004739906965668478,0.0007629285095837914,0.0013177856074629152,0.004060910643897922,0.002099812459183852,0.0034522766352642117,0.0026511514414061313,0.002468209427250333,0.004007133733143334,0.004915310160559613,0.0024300127429760458,0.004564503770777342,0.0023707073647607057,0.0019053109221555727,0.0006970894880057449,0.000764938861387704,0.0007393068758878504,0.00019651188883218831,0.0038453004129285883,0.0030135173540608833,0.004367991881945154,0.003646778172292491,0.005334971099625796,0.0017449853657937608,0.0032693346211084134,0.0010710149235329796,0.00020103518039098559,8.091666010737186e-05,0.0029165178795222332,0.0036889955601745964,0.003476903444862107,0.0005533493340261902,0.0013695521664135943,0.004495649221493429,0.0047590053078056214,0.0024717275429071758,0.0054761983138504645,0.004145848007613114,0.0010468907018860614,0.0013675418146096834,0.0020751856495859547,0.0013811116892860752,0.001327334778531487,0.003236666404294878,0.0020334708496548264,0.006477353512197576,0.003504043194214891,0.006660295526353374,0.00234608055516281,0.002736088805121323,0.0040398019499568675,0.0010574450488565878,0.0015218363155597662,0.000764938861387704,0.0013981996796193098,0.0021802265313402465,0.0012625009328553934,0.001437904127746529,0.004608228922512381,0.004077998634231155,0.0014771059879227708,0.001228324952188926,0.0013695521664135943,0.003272852736765256,0.0006714575025058948,0.0026586902606707923,0.0015524941805693908,0.0015183181999029235,0.001182589448649976,0.004776093298138856,0.005302302882812261,0.006295919261894711,0.0015545045323733016,0.0017183482043919545,0.001331355482139307,0.00017540319489113554,0.0009353161767690632,0.0009252644177495141,0.0024335308586328885,0.0034829345002738363,0.00795194656036546,0.005924004178171386,0.001640447071990448,0.0021249418567327247,0.0008850573816713177,0.0013258270146785552,0.00023822668876331832,0.00029200359951790655,0.0006558772760255939,0.001274060455727876,0.0008584202202695113,0.004585109876767418,0.0021209211531249047,0.00385484958399716,0.008403773128294201,0.002626524631808236,0.0059908483756513885,0.001285619978600357,0.004331805549474776,0.0032597854500398416,0.006239126823434258,0.0033226089439120244,0.002468209427250333,0.002105843514595581,0.003196961956167659,0.0043393443687394385,0.002929585166247646,0.0033075313053827007,0.005435991277772268,0.004945968025569238,0.0034065411317252617,0.000806653661318834,0.0004060910643897929,0.002138009143458139,0.002880331547051855,0.00419409645090695,0.003038646751609756,0.004169469641309055,0.0034713749774013553,0.0044479033661505695,0.0027979071230915514,0.0015982296841083408,0.0032004800718245015,0.0020178906231745238,0.0036794463891060246,0.0017108093851272935,0.00354374764234211,0.0019304403197044455,0.0040398019499568675,0.002784839836366137,0.001070009747631025,0.0032994898981670608,0.00011257970101895276,0.0012645112846593042,0.000782026851720935,0.005573197788389115,0.0023782461840253667,0.000665426447094164,0.004359950474729514,0.006206458606620722,0.002784839836366137,0.007986122541031928,0.002725534458150795,0.0017183482043919545,0.0032140499465008916,0.002720005990690043,0.006504995849501337,0.0006724626784078494,0.0015715925227065344,0.002981351725198325,0.0009634611020238014,0.0005186707654087457,0.007240282021781369,0.006237116471630347,0.005678238670143406,0.0021973145216734793,0.00525304926361647,0.0004920336040069376,0.0027370939810232777,0.0019168704450280537,0.00020204035629294015,0.0017796639344112054,0.005273655369606545,0.005195754237205039,0.001478111163824727,0.0030476933347273506,0.005615415176271222,0.0017052809176665417,0.006473332808589756,0.003702062846900011,0.0009574300466120723,0.0012378741232574979,0.0018178606186854927,0.0012016877907871197,0.0012434025907182497,0.0028878703663165178,0.004999242348372851,0.0030135173540608833,0.003913652374261525,0.0002231490502339964,0.0011594704029050142,0.0016630635297844344,0.0014725826963639735,0.00029351136337084013,0.0007383016999858959,0.0009348135888180859,0.0024832870657796567,0.00214956866633062,0.0021400194952620483,0.006332608182316067,0.011459507870237192,0.004739906965668478,0.0026933688292882386,0.0057908183711623575,0.0003432675705176101,0.003965418933212204,0.0025843072439261285,0.0022907958805552884,0.0013524641760803598,0.005626472111192727,0.005289235596086848,0.003889025564663629,0.0025481209114557504,0.004228775019524395,0.004548923544297041,0.002466199075446424,0.002924056698786894,0.00605015375386673,0.003967429285016113,0.0029562223276494524,0.007295566696388889,0.004308686503729812,0.00510227287832323,0.0026968869449450796,0.004480571582964105,0.0032004800718245015,0.0041272522534269475,0.001883699640263541,0.0011921386197185479,0.0007955967263973268,0.0012836096267964479,0.005611394472663404,0.00194350760642986,0.005258577731077222,0.0023023554034277693,0.004961045664098563,0.004570032238238094,0.0016499962430590199,0.001844497780087299,0.0018731452932930145,0.003643260056635648,0.0001914860093224155,0.0030537243901390815,0.0017263896116075945,0.0016957317465979699,0.0035688770398909827,0.005392266126037227,0.004680601587453136,0.006206458606620722,0.0013333658339432161,0.005466649142781893,0.0008353011745245477,0.0009458705237395913,0.0011921386197185479,0.0024797689501228157,0.0016489910671570653,0.002147558314526711,0.0014570024698836725,0.0017585552404701527,0.0035115820134795517,0.0052128422275382735,0.007762973490797933,0.00824143722012848,0.002466199075446424,0.00036035556085084464,0.0006619083314373213,0.0010091966055627514,0.001274060455727876,0.001388650508550738,0.003936771420006488,0.001022263892288166,0.0011061960801014015,0.004867564305216754,0.003034626048001938,0.0008031355456619912,0.0016077788551769126,0.0031507238646777316,0.0011082064319053123,0.0008850573816713177,0.0017108093851272935,0.003940792123614308,0.0024053859333781503,0.0026933688292882386,0.006189370616287488,0.0015640537034418735,0.0010187457766313232,0.004268479467651616,0.004884652295549987,0.002168667008467764,0.0011167504270719296,0.0017681044115387245,0.00026888455377294465,0.0008830470298674068,0.0018178606186854927,0.004268479467651616,0.002929585166247646,0.003139666929756228,0.0016022503877161608,0.0018615857704205319,0.002399354877966421,0.001232345655796746,0.003084382255148706,0.0015982296841083408,0.00441624032523899,0.0027029180003568104,0.0008755082106027458,0.00474543543312923,0.003912144610408593,0.0076770309511807865,0.004116195318505444,0.004013164788555063,0.0007639336854857494,0.0005397794593497984,0.0013675418146096834,0.0009880879116216969,0.0016690945851961635,0.003848818528585431,0.0014494636506190116,0.0025290225693186067,0.0042363138387890575,0.007547363259828599,0.0034618258063327835,0.006088350438141018,0.0005704373243594248,0.0010489010536899705,9.750206248962737e-05,0.000707643834976273,0.0018274097897540646,0.0008468606973970304,0.004009144084947243,0.0009137048948770331,0.0028572125013068914,0.004974615538774953,0.0024259920393682258,0.0008151976564854495,0.0035668666880870736,0.0014554947060307407,0.0024058885213291276,0.0007342809963780776,0.003236666404294878,0.0021264496205856565,0.0010795589186995969,0.000964968865876735,0.0038357512418600165,0.002105843514595581,0.004766544127070284,0.002582799480073195,0.0003357287512529457,0.0002613457345082837,0.0014590128216875834,0.0013791013374821661,0.004287577809788759,0.004714777568119605,0.002557670082524322,0.0015087690288343517,0.0006217012953591249,0.002273707890222054,0.0026873377738765077,0.004558472715365613,0.0008639486877302632,0.002720005990690043,0.001559027823932099,0.00192340408839076,0.002206863692742051,0.0019837146425080564,0.001335376185747127,0.0036085814880182036,0.0052681269021457935,0.0037880053865171574,0.005560130501663702,0.0030019578311884024,0.002464188723642513,0.000457857623340472,0.0013675418146096834,0.00044830845227189844,0.0017565448886662418,0.002266169070957393,0.004661503245315992,0.0034276498256663145,0.003597021965145721,0.003545757994146019,0.0027245292822488405,0.0006196909435552157,0.003847310764732499,0.0017681044115387245,0.00022716975384181465,0.0014112669663447243,0.002305873519084612,0.00013519615881293912,0.002172687712075584,0.00160426073952007,0.000515152649751903,0.0035990323169496317,0.0017223689079997745,0.0018751556450969237,0.001182589448649976,0.001432375660285777,0.00038699272225264925,0.004100615092025141,0.002159117837399192,0.0017032705658626308,0.004406188566219441,0.004909279105147884,0.0024873077693874767,0.003072822732276225,--,--,--
133,0.0025978771186025203,0.001184599800453887,0.004359950474729514,0.0029009376530419306,0.002823036520640424,0.004119713434162285,0.0040282424270843865,0.002359147841888223,0.0018711349414891037,0.0002879828959100883,0.001436396363893597,0.0008182131841913132,0.0008373115263284568,0.0005493286304183685,0.0017032705658626308,0.004018693256015815,0.0018193683825384263,0.002416442868299654,0.003383422085980298,0.0015715925227065344,0.0024812767139757476,0.0009860775598177877,0.003087900370805549,0.001180579096846067,0.0025290225693186067,0.0030919210744133688,0.000566416620751603,0.002159117837399192,0.00185605730295978,0.002065636478517383,0.005971750033514245,0.003593503849488878,0.00219530416986957,0.004217215496651914,0.0011082064319053123,0.004013164788555063,0.0011403720607678688,0.00022616457793986008,0.0010393518826213987,0.0020771960013898656,0.0013941789760114898,0.001693721394794059,0.004890683350961718,0.0027828294845622277,0.0031909309007559297,0.0007875553191816903,0.002470219779054244,0.0014992198577657798,0.000715182654240934,0.006780414046636988,0.0016233590816572135,0.00440015751080771,0.002519473398250035,0.0029466731565808806,0.00609186855379786,0.006019495888857106,0.0024908258850443194,0.0031069987129426924,0.00615519463562102,0.001134843593307117,0.0011212737186307251,7.840372035248372e-05,0.001388650508550738,0.0013027079689335915,0.002885860014512607,0.0004980646594186684,0.0035532968134106818,0.007621746276573265,0.002172687712075584,0.00045182656792874115,0.0010931287933759887,0.00179675192474444,0.0010468907018860614,0.00015278673709714918,0.0011996774389832106,0.0010825744464054605,0.0006543695121726603,0.005531482988457986,0.003963408581408293,0.003387442789588118,0.002058097659252722,0.0016439651876472908,0.002850678857944185,0.0006885454928391294,0.0023707073647607057,0.0008106743649266522,0.0015047483252265317,0.0028496736820422305,0.00210785386639949,0.0025385717403871785,0.0032215887657655543,0.005624964347339794,0.005527462284850166,0.0018233890861462446,0.0005111319461440812,0.0019817042907041473,0.0014841422192364562,0.0008222338877991349,0.0014268471928250252,0.00390058508753611,0.004320246026602293,0.005088703003646838,0.002880331547051855,0.0023325106804864184,0.0017263896116075945,0.004041812301760778,0.004142832479907248,0.0007800164999170259,0.0011403720607678688,0.0036734153336942955,0.001840477076479479,0.003131625522540588,0.0023938264105056693,0.0022887855287513775,0.0036105918398221127,0.004325774494063047,0.0022887855287513775,0.003953859410339721,0.00210383316279167,0.0018349486090187273,0.0006759807940646921,0.0007116645385840913,0.0006086340086337121,0.0001829420141557965,0.0035151001291363945,0.002739104332827187,0.004041812301760778,0.0033723651510587944,0.005062065842245033,0.0015962193323044317,0.002817005465228695,0.0009297877093083114,0.00020003000448903102,7.890630830346274e-05,0.0026340634510728968,0.0033015002499709716,0.0030748330840801343,0.0004558472715365629,0.0012016877907871197,0.004099107328172209,0.00440417821441553,0.0021973145216734793,0.005066086545852853,0.0036955292035373045,0.0009900982634256077,0.0012368689473555433,0.0018178606186854927,0.0011579626390520806,0.0012418948268653179,0.003078351199736977,0.001957077481106252,0.006418048133982236,0.0031090090647466016,0.006031055411729587,0.002142029847065959,0.0022887855287513775,0.0035723951555478254,0.0010453829380331278,0.0015122871444911944,0.0006448203411040902,0.0012227964847281742,0.0019264196160966255,0.001129315125846365,0.0013368839496000588,0.004066439111358674,0.0034578051027249635,0.0012911484460611088,0.0011167504270719296,0.0011403720607678688,0.0030175380576687033,0.0006609031555353667,0.0023802565358292775,0.0014992198577657798,0.0014761008120208162,0.0011770609811892242,0.004337334016935528,0.0045469131924931305,0.005330950396017976,0.001437904127746529,0.0015298777227754062,0.0011403720607678688,0.00016585402382256545,0.0008523891648577822,0.0007212137096526648,0.0020711649459781364,0.003337686582441348,0.007421716272084234,0.005541032159526558,0.0016610531779805236,0.001991253461772719,0.0008141924805834949,0.001175050629385315,0.00020204035629294015,0.00032065111272362376,0.0006056184809278449,0.001074030451238845,0.0007398094638388295,0.0036221513626945936,0.0019223989124888055,0.0036296901819592563,0.007425234387741076,0.002507913875377554,0.005422421403095876,0.001186610152257796,0.0037176430733803136,0.002981351725198325,0.0056345135184083656,0.002874300491640126,0.0020711649459781364,0.0019113419775673018,0.003087900370805549,0.0040282424270843865,0.002828564988101176,0.0031014702454819406,0.004819818449873895,0.004268479467651616,0.0028381141591697478,0.000749358634907403,0.00041413247160543287,0.0019892431099688083,0.0025290225693186067,0.003850828880389342,0.0031240867032759252,0.0038814867453989665,0.003240687107902698,0.003866409106869643,0.0024717275429071758,0.0014876603348932989,0.002868772024179374,0.0017912234572836881,0.003408551483529171,0.001640447071990448,0.0030476933347273506,0.0017625759440779726,0.003856859935801071,0.002723524106346886,0.0009307928852102659,0.002979341373394416,0.00012212887208752285,0.0010931287933759887,0.0007026179554664967,0.004894201466618559,0.0020887555242623465,0.0005910434303494985,0.003953859410339721,0.005565658969124454,0.0025064061115246204,0.006929180080126317,0.0025461105596518412,0.001531385486628338,0.003038646751609756,0.0023440702033588993,0.005849621161426722,0.0005875253146926593,0.0013992048555212643,0.0024300127429760458,0.0008810366780634977,0.000415640235458363,0.006778906282784056,0.005420913639242943,0.005319390873145495,0.001964616300370913,0.004562493418973433,0.000408101416193702,0.0022907958805552884,0.0017168404405390227,0.000208071411704671,0.001636426368382628,0.004945968025569238,0.0045433950768362895,0.0014665516409522444,0.002559680434328233,0.00504698820371571,0.0015545045323733016,0.005975770737122065,0.003385432437784209,0.0008870677334752268,0.0011041857282974923,0.0016233590816572135,0.0011710299257774951,0.0009996474344941796,0.0026340634510728968,0.004358442710876582,0.0027561923231604214,0.0034065411317252617,0.00020606105990076187,0.0008925962009359786,0.0015047483252265317,0.0012434025907182497,0.00026536643811610194,0.0006483384567609295,0.0008126847167305613,0.0021093616302524237,0.001854046951155871,0.001951046425694521,0.005607373769055584,0.010581989307830537,0.004535856257571627,0.0024546395525739412,0.005393773889890161,0.00031361488140993835,0.0032919510789024,0.0024511214369171003,0.002252599196281001,0.001134843593307117,0.005066086545852853,0.004836906440207128,0.0036161203072828645,0.0022928062323591975,0.00369050332402753,0.004217215496651914,0.0021601230133011465,0.0025637011379360513,0.005422421403095876,0.0033949816088527807,0.0028516840338461396,0.0066070212035497615,0.0036889955601745964,0.004425286908356585,0.002582799480073195,0.004188567983446198,0.0029451653927279487,0.0036296901819592563,0.0016308979009218762,0.0011443927643756888,0.0006865351410352168,0.0009916060272785396,0.0051213712204603735,0.0017892131054797773,0.0047509639005899815,0.001960595596763093,0.004373520349405906,0.00405136147282935,0.0012971795014728397,0.0016077788551769126,0.0017605655922740618,0.0031527342164816407,0.00019651188883218831,0.0028059485303071896,0.00160024003591225,0.0014057384988839707,0.0031909309007559297,0.004858015134148182,0.004490120754032677,0.005607373769055584,0.0012378741232574979,0.004797201992079909,0.0007428249915446931,0.0008564098684656022,0.001070009747631025,0.002142029847065959,0.001432375660285777,0.0019530567774984318,0.0014017177952761525,0.0014554947060307407,0.0032653139175005935,0.004924859331628185,0.006986475106537748,0.007610186753700784,0.00204452778457633,0.0002985372428806164,0.000548323454516414,0.0009363213526710178,0.001186610152257796,0.0011921386197185479,0.0036774360373021155,0.0012052059064439624,0.000923254065945605,0.0044363438432780886,0.0026491410896022204,0.000806653661318834,0.0011941489715224587,0.002811476997767943,0.0009820568562099678,0.0008353011745245477,0.0015585252359811216,0.0034673542737935353,0.002351609022623562,0.002620493576396505,0.005706886183349122,0.001443935183158258,0.0009212437141416941,0.0035115820134795517,0.0042363138387890575,0.001895761751087001,0.0010911184415720778,0.0016233590816572135,0.000249786211635801,0.000823741651652065,0.0015203285517068343,0.0038337408900561074,0.002618985812543573,0.0027788087809544077,0.0014419248313543489,0.0016384367201865372,0.0021440401988698683,0.001074030451238845,0.0027541819713565122,0.0014972095059618707,0.0041111694389956675,0.002218423215614534,0.0008966169045437986,0.004432825727621246,0.0035266596520088754,0.007068396942547076,0.0039312429525457365,0.0036754256854982063,0.0006905558446430385,0.0005438001629576167,0.0011614807547089233,0.0007991148420541695,0.0015791313419711971,0.003627679830155347,0.0013047183207375006,0.002365178897299954,0.0038337408900561074,0.00670251291423548,0.003072822732276225,0.005712414650809874,0.0005704373243594248,0.0008795289142105658,8.946065527399086e-05,0.0006830170253783775,0.001640447071990448,0.0008011251938580821,0.003660348046968881,0.0007574000421230395,0.0026054159378671813,0.004733875910256749,0.0020983046953309183,0.0006533643362707058,0.00324621557536345,0.0012589828171985507,0.0022546095480849102,0.0006830170253783775,0.002931595518051557,0.001895761751087001,0.0009267721816024459,0.0008755082106027458,0.0037367414155174573,0.0019857249943119673,0.004392618691543049,0.0023269822130256666,0.00028396219230227004,0.00026536643811610194,0.0011157452511699733,0.0012112369618556915,0.003637229001223919,0.0042855674579848485,0.0023385417358981475,0.0013238166628746443,0.000616172827898373,0.0020887555242623465,0.002412924752642813,0.004169469641309055,0.0007131723024370248,0.002403375581574241,0.001460017997589538,0.0016022503877161608,0.0019223989124888055,0.0018635961222244427,0.0013464331206686306,0.003435188644930977,0.005079153832578266,0.0033949816088527807,0.0050047708158336025,0.002622503928200416,0.0020028129846452,0.0004261945824288911,0.0012408896509633633,0.0004327282257915975,0.0015866701612358598,0.0020314604978509156,0.004560483067169522,0.003236666404294878,0.003179371377883447,0.0031090090647466016,0.0023299977407315303,0.00047695596547761565,0.0033321581149805962,0.0015801365178731517,0.00019651188883218831,0.0013238166628746443,0.0020199009749784346,0.00013921686242075737,0.0021229315049288155,0.001436396363893597,0.0005166604136048365,0.003188920548952019,0.001535406190236158,0.0016233590816572135,0.001123284070434636,0.0012836096267964479,0.0003699047319194147,0.003567871863989028,0.0018424874282833882,0.0015449553613047298,0.004490120754032677,0.004627327264649525,0.0024757482465149958,0.0031984697200205907,--,--,--
134,0.002403375581574241,0.0010453829380331278,0.003948330942878969,0.002739104332827187,0.002660700612474703,0.004003615617486491,0.003856859935801071,0.0022314905023399466,0.0017816742862151163,0.0003126097055079838,0.0012795889231886279,0.000749358634907403,0.000756394866221085,0.0005262095846734066,0.0015504838287654817,0.003742269882978209,0.0016138099105886417,0.0024491110851131894,0.003242697459706607,0.001592701216647589,0.002248578492673181,0.0009574300466120723,0.002771269961689745,0.001134843593307117,0.0023862875912410066,0.0028476633302383196,0.0005262095846734066,0.001959087832910161,0.0017072912694704508,0.0019857249943119673,0.006101417724866432,0.0035055509580678226,0.0019932638135766283,0.0037347310637135464,0.0009956267308863596,0.0035819443266163972,0.0009353161767690632,0.0002477758598318919,0.0009840672080138786,0.0018369589608226364,0.0013047183207375006,0.0016173280262454844,0.0049590353122946525,0.002763731142425084,0.002876310843444035,0.0006905558446430385,0.0023023554034277693,0.001390660860354647,0.0007322706445741685,0.006429607656854717,0.0016057685033730035,0.004266971703798682,0.0023440702033588993,0.003080361551540886,0.005964211214249584,0.006168261922346435,0.0022847648251435593,0.002922046346982985,0.005880279026436347,0.0009699947453865095,0.0011102167837092215,8.192183600932643e-05,0.0012625009328553934,0.0012227964847281742,0.002834093455561928,0.00046338609080122384,0.003591493497684969,0.007209624156771743,0.0020143725075176828,0.00041413247160543287,0.0010147250730235032,0.0016117995587847326,0.0009287825334063568,0.00016032555636181015,0.0010298027115528269,0.001022263892288166,0.000673467854309804,0.005435991277772268,0.0036085814880182036,0.0031663040911580325,0.0019701447678316646,0.001531385486628338,0.0026300427474650768,0.0006267271748689011,0.0021706773602716747,0.0007056334831723604,0.0013368839496000588,0.0028019278266993713,0.0019128497414202337,0.0023862875912410066,0.0033075313053827007,0.0052088215239304535,0.005085184887989997,0.0016459755394512,0.00045182656792874115,0.0017299077272644372,0.0012494336461299788,0.000774488032456274,0.0013082364363943434,0.0036869852083706873,0.004056889940290102,0.004589130580375238,0.0029944190119237397,0.002216412863810623,0.0015585252359811216,0.0038357512418600165,0.0037136223697724936,0.0007362913481819867,0.001012714721219594,0.0034753956810091736,0.0017374465465290981,0.0028531917976990714,0.0022546095480849102,0.0022279723866831056,0.0034789137966660163,0.004064428759554765,0.0021877653506049075,0.0034733853292052645,0.00179273122113662,0.00174699571759767,0.0006684419748000311,0.0006282349387218313,0.0005352561677910012,0.00018696271776361822,0.003289940727098489,0.002681809306415756,0.004071967578819426,0.0032537543946281125,0.0048047408113445714,0.0015278673709714953,0.002515955282593192,0.0009307928852102659,0.00020405070809685275,8.192183600932643e-05,0.002416442868299654,0.0030919210744133688,0.0029145075277183224,0.0004885154883500983,0.0011041857282974923,0.00420213785812259,0.004268479467651616,0.001995274165380539,0.004608228922512381,0.0033587952763824026,0.0009880879116216969,0.0012454129425221606,0.0016726127008530062,0.0010378441187684669,0.0011956567353753906,0.0030667916768644943,0.0020942839917230983,0.006412519666521482,0.0027561923231604214,0.005527462284850166,0.0019681344160277555,0.0020369889653116674,0.0032597854500398416,0.0010549321091016996,0.0014876603348932989,0.0005970744857612294,0.0010795589186995969,0.0017851924018719573,0.001182589448649976,0.0012112369618556915,0.0037648863407721937,0.003181381729687358,0.001186610152257796,0.001105190904199447,0.0010107043694156832,0.0030099992384040406,0.0006960843121037903,0.0022676768348103248,0.0014972095059618707,0.0014590128216875834,0.0012986872653257715,0.00419811715451477,0.004054879588486193,0.004726337090992086,0.0013579926435411116,0.0014268471928250252,0.001053926933199745,0.00015429450095008276,0.0008031355456619912,0.0005930537821534111,0.0019208911486358737,0.003490473319538499,0.007097044455752792,0.005407343764566553,0.0016459755394512,0.00189777210289091,0.0007192033578487522,0.0010679993958271142,0.00021561023096933196,0.0003633710885567083,0.0005799864954279949,0.0010091966055627514,0.0007096541867801821,0.003128107406883745,0.0018615857704205319,0.0034789137966660163,0.006686932687755179,0.002365178897299954,0.005096241822911501,0.0011197659547777933,0.003282401907833828,0.0028496736820422305,0.005002760464029692,0.0025747580728575567,0.0018178606186854927,0.0019284299679005364,0.003133635874344497,0.0036829645047628673,0.0027446328002879404,0.0029527042119926097,0.004462981004679895,0.0038282124225953555,0.0025174630464461258,0.0007307628807212349,0.000408101416193702,0.0019033005703516619,0.002410914400838902,0.0035321881194696272,0.0032633035656966843,0.0037367414155174573,0.003025076876933366,0.0035191208327442144,0.0022314905023399466,0.001388650508550738,0.002582799480073195,0.0016706023490490954,0.003227117233226306,0.0015238466673636753,0.002807456294160123,0.0018349486090187273,0.0036734153336942955,0.0025174630464461258,0.0008011251938580821,0.002777301017101474,0.0001467556816854218,0.0009574300466120723,0.0006302452905257439,0.004421266204748765,0.0019033005703516619,0.0005724476761633339,0.0037859950347132482,0.005107801345783982,0.002452629200770032,0.006559275348206902,0.0023973445261625103,0.001430365308481868,0.002935616221659377,0.0020807141170467083,0.005318888285194518,0.0005387742834478439,0.0012665216364632133,0.002147558314526711,0.000782026851720935,0.00041212211980152375,0.007034220961880607,0.005222391398606845,0.005111822049391802,0.0017701147633426336,0.004060910643897922,0.00033170804764512743,0.0020158802713706146,0.001592701216647589,0.00019098342137143648,0.0014399144795504398,0.004783632117403517,0.0042855674579848485,0.0013750806338743461,0.0023229615094178466,0.00460069010324772,0.0015142974962951035,0.005630492814800547,0.003276873440373076,0.000816202832387404,0.0010298027115528269,0.001489670686697208,0.0011006676126406496,0.0008564098684656022,0.002515955282593192,0.004177008460573716,0.0027923786556307995,0.0032653139175005935,0.0001849523659597091,0.0007247318253095041,0.0014841422192364562,0.0011403720607678688,0.00025732503090046197,0.0005493286304183685,0.0007800164999170259,0.0020028129846452,0.0017148300887351135,0.00179273122113662,0.005138459210793608,0.009979386354608556,0.004407696330072373,0.002294313996212131,0.004909279105147884,0.00030054759468452555,0.0028019278266993713,0.002262148367349573,0.002353619374427471,0.0010509114054938814,0.004976123302627887,0.00459465904783599,0.003446748167803458,0.002052066603840993,0.0033150701246473634,0.0038739479261343038,0.0019892431099688083,0.002403375581574241,0.0050600554904411225,0.002967781850521935,0.002823036520640424,0.006175800741611096,0.0032577750982359325,0.004167459289505144,0.002361158193692134,0.004003615617486491,0.0026491410896022204,0.003286422611441648,0.001519323375804878,0.001138864296914937,0.0006352711700355167,0.0008086640131227431,0.0047549846041978015,0.0017756432308033854,0.004541384725032379,0.0018922436354301582,0.004052869236682282,0.003856859935801071,0.0011634911065128324,0.0013449253568156988,0.0016610531779805236,0.0028552021495029823,0.00017540319489113554,0.0025958667667986095,0.0015107793806382625,0.0012665216364632133,0.0030290975805411843,0.004322256378406204,0.004359950474729514,0.005203293056469702,0.001182589448649976,0.004490120754032677,0.000673467854309804,0.0007971044902502604,0.0010011551983471114,0.0019666266521748237,0.0012589828171985507,0.0017108093851272935,0.0014419248313543489,0.001274060455727876,0.0034276498256663145,0.004613757389973133,0.0064029704954529105,0.007171427472497455,0.0017701147633426336,0.00025833020680241653,0.0004985672473696474,0.0008870677334752268,0.001184599800453887,0.0011006676126406496,0.0035990323169496317,0.001186610152257796,0.0009157152466809423,0.0040056259692904,0.0022546095480849102,0.0007704673288484558,0.0009880879116216969,0.0024928362368482285,0.0009116945430731223,0.0007212137096526648,0.0014610231734914925,0.0033015002499709716,0.0023385417358981475,0.0025064061115246204,0.005638031634065208,0.0013484434724725398,0.0008373115263284568,0.002988890544462988,0.0037764458636446764,0.0015831520455790171,0.0010690045717290687,0.0014876603348932989,0.00024023704056722744,0.0007553896903191304,0.0013600029953450225,0.0038337408900561074,0.0024928362368482285,0.0024450903815053694,0.0014037281470800616,0.0015218363155597662,0.0019304403197044455,0.0010107043694156832,0.002603405586063272,0.0014534843542268298,0.003962403405506338,0.0019681344160277555,0.0009137048948770331,0.004562493418973433,0.003341707286049168,0.006774885579176236,0.0038221813671836264,0.0034120695991860135,0.0006217012953591249,0.0005548570978791238,0.0010051759019549314,0.0007227214735055949,0.0015258570191675862,0.00325023627897127,0.0013921686242075806,0.002357640078035291,0.003627679830155347,0.0062903907944339595,0.0028612332049147114,0.005390255774233318,0.000556867449683033,0.0007609181577798822,9.147100707789999e-05,0.0006598979796334122,0.0015524941805693908,0.0007955967263973268,0.0036105918398221127,0.0008011251938580821,0.002628534983612145,0.0044519240697583895,0.0018997824546948192,0.0005654114448496485,0.0029642637348650924,0.0011594704029050142,0.002216412863810623,0.0006619083314373213,0.002759710438817264,0.0017087990333233827,0.0008086640131227431,0.000923254065945605,0.0037613682251153528,0.0020349786135077583,0.004118205670309353,0.0021932938180656593,0.00026536643811610194,0.0002668742019690355,0.0009916060272785396,0.0011212737186307251,0.0034140799509899244,0.0039312429525457365,0.002477758598318905,0.0012303353039928352,0.0006789963217705558,0.0019721551196355755,0.0022792363576828057,0.003847310764732499,0.0006066236568298029,0.002260138015545662,0.0013218063110707352,0.0013760858097763007,0.001804290744009101,0.00189375139928309,0.0014494636506190116,0.00339699196065669,0.005010801871245332,0.0031049883611387816,0.004642404903178849,0.00230034505162386,0.0017072912694704508,0.00039855224512513193,0.0011901282679146388,0.00043473857759550663,0.001485649983089388,0.0019073212739594819,0.004548923544297041,0.003177863614030515,0.003196961956167659,0.0030059785347962224,0.0020887555242623465,0.00041212211980152375,0.0030497036865312615,0.0014494636506190116,0.00018696271776361822,0.0012720501039239652,0.001794741572940529,0.00021561023096933196,0.001995274165380539,0.0013504538242764506,0.0006005926014180721,0.003089910722609458,0.0013981996796193098,0.0014248368410211144,0.001129315125846365,0.0011901282679146388,0.000366386616262572,0.003130117758687656,0.0017148300887351135,0.0015047483252265317,0.004428805024013426,0.004680601587453136,0.0025330432729264267,0.0031527342164816407,--,--,--
135,0.0021973145216734793,0.0009041557238084613,0.0035055509580678226,0.0025843072439261285,0.002511934578985372,0.003866409106869643,0.0036563273433610627,0.0021304703241934765,0.0016957317465979699,0.0003281899319882847,0.0011072012560033578,0.0006830170253783775,0.0006925661964469476,0.0005056034786833294,0.0014248368410211144,0.003431167941323157,0.0014228264892172052,0.0025330432729264267,0.003187412785099087,0.001592701216647589,0.0019796939389002365,0.0009267721816024459,0.0024928362368482285,0.0010986572608367405,0.0022335008541438574,0.0025863175957300377,0.000499572423271602,0.0017605655922740618,0.0015736028745104453,0.001955067129302341,0.006239126823434258,0.00349801213880316,0.00179273122113662,0.0032175680621577343,0.0008925962009359786,0.003135646226148408,0.0007724776806523649,0.00026235091041023825,0.0009348135888180859,0.001640447071990448,0.001274060455727876,0.0015680744070496935,0.00495149649302999,0.0027466431520918495,0.0025521416150635703,0.000616172827898373,0.0021400194952620483,0.001274060455727876,0.0007513689867113121,0.006063221040592145,0.0015756132263143544,0.004159920470240483,0.0021822368831441556,0.0032060085392852534,0.005874750558975595,0.006309489136571103,0.0021133823338602437,0.0026757782510040268,0.0055711874365852055,0.0008297727070637959,0.0011006676126406496,8.393218781323555e-05,0.0011403720607678688,0.001138864296914937,0.002773280313493656,0.00044830845227189844,0.003639239353027828,0.006813082263450523,0.0018656064740283518,0.0003759357873311456,0.0009137048948770331,0.001443935183158258,0.0008011251938580821,0.00016384367201865285,0.000873497858798835,0.000978538740553125,0.0007212137096526648,0.005275665721410456,0.003240687107902698,0.003015527705864794,0.0018711349414891037,0.001428354956677957,0.002355629726231382,0.0005618933291928058,0.001964616300370913,0.0006257219989669466,0.001180579096846067,0.0027446328002879404,0.00175101642120549,0.0022450603770163384,0.00335125645711774,0.004756994956001712,0.004518265679287415,0.0015087690288343517,0.00038347460659580654,0.0014665516409522444,0.0010624709283663623,0.0007227214735055949,0.001186610152257796,0.0034105618353330817,0.003866409106869643,0.0040895581571036375,0.0031165478840112643,0.002111371982056333,0.0014132773181486334,0.003593503849488878,0.003236666404294878,0.000715182654240934,0.0008905858491320695,0.003231137936834126,0.001634416016578719,0.0025541519668674795,0.002117403037468062,0.0021741954759285156,0.0033015002499709716,0.00390058508753611,0.0020827244688506174,0.002973310317982687,0.0014972095059618707,0.0016690945851961635,0.0006684419748000311,0.0005443027509085957,0.00047193008596783936,0.00019249118522437006,0.0030667916768644943,0.002681809306415756,0.004112174614897624,0.003143185045413069,0.004524296734699144,0.0014725826963639735,0.002208874044545962,0.0009403420562788378,0.00020606105990076187,8.292701191128099e-05,0.0021762058277324265,0.0028531917976990714,0.0028094666459640323,0.0005302302882812249,0.0010755382150917769,0.004367991881945154,0.004099107328172209,0.0018289175536069981,0.004123734137770105,0.003030605344394118,0.0010147250730235032,0.0012760708075317852,0.0015298777227754062,0.0009403420562788378,0.0011996774389832106,0.0029642637348650924,0.0021666566566638547,0.0064371464761193795,0.0024511214369171003,0.005090713355450749,0.0017816742862151163,0.0018052959199110572,0.0028838496627086978,0.001047895877788016,0.001428354956677957,0.0005513389822222811,0.0009745180369453068,0.0017052809176665417,0.001274060455727876,0.0011443927643756888,0.003440717112391729,0.002939134337316218,0.0010881029138662124,0.001059455400660497,0.0008905858491320695,0.0030099992384040406,0.0007131723024370248,0.0021324806759973874,0.0014419248313543489,0.0014745930481678843,0.0013635211110018652,0.004020703607819724,0.003579933974812488,0.004116195318505444,0.0012609931690024615,0.0013333658339432161,0.000964968865876735,0.00014776085758737637,0.0007533793385152213,0.000499572423271602,0.0018158502668815836,0.0036774360373021155,0.0067980046249212,0.005277676073214365,0.0016153176744415753,0.0017912234572836881,0.0006468306929079994,0.0009709999212884641,0.00022716975384181465,0.0003995574210270865,0.0005473182786144594,0.0009443627598866577,0.0006639186832412339,0.002735083629219367,0.0017585552404701527,0.00339297125704887,0.005887817845701009,0.002168667008467764,0.004785642469207428,0.001081569270503506,0.002885860014512607,0.002731565513562526,0.004407696330072373,0.0022792363576828057,0.0015791313419711971,0.0019681344160277555,0.0030974495418741206,0.0034789137966660163,0.0027044257642097422,0.0027501612677486922,0.00405136147282935,0.0034065411317252617,0.0021706773602716747,0.0007096541867801821,0.0004060910643897929,0.0018349486090187273,0.0022928062323591975,0.0033683444474509744,0.00343870676058782,0.0035764158591556454,0.0027883579520229795,0.0031984697200205907,0.002000802632841291,0.0012971795014728397,0.0022812467094867166,0.0015504838287654817,0.003021056173325546,0.0014665516409522444,0.0026013952342593613,0.0019148600932241445,0.003551286461606771,0.002452629200770032,0.000673467854309804,0.0025290225693186067,0.0001733928430872264,0.0008639486877302632,0.000574960615918222,0.003915662726065434,0.001689700691186239,0.0005453079268105503,0.0036181306590867754,0.004627327264649525,0.0023958367623095785,0.006277323507708545,0.0022410396734085184,0.0013600029953450225,0.0028381141591697478,0.0018274097897540646,0.0048419323197169024,0.0004900232522030284,0.0011358487692090732,0.0018731452932930145,0.0007116645385840913,0.00042368164267400296,0.007034220961880607,0.0050047708158336025,0.004907771341294951,0.0015866701612358598,0.0035688770398909827,0.0002708949055768538,0.0017681044115387245,0.0014554947060307407,0.00017540319489113554,0.0013027079689335915,0.004610239274316292,0.004037791598152958,0.0013162778436099833,0.0020867451724584374,0.004146350595564091,0.0014494636506190116,0.005218370694999025,0.0031663040911580325,0.0007438301674466477,0.0009574300466120723,0.0013770909856782552,0.0010167354248274123,0.0007322706445741685,0.002507913875377554,0.003996076798221828,0.0027903683038268887,0.0031049883611387816,0.0001698747274303837,0.0006026029532219812,0.0015032405613735998,0.0010564398729546332,0.0002462680959789583,0.0004729352618697939,0.0007609181577798822,0.0018997824546948192,0.0015333958384322471,0.0016992498622548109,0.0045966693996399004,0.009162680934270175,0.004211184441240185,0.00210785386639949,0.004392618691543049,0.00028898807181204286,0.0023249718612217557,0.0020771960013898656,0.002460670607985672,0.0009745180369453068,0.004840927143814948,0.004434836079425157,0.0032597854500398416,0.0017660940597348136,0.002981351725198325,0.00350203284241098,0.00179675192474444,0.002266169070957393,0.004630845380306368,0.002582799480073195,0.0028059485303071896,0.00569331630867273,0.002935616221659377,0.003913652374261525,0.002163138541007012,0.0037668966925761046,0.002317433041957093,0.0029562223276494524,0.001428354956677957,0.0010870977379642578,0.0005799864954279949,0.0006352711700355167,0.004392618691543049,0.0017625759440779726,0.004371509997601995,0.0017912234572836881,0.0037327207119096373,0.003646778172292491,0.0009936163790824504,0.0011102167837092215,0.0015524941805693908,0.002569229605396805,0.00015932038045985558,0.002406893697231082,0.0014343860120896862,0.001134843593307117,0.0028039381785032805,0.003858367699654003,0.004200127506318679,0.00474543543312923,0.0011082064319053123,0.004102625443829052,0.0005980796616631839,0.0007458405192505603,0.0009076738394653023,0.001798762276548349,0.001130822889699297,0.0014841422192364562,0.0015298777227754062,0.001081569270503506,0.003639239353027828,0.004363971178337334,0.0057752381446820565,0.006633658364951568,0.0015047483252265317,0.00022515940203790552,0.0004432825727621256,0.0008257520034559776,0.001226314600385017,0.001022263892288166,0.0035839546784203064,0.0012303353039928352,0.0008925962009359786,0.0036412497048317373,0.0018997824546948192,0.0007418198156427386,0.0007955967263973268,0.002168667008467764,0.0008297727070637959,0.0006312504664276984,0.001384629804942918,0.0031492161008247997,0.0024546395525739412,0.0024300127429760458,0.005649591156937691,0.001228324952188926,0.0007478508710544694,0.0024757482465149958,0.0033532668089216507,0.0012951691496689288,0.0010564398729546332,0.001331355482139307,0.00023269822130256648,0.0007307628807212349,0.0012494336461299788,0.003848818528585431,0.0023420598515549902,0.002147558314526711,0.0013197959592668243,0.0013524641760803598,0.0017108093851272935,0.0009307928852102659,0.0024355412104367976,0.0014399144795504398,0.003813637372017009,0.0017625759440779726,0.0009267721816024459,0.0046444152549827596,0.003137656577952317,0.006319038307639675,0.0037327207119096373,0.003137656577952317,0.0005714425002613793,0.0005724476761633339,0.0008468606973970304,0.0006523591603687512,0.0014474532988151007,0.002868772024179374,0.0015183181999029235,0.002410914400838902,0.003408551483529171,0.005792828722966268,0.002610944405327933,0.005018340690509994,0.0005513389822222811,0.0006694471507019857,9.147100707789999e-05,0.0006448203411040902,0.0014761008120208162,0.000782026851720935,0.003639239353027828,0.0008297727070637959,0.0026094366414750013,0.004211184441240185,0.0016957317465979699,0.0004940439558108502,0.0026797989546118468,0.0010644812801702715,0.002161128189203103,0.0006483384567609295,0.002513944930789283,0.0015620433516379626,0.0007247318253095041,0.0009403420562788378,0.003805093376850392,0.00210785386639949,0.0038186632515267837,0.0020334708496548264,0.0002462680959789583,0.00028044407664542734,0.000873497858798835,0.0010679993958271142,0.003179371377883447,0.00358948314588106,0.002618985812543573,0.0011785687450421578,0.0007267421771134167,0.0018193683825384263,0.0021344910278012965,0.0035764158591556454,0.0005091215943401721,0.002161128189203103,0.0012092266100517824,0.0011680143980716297,0.0016841722237254872,0.0019319480835573773,0.0015409346576969098,0.0033035106017748807,0.004922848979824274,0.0028954091855811787,0.004245863009857629,0.0020349786135077583,0.001437904127746529,0.00035834520904693204,0.0011252944222385451,0.00043473857759550663,0.0014228264892172052,0.0017796639344112054,0.004510726860022754,0.0032557647464320216,0.0031909309007559297,0.002880331547051855,0.0017736328789994763,0.00035683744519400193,0.002769259609885836,0.0013358787736981043,0.0001829420141557965,0.0012549621135907324,0.001542945009500819,0.0002744130212336965,0.0018615857704205319,0.0012986872653257715,0.000665426447094164,0.0029069687084536614,0.0012569724653946415,0.001216765429316445,0.0011197659547777933,0.0010986572608367405,0.00035683744519400193,0.002705430940111697,0.0016173280262454844,0.0014876603348932989,0.004471022411895533,0.004653964426051331,0.0025903382993378576,0.0031507238646777316,--,--,--
136,0.0020867451724584374,0.0008277623552598867,0.0032060085392852534,0.0025883279475339485,0.002416442868299654,0.003793533853977911,0.00335125645711774,0.0019681344160277555,0.0016424574237943572,0.00034728827412542837,0.001022263892288166,0.0006619083314373213,0.0006779911458686012,0.0005377691075458893,0.0013620133471489316,0.0032537543946281125,0.0013122571400021633,0.002470219779054244,0.003068802028668405,0.0015504838287654817,0.00185605730295978,0.0009307928852102659,0.002420463571907474,0.0011499212318364423,0.002092273639919189,0.0024511214369171003,0.0004885154883500983,0.0016268771973140563,0.0015449553613047298,0.0018309279054109073,0.0061913809680913985,0.003476903444862107,0.0017087990333233827,0.0029165178795222332,0.0009041557238084613,0.0027943890074347087,0.0007121671265350703,0.00028597254410617917,0.0009096841912692132,0.0015409346576969098,0.0012705423400710333,0.0013770909856782552,0.004772072594531036,0.0026380841546807168,0.0023973445261625103,0.0006066236568298029,0.0020636261267134737,0.0012358637714535887,0.0007915760227895086,0.005714425002613783,0.0015238466673636753,0.004108656499240781,0.0020867451724584374,0.0032175680621577343,0.005622953995535885,0.006381861801511858,0.0020143725075176828,0.002525504453661764,0.005373167783900084,0.0007895656709855994,0.0010946365572289205,8.393218781323555e-05,0.0010911184415720778,0.0010986572608367405,0.002777301017101474,0.0004312204619386674,0.0035744055073517345,0.006580384042147957,0.0018349486090187273,0.00036035556085084464,0.000865959039534174,0.001390660860354647,0.0007418198156427386,0.00016786437562647458,0.0008011251938580821,0.0009574300466120723,0.0006905558446430385,0.005039449384451047,0.002807456294160123,0.0027486535038957587,0.0017565448886662418,0.0013600029953450225,0.00222897756258506,0.0005473182786144594,0.0017912234572836881,0.0006066236568298029,0.0011197659547777933,0.002722016342493954,0.0016881929273333072,0.0020711649459781364,0.003297982134314129,0.0043885979879352294,0.004066439111358674,0.0014876603348932989,0.0003377391030568583,0.0013258270146785552,0.0009820568562099678,0.0007056334831723604,0.0011403720607678688,0.003169822206814875,0.0038126321961150546,0.003708093902311742,0.0031090090647466016,0.0018847048161654955,0.0013067286725414115,0.0034522766352642117,0.0029145075277183224,0.0006810066735744649,0.0008353011745245477,0.003078351199736977,0.0016173280262454844,0.002365178897299954,0.00204854848818415,0.0021897757024088183,0.0029868801926590787,0.0037211611890371546,0.0018615857704205319,0.002660700612474703,0.001386640156746827,0.0016459755394512,0.0006810066735744649,0.0004875103124481403,0.0004407696330072375,0.0002115895273615137,0.002918025643375165,0.0026511514414061313,0.004011154436751152,0.0030748330840801343,0.004443882662542751,0.0015032405613735998,0.0020334708496548264,0.0009911034393275623,0.00020907658760662556,8.694771551910271e-05,0.00204452778457633,0.002628534983612145,0.002771269961689745,0.000566416620751603,0.0010011551983471114,0.004251391477318381,0.003984517275349347,0.001808311447616921,0.003783984682909339,0.002864751320571554,0.0010338234151606469,0.0012790863352376506,0.0014665516409522444,0.0009001350202006413,0.0012514439979338897,0.0027582026749643305,0.0021209211531249047,0.006368794514786443,0.0022546095480849102,0.00489219111481465,0.0017148300887351135,0.0016811566960196218,0.0026395919185336486,0.0010383467067194441,0.0013811116892860752,0.0005282199364773157,0.0009348135888180859,0.0017339284308722572,0.001331355482139307,0.0011102167837092215,0.003177863614030515,0.0029029480048458414,0.0010584502247585423,0.0010393518826213987,0.0008428399937892104,0.003015527705864794,0.0007096541867801821,0.0020807141170467083,0.0013715625182175034,0.001436396363893597,0.0013504538242764506,0.0038814867453989665,0.003252246630775179,0.0037211611890371546,0.0012052059064439624,0.0013102467881982525,0.0009297877093083114,0.00015278673709714918,0.0007322706445741685,0.000457857623340472,0.0016630635297844344,0.003684974856566778,0.006378343685855015,0.0051671067239993235,0.0016268771973140563,0.0017565448886662418,0.0005990848375651385,0.0009307928852102659,0.0002477758598318919,0.0004176505872622756,0.000533245815987092,0.0008905858491320695,0.0005990848375651385,0.0024988672922599594,0.0016022503877161608,0.0033170804764512726,0.005376685899556926,0.0020430200207233983,0.004585109876767418,0.0010298027115528269,0.0026853274220725986,0.002672260135347184,0.004018693256015815,0.002099812459183852,0.0014193083735603625,0.0019626059485670037,0.003078351199736977,0.0033075313053827007,0.0027084464678175622,0.0026340634510728968,0.0038126321961150546,0.0031507238646777316,0.001996781929233471,0.0006980946639076994,0.0004176505872622756,0.0018289175536069981,0.0022239516830752856,0.002977331021590507,0.0035688770398909827,0.003408551483529171,0.002720005990690043,0.003023066525129455,0.0018671142378812854,0.0012625009328553934,0.0020711649459781364,0.0015142974962951035,0.002933605869855466,0.0014172980217564534,0.0024300127429760458,0.0019379791389691082,0.0034140799509899244,0.0024259920393682258,0.0005724476761633339,0.0023842772394370975,0.000208071411704671,0.0008327882347696595,0.0005473182786144594,0.0035266596520088754,0.0015449553613047298,0.0005302302882812249,0.0035246493002049663,0.004383069520474478,0.0021133823338602437,0.005922496414318454,0.0021264496205856565,0.0013620133471489316,0.0027541819713565122,0.0017012602140587217,0.004509721684120798,0.0004814792570364129,0.001070009747631025,0.001743477601940829,0.0007342809963780776,0.00040056259692904106,0.006736688894901949,0.004714777568119605,0.004739906965668478,0.0014916810385011189,0.003341707286049168,0.00024425774417504917,0.0016329082527257854,0.0014002100314232189,0.00016032555636181015,0.001274060455727876,0.0044976595732973395,0.00379956490938964,0.0011443927643756888,0.001895761751087001,0.0038337408900561074,0.001432375660285777,0.004985672473696459,0.0030919210744133688,0.0007021153675155212,0.0009443627598866577,0.0013047183207375006,0.0009574300466120723,0.0006448203411040902,0.0024280023911721366,0.0037900157383210682,0.002722016342493954,0.0029868801926590787,0.00016032555636181015,0.0005493286304183685,0.0015831520455790171,0.0009765283887492159,0.00025732503090046197,0.0004442877486640802,0.0007684569770445467,0.0018615857704205319,0.0013941789760114898,0.0015374165420400671,0.004080008986035066,0.008514342477509243,0.004181029164181536,0.002050558839988059,0.004110164263093713,0.00027391043328271747,0.0020771960013898656,0.002008341452105952,0.002660700612474703,0.0009348135888180859,0.004541384725032379,0.004390608339739139,0.003078351199736977,0.0015791313419711971,0.002828564988101176,0.003293961430706309,0.001715835264637068,0.0022239516830752856,0.004297126980857331,0.0023269822130256666,0.0027370939810232777,0.00539980494530189,0.0027064361160136514,0.003650798875900309,0.0019530567774984318,0.0036337108855670763,0.0021133823338602437,0.002725534458150795,0.0014002100314232189,0.0010167354248274123,0.0005282199364773157,0.000524701820820473,0.004133283308838677,0.001735436194725189,0.004173490344916875,0.0017052809176665417,0.003496001786999251,0.0034673542737935353,0.0009157152466809423,0.0009956267308863596,0.0015218363155597662,0.0023802565358292775,0.00015529967685203733,0.0022716975384181447,0.0014152876699525425,0.0011006676126406496,0.002557670082524322,0.0033532668089216507,0.004049351121025439,0.004541384725032379,0.0010755382150917769,0.0038794763935950573,0.0005588778014869421,0.0007362913481819867,0.0008297727070637959,0.0016786437562647354,0.0010891080897681687,0.0013027079689335915,0.001485649983089388,0.0009634611020238014,0.0038201710153797155,0.004230282783377328,0.00539980494530189,0.006292401146237869,0.001388650508550738,0.00021661540687128653,0.0004397644571052829,0.0007991148420541695,0.001274060455727876,0.0009996474344941796,0.0034256394738624053,0.0011655014583167433,0.0008051458974659004,0.0035171104809403036,0.0017072912694704508,0.0007342809963780776,0.0006980946639076994,0.0019379791389691082,0.0007860475553287567,0.0005759657918201766,0.001331355482139307,0.002975320669786596,0.0023938264105056693,0.0022219413312713748,0.005514394998124752,0.0010986572608367405,0.0006749756181627375,0.0021897757024088183,0.0031451953972169797,0.0011026779644445605,0.0010564398729546332,0.0012454129425221606,0.00022867751769474823,0.0007971044902502604,0.0010986572608367405,0.0036678868662335436,0.002163138541007012,0.0019741654714394846,0.0012931587978650197,0.0012514439979338897,0.0016057685033730035,0.0008885754973281586,0.0022847648251435593,0.0014745930481678843,0.0037613682251153528,0.0016726127008530062,0.0008810366780634977,0.0045509338961009504,0.002881839310904787,0.005932045585387026,0.00369050332402753,0.0030099992384040406,0.0005814942592809284,0.0005950641339573202,0.000749358634907403,0.0006066236568298029,0.0014248368410211144,0.002668239431739364,0.0015142974962951035,0.002307883870888521,0.003225106881422397,0.005420913639242943,0.002466199075446424,0.004787652821011337,0.000556867449683033,0.0006619083314373213,8.946065527399086e-05,0.0006558772760255939,0.0014725826963639735,0.0008051458974659004,0.0035784262109595545,0.0007227214735055949,0.0025290225693186067,0.004116195318505444,0.0015851623973829262,0.0004940439558108502,0.0025425924439949985,0.0010262845958959842,0.0021505738422325747,0.0006543695121726603,0.0022963243480160402,0.0015142974962951035,0.0006332608182316075,0.0009383317044749286,0.0038377615936639273,0.002204853340938142,0.003646778172292491,0.0019113419775673018,0.00025179656343971013,0.0002975320669786584,0.0008222338877991349,0.001065989044023205,0.002933605869855466,0.003284412259637737,0.002763731142425084,0.0009498912273474096,0.0007398094638388295,0.0017072912694704508,0.002058097659252722,0.003435188644930977,0.00048047408113445836,0.00215358936993844,0.0012227964847281742,0.0010825744464054605,0.0016193383780493936,0.0019761758232433955,0.0014725826963639735,0.0032633035656966843,0.004865553953412843,0.0028039381785032805,0.004024724311427544,0.0019223989124888055,0.0013524641760803598,0.00033170804764512743,0.0011433875884737342,0.0004196609390661847,0.0013600029953450225,0.0017183482043919545,0.004359950474729514,0.0033587952763824026,0.0031492161008247997,0.002715985287082223,0.0015600329998340535,0.00034728827412542837,0.0025918460631907895,0.001278081159335696,0.00019249118522437006,0.0012358637714535887,0.0013921686242075806,0.00028245442844933646,0.0017319180790683463,0.0011921386197185479,0.0006674367988980731,0.0027486535038957587,0.0011785687450421578,0.0011137348993660642,0.001123284070434636,0.0010564398729546332,0.00036236591265475376,0.0024546395525739412,0.0015640537034418735,0.0014132773181486334,0.004455442185415232,0.004474540527552376,0.0025365613885832694,0.003177863614030515,--,--,--
137,0.00204854848818415,0.0008051458974659004,0.003036636399805847,0.0027029180003568104,0.0023877953550939385,0.003751819054046781,0.0029547145637965205,0.0017565448886662418,0.0015962193323044317,0.0003699047319194147,0.0010096991935137287,0.0006769859699666467,0.0006940739602998812,0.0006181831797022821,0.0013333658339432161,0.0032004800718245015,0.0012514439979338897,0.0022355112059477666,0.002834093455561928,0.0014554947060307407,0.0018731452932930145,0.0009539119309552296,0.002470219779054244,0.0012474232943260697,0.001955067129302341,0.002422473923711385,0.00047695596547761565,0.0015449553613047298,0.001592701216647589,0.0016077788551769126,0.005952651691377101,0.0033205985921081153,0.0017223689079997745,0.002773280313493656,0.0009916060272785396,0.0025541519668674795,0.0007001050157116086,0.0003211537006745993,0.0008966169045437986,0.0014761008120208162,0.0012418948268653179,0.0010795589186995969,0.004516757915434483,0.002464188723642513,0.002376738420172435,0.0006332608182316075,0.0020410096689194874,0.0012645112846593042,0.0008393218781323694,0.005376685899556926,0.0014665516409522444,0.004125744489574016,0.002012362155713772,0.003078351199736977,0.005170624839656166,0.006313509840178921,0.0019339584353612882,0.002456649904377852,0.005247018208204741,0.0008106743649266522,0.0010850873861603487,8.192183600932643e-05,0.0010986572608367405,0.0010931287933759887,0.002823036520640424,0.00041011176799761115,0.0033150701246473634,0.006408498962913662,0.0018847048161654955,0.0003678943801155056,0.000865959039534174,0.0013981996796193098,0.0007458405192505603,0.00017188507923429283,0.0007875553191816903,0.0009458705237395913,0.0005990848375651385,0.004739906965668478,0.0023385417358981475,0.002365178897299954,0.0016173280262454844,0.0013162778436099833,0.002234506030045812,0.0005779761436240857,0.0016329082527257854,0.0006141624760944639,0.0011137348993660642,0.002713974935278314,0.0016610531779805236,0.00185203659935196,0.003143185045413069,0.004087547805299727,0.003783984682909339,0.0015218363155597662,0.0003146200573118929,0.0012795889231886279,0.0009554196948081631,0.0007212137096526648,0.0011443927643756888,0.002988890544462988,0.003793533853977911,0.003440717112391729,0.0029029480048458414,0.0015032405613735998,0.001224304248581106,0.003387442789588118,0.002759710438817264,0.0006026029532219812,0.000823741651652065,0.003032615696198027,0.0016630635297844344,0.002258127663741753,0.0020274397942430956,0.0022279723866831056,0.0025903382993378576,0.0034658465099406018,0.0015736028745104453,0.0024873077693874767,0.0014132773181486334,0.0016595454141275917,0.0007171930060448431,0.00045031880407581104,0.00042368164267400296,0.00023068786949865736,0.0027903683038268887,0.002567219253592894,0.00384127970932077,0.002990900896266897,0.004514747563630572,0.001588680513039769,0.00194752831003768,0.0010765433909937314,0.00020706623580271644,9.348135888180911e-05,0.002004823336449111,0.0024300127429760458,0.0027521716195526014,0.0005855149628887467,0.000816202832387404,0.0037744355118407655,0.003913652374261525,0.001854046951155871,0.00354374764234211,0.0028059485303071896,0.001022263892288166,0.0012197809570223088,0.0014630335252954017,0.0008850573816713177,0.0013047183207375006,0.002462178371838604,0.0019681344160277555,0.006132075589876057,0.0021304703241934765,0.004779611413795697,0.0017605655922740618,0.0016117995587847326,0.0025270122175146976,0.0010378441187684669,0.001373070282070437,0.000524701820820473,0.0009061660756123704,0.0017721251151465445,0.001331355482139307,0.0010378441187684669,0.002967781850521935,0.0029828594890512587,0.0010795589186995969,0.0010489010536899705,0.0008523891648577822,0.0029924086601198305,0.0007021153675155212,0.002101822810987761,0.0013218063110707352,0.0013102467881982525,0.0012971795014728397,0.0037668966925761046,0.0030099992384040406,0.0034296601774702253,0.0011881179161107296,0.001338894301403968,0.0009307928852102659,0.00016585402382256545,0.0007307628807212349,0.00043674892939941923,0.0014343860120896862,0.0035055509580678226,0.005739051812211678,0.005048998555519619,0.0016841722237254872,0.0017851924018719573,0.0005453079268105503,0.0009116945430731223,0.00027843372484151474,0.000424184230624982,0.0005352561677910012,0.0008488710492009395,0.0005111319461440812,0.0023229615094178466,0.001430365308481868,0.003139666929756228,0.0051098116975878925,0.0020178906231745238,0.004430815375817337,0.0009519015791513204,0.002624514280004325,0.0026436126221414686,0.0037668966925761046,0.0019817042907041473,0.001327334778531487,0.0018751556450969237,0.003034626048001938,0.003076340847933066,0.0027084464678175622,0.002622503928200416,0.0037689070443800137,0.003000450067335469,0.001964616300370913,0.0006885454928391294,0.00043875928120332836,0.0018575650668127136,0.0021741954759285156,0.0023938264105056693,0.003559327868822411,0.003238676756098789,0.002763731142425084,0.002929585166247646,0.001804290744009101,0.0012589828171985507,0.0019264196160966255,0.001542945009500819,0.002973310317982687,0.0013464331206686306,0.002258127663741753,0.0018806841125576755,0.003188920548952019,0.0022963243480160402,0.0004885154883500983,0.00234608055516281,0.00025179656343971013,0.0008051458974659004,0.0005236966449185185,0.0032537543946281125,0.0014761008120208162,0.0005322406400851375,0.003476903444862107,0.004325774494063047,0.0016595454141275917,0.005390255774233318,0.0020294501460470064,0.001384629804942918,0.0026913584774843277,0.0016575350623236808,0.004279033814622142,0.000507111242536263,0.0010463881139350841,0.0017087990333233827,0.0008051458974659004,0.00035482709339008933,0.006317027955835764,0.004402167862611621,0.004581591761110577,0.0014419248313543489,0.0033110494210395434,0.00022716975384181465,0.0015791313419711971,0.0014077488506878816,0.0001447453298815092,0.0012951691496689288,0.004396639395150869,0.003551286461606771,0.0008604305720734222,0.0017490060694015808,0.003601042668753541,0.0014665516409522444,0.004957024960490743,0.0030632735612076533,0.0006789963217705558,0.0009725076851413959,0.0012434025907182497,0.0009328032370141768,0.0005644062689476939,0.002208874044545962,0.0035532968134106818,0.0026586902606707923,0.0029069687084536614,0.00016032555636181015,0.0005111319461440812,0.001693721394794059,0.0009001350202006413,0.0002879828959100883,0.00043674892939941923,0.000782026851720935,0.001850026247548051,0.0012971795014728397,0.0012986872653257715,0.003585965030224217,0.008163536087726972,0.004367991881945154,0.0021093616302524237,0.003984517275349347,0.0002548120911455738,0.0020143725075176828,0.0020178906231745238,0.0029069687084536614,0.0009137048948770331,0.00410664614743687,0.0043393443687394385,0.0029124971759144132,0.0014801215156286362,0.002777301017101474,0.003229127585030217,0.0017414672501369181,0.002248578492673181,0.00405136147282935,0.002157107485595283,0.002618985812543573,0.005277676073214365,0.0024355412104367976,0.0033492461053138307,0.0017203585561958654,0.003601042668753541,0.0020274397942430956,0.002565208901788985,0.001418303197658408,0.0009634611020238014,0.00048650513654618574,0.00046539644260513297,0.00390058508753611,0.001693721394794059,0.003866409106869643,0.0016233590816572135,0.0033110494210395434,0.003330147763176687,0.0009539119309552296,0.0009478808755435005,0.0015374165420400671,0.002260138015545662,0.00016032555636181015,0.0021706773602716747,0.0014057384988839707,0.0010986572608367405,0.002331002916633485,0.0028019278266993713,0.0038719375743303946,0.004533845905767716,0.0010891080897681687,0.0037744355118407655,0.0005427949870556621,0.0007513689867113121,0.0007860475553287567,0.0015982296841083408,0.0010755382150917769,0.0011634911065128324,0.0012625009328553934,0.0009061660756123704,0.003847310764732499,0.004083527101691908,0.005239479388940078,0.006166251570542524,0.001384629804942918,0.0002231490502339964,0.00046991973416393024,0.000806653661318834,0.0012931587978650197,0.0010107043694156832,0.0030572425057959225,0.0009478808755435005,0.0006905558446430385,0.003490473319538499,0.0015982296841083408,0.0007287525289173258,0.0006598979796334122,0.0017872027536758681,0.000764938861387704,0.0005206811172126548,0.0012891380942571997,0.0027406120966801204,0.002111371982056333,0.0018806841125576755,0.005067594309705785,0.000980549092357036,0.0006312504664276984,0.00204452778457633,0.003076340847933066,0.0009765283887492159,0.0010328182392586923,0.001224304248581106,0.00022867751769474823,0.0008755082106027458,0.0008946065527398895,0.0032653139175005935,0.001991253461772719,0.00189777210289091,0.0013258270146785552,0.001224304248581106,0.0015866701612358598,0.0008830470298674068,0.002147558314526711,0.0015087690288343517,0.003809114080458212,0.0016424574237943572,0.000782026851720935,0.00425340182912229,0.0025938564149947003,0.005681756785800247,0.003646778172292491,0.003023066525129455,0.000623711647163034,0.0006141624760944639,0.0006940739602998812,0.0005799864954279949,0.0014494636506190116,0.0025978771186025203,0.0013142674918060725,0.00204854848818415,0.0030461855708744188,0.005176655895067895,0.002412924752642813,0.004678591235649227,0.0005704373243594248,0.0007116645385840913,8.594253961714815e-05,0.0006749756181627375,0.0015163078480990144,0.000865959039534174,0.0032994898981670608,0.0005186707654087457,0.002414935104446722,0.004045330417417621,0.0015489760649125498,0.0005397794593497984,0.0025043957597207112,0.0010318130633567377,0.0021561023096933283,0.0006694471507019857,0.0021324806759973874,0.0015032405613735998,0.0005342509918890466,0.0009554196948081631,0.0038241917189875355,0.0022867751769474684,0.003585965030224217,0.00185605730295978,0.0002729052573807629,0.0003090915898511411,0.0008277623552598867,0.0010795589186995969,0.002677788602807936,0.002979341373394416,0.0027828294845622277,0.0006086340086337121,0.0007192033578487522,0.001634416016578719,0.0020294501460470064,0.003337686582441348,0.0005035931268794203,0.0021762058277324265,0.0012951691496689288,0.0010825744464054605,0.001594711568451498,0.0019932638135766283,0.0013122571400021633,0.003229127585030217,0.004787652821011337,0.0027541819713565122,0.003934761068202577,0.0018847048161654955,0.0013750806338743461,0.0003211537006745993,0.0012333508316987006,0.0003910134258604675,0.0012625009328553934,0.001697742098401879,0.0040970969763682984,0.0033321581149805962,0.0030290975805411843,0.002565208901788985,0.0014570024698836725,0.00037191508372332385,0.0024968569404560485,0.0012444077666202043,0.00020957917555760458,0.0011881179161107296,0.0013177856074629152,0.0002633560863121928,0.001592701216647589,0.0009996474344941796,0.0005950641339573202,0.0026360738028768076,0.0011464031161795996,0.0011122271355131323,0.0011252944222385451,0.0010413622344253096,0.00038548495839971567,0.0023249718612217557,0.0015122871444911944,0.0012665216364632133,0.004230282783377328,0.0040895581571036375,0.002368697012956795,0.0031507238646777316,--,--,--
138,0.0019741654714394846,0.0007589078059759731,0.002817005465228695,0.002761720790621173,0.0023973445261625103,0.00364476782048858,0.0025461105596518412,0.001588680513039769,0.0015238466673636753,0.00038699272225264925,0.0009584352225140268,0.0006845247892313076,0.0007026179554664967,0.0006925661964469476,0.0012876303304042679,0.003093931426217278,0.0011634911065128324,0.0020239216785862546,0.002603405586063272,0.0013293451303353961,0.001854046951155871,0.0009574300466120723,0.0024335308586328885,0.0012971795014728397,0.00179273122113662,0.00234608055516281,0.00045986797514438113,0.0014514740024229207,0.0016097892069808217,0.0014208161374132961,0.005714425002613783,0.003076340847933066,0.0017128197369312027,0.0025174630464461258,0.0010489010536899705,0.0022832570612906257,0.0006533643362707058,0.00035382191748813477,0.000861938335926354,0.0013715625182175034,0.0011996774389832106,0.000861938335926354,0.004310696855533721,0.0023325106804864184,0.0022867751769474684,0.0006428099893001776,0.0019817042907041473,0.001274060455727876,0.000869979743141994,0.005018340690509994,0.0014208161374132961,0.004184547279838378,0.0018922436354301582,0.002881839310904787,0.0046976895777863705,0.006126547122415305,0.0018274097897540646,0.002305873519084612,0.005027889861578566,0.0007991148420541695,0.0010679993958271142,8.393218781323555e-05,0.001077548566895686,0.001070009747631025,0.002832585691708996,0.00040056259692904106,0.0029451653927279487,0.006119008303150642,0.001895761751087001,0.0003759357873311456,0.0008413322299362785,0.0013524641760803598,0.0007383016999858959,0.00017540319489113554,0.0007513689867113121,0.0009267721816024459,0.0005548570978791238,0.004402167862611621,0.001895761751087001,0.002054076955644902,0.001443935183158258,0.0012625009328553934,0.002161128189203103,0.0005960693098592748,0.001437904127746529,0.0006066236568298029,0.0010624709283663623,0.002668239431739364,0.0015866701612358598,0.0016233590816572135,0.002933605869855466,0.0037271922444488854,0.0034482559316563917,0.0015142974962951035,0.0002899932477139974,0.001182589448649976,0.0009061660756123704,0.0007307628807212349,0.0011102167837092215,0.002780819132758317,0.0037096016661646736,0.0031507238646777316,0.0026054159378671813,0.0010931287933759887,0.001138864296914937,0.0032597854500398416,0.0025863175957300377,0.0005091215943401721,0.0007895656709855994,0.0029602430312572724,0.001682161871921578,0.002092273639919189,0.0019701447678316646,0.0021897757024088183,0.0022199309794674656,0.003229127585030217,0.0013409046532078788,0.0022335008541438574,0.0013921686242075806,0.0016555247105197717,0.0007764983842601832,0.00040508588848783833,0.00039553671741926477,0.00023822668876331832,0.0025958667667986095,0.0025023854079168004,0.0037709173961839246,0.002830575339905087,0.004495649221493429,0.001640447071990448,0.00179675192474444,0.0011594704029050142,0.0001985222406361009,9.800465044060638e-05,0.0019168704450280537,0.0022219413312713748,0.0027104568196214714,0.0005855149628887467,0.0006121521242905548,0.0032442052235595407,0.003797554557585729,0.0018309279054109073,0.0032080188910891625,0.002677788602807936,0.0010031655501510223,0.0011338384174051624,0.001437904127746529,0.0008523891648577822,0.0013464331206686306,0.002099812459183852,0.0017816742862151163,0.0058249943518288265,0.002000802632841291,0.004520276031091326,0.0017796639344112054,0.001485649983089388,0.002353619374427471,0.0010318130633567377,0.0013791013374821661,0.0005111319461440812,0.0008393218781323694,0.0017278973754605263,0.0013464331206686306,0.0009212437141416941,0.0027426224484840295,0.002973310317982687,0.0010840822102583941,0.0010338234151606469,0.0008508814010048486,0.002939134337316218,0.000699099839809654,0.002092273639919189,0.0012720501039239652,0.001169019573973586,0.0012434025907182497,0.0035819443266163972,0.0027084464678175622,0.002975320669786596,0.0011499212318364423,0.0013449253568156988,0.0009096841912692132,0.00017841872259699923,0.000715182654240934,0.0004025729487329502,0.0012187757811203542,0.003341707286049168,0.004980144006235707,0.004890683350961718,0.0017299077272644372,0.0017816742862151163,0.0004674067944090421,0.0008543995166616913,0.00030708123804723195,0.00043875928120332836,0.0005236966449185185,0.0008031355456619912,0.000408101416193702,0.0021229315049288155,0.001274060455727876,0.002880331547051855,0.004722818975335243,0.0019776835870963273,0.004200127506318679,0.0008830470298674068,0.002515955282593192,0.0025863175957300377,0.0034578051027249635,0.0017831820500680481,0.0012378741232574979,0.0017625759440779726,0.0028456529784344105,0.0028516840338461396,0.0026838196582196668,0.0025787787764653767,0.003692513675831439,0.002780819132758317,0.0018656064740283518,0.0006619083314373213,0.000457857623340472,0.0018671142378812854,0.0020751856495859547,0.0020274397942430956,0.003450266283460301,0.0030652839130115624,0.0027029180003568104,0.002769259609885836,0.0017223689079997745,0.0012207861329242634,0.00174699571759767,0.001542945009500819,0.0030039681829923115,0.0013006976171296807,0.0020676468303212937,0.00180077262835226,0.002918025643375165,0.002105843514595581,0.0003950341294682892,0.0022505888444770902,0.000299542418782571,0.0007352861722800322,0.0004814792570364129,0.0029547145637965205,0.001384629804942918,0.0005322406400851375,0.003391463493195938,0.004181029164181536,0.001281599274992537,0.0048007201077367515,0.0018826944643615864,0.0013635211110018652,0.0026416022703375595,0.0015695821709026253,0.004042817477662733,0.0005257069967224276,0.0009911034393275623,0.0016173280262454844,0.0008332908227206386,0.00034728827412542837,0.005897367016769581,0.004142832479907248,0.004396639395150869,0.0013504538242764506,0.003187412785099087,0.00020003000448903102,0.0015067586770304425,0.0013791013374821661,0.00012966769135218728,0.0012911484460611088,0.004213194793044094,0.0032748630885691653,0.0006066236568298029,0.0016022503877161608,0.003284412259637737,0.0014916810385011189,0.00489621181842247,0.0030441752190705097,0.0006387892856923594,0.000978538740553125,0.0011579626390520806,0.0008981246683967305,0.0004709249100658848,0.002004823336449111,0.0033110494210395434,0.002666229079935455,0.0027923786556307995,0.00016384367201865285,0.00044227739686017106,0.0017912234572836881,0.0008353011745245477,0.0003111019416550502,0.00041413247160543287,0.0007840372035248476,0.0017851924018719573,0.0011614807547089233,0.0011212737186307251,0.0030135173540608833,0.007778051129327257,0.0045549545997087704,0.0021189108013209956,0.0037156327215764028,0.00023822668876331832,0.00190179280649873,0.0019796939389002365,0.0031014702454819406,0.000877518562406655,0.003660348046968881,0.0041905783352501075,0.002735083629219367,0.0013238166628746443,0.0026511514414061313,0.0030994598936780297,0.0017404620742349636,0.002252599196281001,0.0037231715408410655,0.0019721551196355755,0.002519473398250035,0.005071615013313605,0.0020887555242623465,0.0030175380576687033,0.0015107793806382625,0.0035151001291363945,0.001895761751087001,0.002376738420172435,0.0014343860120896862,0.0009212437141416941,0.0004558472715365629,0.0003910134258604675,0.0035688770398909827,0.0016555247105197717,0.003480924148469927,0.0014992198577657798,0.003080361551540886,0.0032004800718245015,0.0009880879116216969,0.0008564098684656022,0.0014951991541579598,0.0021133823338602437,0.00016133073226376818,0.0020711649459781364,0.0013449253568156988,0.001022263892288166,0.002096294343527009,0.002321453745564913,0.003612602191626022,0.004392618691543049,0.0010911184415720778,0.0035306803556166954,0.0005035931268794203,0.0007513689867113121,0.0007383016999858959,0.0015107793806382625,0.0010272897717979405,0.0010378441187684669,0.0010262845958959842,0.0008202235359952258,0.003747798350438961,0.003809114080458212,0.004980144006235707,0.005968231917857404,0.001338894301403968,0.00022013352252812923,0.0004759507895756611,0.000806653661318834,0.0013006976171296807,0.0010031655501510223,0.0026531617932100404,0.0007247318253095041,0.0006101417724866422,0.0033246192957159353,0.0014248368410211144,0.000707643834976273,0.0005910434303494985,0.0016138099105886417,0.0007056334831723604,0.0004407696330072375,0.0012529517617868215,0.002470219779054244,0.00189375139928309,0.0015736028745104453,0.004462981004679895,0.000869979743141994,0.0005930537821534111,0.0017912234572836881,0.002935616221659377,0.000831783058867705,0.0009689895694845532,0.0011770609811892242,0.0002231490502339964,0.0008795289142105658,0.0007192033578487522,0.0028361038073658387,0.0018465081318912082,0.0018103217994208318,0.0013162778436099833,0.0011655014583167433,0.0015122871444911944,0.0008488710492009395,0.0019837146425080564,0.0015047483252265317,0.0038593728755559574,0.0015851623973829262,0.0006845247892313076,0.0038719375743303946,0.002305873519084612,0.005365126376684445,0.00354776834594993,0.0030195484094726124,0.0006397944615943139,0.0006277323507708557,0.0006196909435552157,0.0005493286304183685,0.0014399144795504398,0.002452629200770032,0.0010604605765624532,0.001854046951155871,0.0027979071230915514,0.0048600254859520915,0.0023023554034277693,0.004490120754032677,0.0005779761436240857,0.0007553896903191304,8.795289142105728e-05,0.0006749756181627375,0.001535406190236158,0.0009287825334063568,0.002929585166247646,0.0003528167415861802,0.0022928062323591975,0.003848818528585431,0.001478111163824727,0.0005644062689476939,0.0023958367623095785,0.0010147250730235032,0.00210383316279167,0.0006810066735744649,0.0019339584353612882,0.001443935183158258,0.0004749456136737065,0.0009900982634256077,0.0037764458636446764,0.0023289925648295757,0.003476903444862107,0.0018138399150776727,0.00028597254410617917,0.0003111019416550502,0.0008202235359952258,0.001070009747631025,0.002410914400838902,0.0026360738028768076,0.002624514280004325,0.0004025729487329502,0.0006749756181627375,0.0015163078480990144,0.0019530567774984318,0.003173842910422695,0.0005056034786833294,0.002159117837399192,0.0013017027930316352,0.0010509114054938814,0.001535406190236158,0.0019741654714394846,0.001224304248581106,0.003068802028668405,0.004615767741777044,0.002674270487151095,0.00375382940585069,0.0018022803922051918,0.001331355482139307,0.0002975320669786584,0.0012901432701591543,0.0003678943801155056,0.0011484134679835088,0.0016288875491179654,0.003809114080458212,0.003225106881422397,0.0028381141591697478,0.0024717275429071758,0.0012986872653257715,0.00039654189332121934,0.002361158193692134,0.0011891230920126842,0.0002211386984300838,0.0011368539451110278,0.001180579096846067,0.0002613457345082837,0.0014343860120896862,0.0007935863745934177,0.00048047408113445836,0.002466199075446424,0.001081569270503506,0.0010911184415720778,0.0010850873861603487,0.0009956267308863596,0.0004045833005368593,0.0021400194952620483,0.001430365308481868,0.0011122271355131323,0.0038794763935950573,0.0035628459844792536,0.002204853340938142,0.0030497036865312615,--,--,--
139,0.0019626059485670037,0.0007287525289173258,0.0026968869449450796,0.0027370939810232777,0.0024832870657796567,0.0035628459844792536,0.002424484275515294,0.0015715925227065344,0.001592701216647589,0.000415640235458363,0.000948886051445455,0.0007036231313684513,0.0007011101916135631,0.000715182654240934,0.0012434025907182497,0.003034626048001938,0.0011710299257774951,0.0017087990333233827,0.0023958367623095785,0.0013941789760114898,0.0018575650668127136,0.0009267721816024459,0.0024355412104367976,0.0013791013374821661,0.0017168404405390227,0.0023918160587017585,0.00044227739686017106,0.0014017177952761525,0.0015851623973829262,0.0014077488506878816,0.005514394998124752,0.0030572425057959225,0.0016690945851961635,0.0024893181211913876,0.0011177556029738842,0.0021857549988009983,0.0006533643362707058,0.000373925435527233,0.0008523891648577822,0.0013162778436099833,0.0011519315836403515,0.0008202235359952258,0.00434889353980801,0.002218423215614534,0.0021455479627228,0.0006810066735744649,0.0019776835870963273,0.0012951691496689288,0.0008966169045437986,0.004623306561041705,0.0013791013374821661,0.0041905783352501075,0.001804290744009101,0.0028592228531108023,0.004716787919923514,0.005897367016769581,0.0018309279054109073,0.0022792363576828057,0.004911289456951793,0.000843845169691165,0.001024274244092075,9.147100707789999e-05,0.0010870977379642578,0.0010413622344253096,0.002773280313493656,0.00035834520904693204,0.002811476997767943,0.00604613305025891,0.0019168704450280537,0.0003643762644586629,0.0008755082106027458,0.0013449253568156988,0.0007574000421230395,0.00015831520455790102,0.0007438301674466477,0.0008785237383086095,0.0005166604136048365,0.0042780286387201875,0.0017278973754605263,0.0019284299679005364,0.0013770909856782552,0.0012147550775125342,0.0021802265313402465,0.0006302452905257439,0.0014610231734914925,0.0006101417724866422,0.0010564398729546332,0.0026416022703375595,0.0015756132263143544,0.0015736028745104453,0.0028592228531108023,0.003755337169703622,0.003280391556029917,0.0015032405613735998,0.00028396219230227004,0.0011464031161795996,0.0009061660756123704,0.0007227214735055949,0.0010911184415720778,0.0026054159378671813,0.0037251818926449746,0.0030632735612076533,0.0024415722658485284,0.0009956267308863596,0.0011710299257774951,0.0032557647464320216,0.002468209427250333,0.00047695596547761565,0.000782026851720935,0.0028401245109736586,0.0017052809176665417,0.0020143725075176828,0.001951046425694521,0.0022314905023399466,0.0020711649459781364,0.0029411446891201287,0.0011443927643756888,0.0021093616302524237,0.0014208161374132961,0.0016329082527257854,0.0007192033578487522,0.0003859875463506947,0.000382469430693852,0.0002347085731064756,0.0024280023911721366,0.002376738420172435,0.0036412497048317373,0.0027426224484840295,0.0045051983925620005,0.001693721394794059,0.0018656064740283518,0.0011579626390520806,0.00018897306956752735,9.800465044060638e-05,0.0018178606186854927,0.0021706773602716747,0.002559680434328233,0.0005724476761633339,0.0005302302882812249,0.0029868801926590787,0.0037116120179685828,0.00189777210289091,0.0031185582358151734,0.0026139599330337986,0.0009137048948770331,0.0010825744464054605,0.0013941789760114898,0.0008257520034559776,0.001327334778531487,0.00204452778457633,0.001804290744009101,0.005771720029025214,0.0019284299679005364,0.004486100050424857,0.0017414672501369181,0.0015057535011284862,0.002309894222692432,0.0009815542682589905,0.0013484434724725398,0.0004558472715365629,0.0008543995166616913,0.0017640837079309045,0.001396189327815399,0.0008905858491320695,0.0026436126221414686,0.0030497036865312615,0.001093631381326966,0.001059455400660497,0.0008508814010048486,0.002943155040924038,0.0006609031555353667,0.0020807141170467083,0.001228324952188926,0.0011177556029738842,0.0012338534196496779,0.0035211311845481236,0.0024948465886521394,0.003072822732276225,0.001228324952188926,0.001342915005011788,0.0008966169045437986,0.0001814342503028664,0.0007116645385840913,0.00038548495839971567,0.0010931287933759887,0.0033075313053827007,0.004606218570708472,0.004831377972746376,0.0017545345368623327,0.0017640837079309045,0.0004462981004679893,0.0008373115263284568,0.00033020028379219385,0.0004623809148992693,0.0005111319461440812,0.0007478508710544694,0.0004045833005368593,0.0019666266521748237,0.0010604605765624532,0.002765741494228993,0.004684622291060956,0.0019796939389002365,0.004034273482496116,0.000831783058867705,0.002399354877966421,0.0025023854079168004,0.0033567849245784917,0.0017032705658626308,0.0012358637714535887,0.0017339284308722572,0.002965771498718024,0.002725534458150795,0.0026456229739453795,0.0025501312632596612,0.003650798875900309,0.0026797989546118468,0.0018595754186166227,0.0006619083314373213,0.00045182656792874115,0.001844497780087299,0.0020410096689194874,0.0018349486090187273,0.003423629122058496,0.0029451653927279487,0.0028707823759832832,0.002729555161758615,0.0016957317465979699,0.001175050629385315,0.0016861825755293963,0.0014916810385011189,0.0030019578311884024,0.0013006976171296807,0.0019264196160966255,0.0016138099105886417,0.0028531917976990714,0.0020751856495859547,0.0003930237776643801,0.002258127663741753,0.000341257218713701,0.0006810066735744649,0.0004729352618697939,0.0028361038073658387,0.0013524641760803598,0.0005608881532908512,0.003339696934245259,0.004226764667720486,0.0011328332415032078,0.004490120754032677,0.0017756432308033854,0.0013921686242075806,0.0026360738028768076,0.0015776235781182653,0.003949336118780924,0.0004980646594186684,0.0009900982634256077,0.0015851623973829262,0.0008051458974659004,0.0003281899319882847,0.0058249943518288265,0.0038297201864482874,0.004385079872278387,0.0013655314628057743,0.003173842910422695,0.00019651188883218831,0.001432375660285777,0.0013620133471489316,0.00012212887208752285,0.0012705423400710333,0.004165448937701235,0.0031240867032759252,0.0005628985050947603,0.0015660640552457826,0.0033110494210395434,0.001539426893843978,0.004934408502696757,0.0030708123804723143,0.0006503488085648421,0.0010107043694156832,0.0010986572608367405,0.0008830470298674068,0.000507111242536263,0.0019817042907041473,0.0032693346211084134,0.002567219253592894,0.002677788602807936,0.00020003000448903102,0.00040056259692904106,0.0017912234572836881,0.000873497858798835,0.00034879603797836195,0.0004292101101347548,0.0007991148420541695,0.0017736328789994763,0.0011655014583167433,0.001134843593307117,0.002920035995179074,0.007408146397407842,0.00460069010324772,0.0021209211531249047,0.00369050332402753,0.0002231490502339964,0.0019264196160966255,0.002056087307448811,0.0032577750982359325,0.0009076738394653023,0.0034276498256663145,0.003996076798221828,0.0026757782510040268,0.0012931587978650197,0.0026476333257492886,0.003080361551540886,0.0017449853657937608,0.0022199309794674656,0.003559327868822411,0.0018465081318912082,0.002406893697231082,0.005014319986902174,0.0020178906231745238,0.002935616221659377,0.0014570024698836725,0.003492483671342408,0.0018751556450969237,0.0023385417358981475,0.001478111163824727,0.0009061660756123704,0.00042518940652693654,0.00038548495839971567,0.0034789137966660163,0.0015640537034418735,0.0033281374113727762,0.0013811116892860752,0.0029069687084536614,0.0031049883611387816,0.000964968865876735,0.0008584202202695113,0.001430365308481868,0.0020314604978509156,0.00016484884792060742,0.0019530567774984318,0.0013177856074629152,0.0009956267308863596,0.001955067129302341,0.0021973145216734793,0.00354776834594993,0.004350903891611919,0.0010986572608367405,0.0035055509580678226,0.000507111242536263,0.0007116645385840913,0.0007096541867801821,0.0014152876699525425,0.0010453829380331278,0.0010584502247585423,0.0009880879116216969,0.0008870677334752268,0.003763378576919262,0.003704073198703922,0.0049590353122946525,0.005964211214249584,0.0013484434724725398,0.00021359987916542283,0.0004759507895756611,0.0008051458974659004,0.001274060455727876,0.0009689895694845532,0.002509924227181463,0.0006694471507019857,0.0006066236568298029,0.0033643237438431544,0.0013675418146096834,0.0007362913481819867,0.000566416620751603,0.0015524941805693908,0.0006639186832412339,0.00041011176799761115,0.0012589828171985507,0.0022887855287513775,0.0017640837079309045,0.001396189327815399,0.004272500171259434,0.0009041557238084613,0.0005684269725555122,0.0018063010958130118,0.002922046346982985,0.0008468606973970304,0.0009222488900436504,0.0012187757811203542,0.00021912834662617467,0.0008584202202695113,0.000623711647163034,0.002565208901788985,0.001743477601940829,0.0017756432308033854,0.001331355482139307,0.0011730402775814042,0.0015680744070496935,0.000816202832387404,0.001886212580018429,0.0015203285517068343,0.003847310764732499,0.0015183181999029235,0.0006121521242905548,0.003660348046968881,0.002155097133791372,0.005159567904734661,0.003597021965145721,0.0030592528575998333,0.0006372815218394258,0.0005814942592809284,0.0006428099893001776,0.0005342509918890466,0.001437904127746529,0.002466199075446424,0.0009709999212884641,0.0016439651876472908,0.002763731142425084,0.004733875910256749,0.0022505888444770902,0.0044479033661505695,0.0005835046110848376,0.0007267421771134167,0.00011056934921504363,0.0006885454928391294,0.0015791313419711971,0.0009936163790824504,0.0028361038073658387,0.00028044407664542734,0.002365178897299954,0.003948330942878969,0.0015012302095696907,0.000590540842398523,0.002367189249103863,0.000978538740553125,0.00210383316279167,0.0007131723024370248,0.0018158502668815836,0.0014228264892172052,0.00046338609080122384,0.0010262845958959842,0.0037367414155174573,0.0023229615094178466,0.003454286987068121,0.0017414672501369181,0.00032215887657655734,0.00032416922838046647,0.0008448503455931195,0.0009956267308863596,0.0021877653506049075,0.0024968569404560485,0.002626524631808236,0.0003759357873311456,0.000707643834976273,0.0014610231734914925,0.0019244092642927164,0.0031507238646777316,0.0005282199364773157,0.002111371982056333,0.0013283399544334416,0.0010298027115528269,0.001535406190236158,0.0018635961222244427,0.001129315125846365,0.0030517140383351706,0.004676580883845318,0.0026054159378671813,0.0037251818926449746,0.0018731452932930145,0.001335376185747127,0.00029552171517474926,0.0013343710098451707,0.0003397494548607674,0.0010911184415720778,0.0015851623973829262,0.0036221513626945936,0.0032673242693045043,0.0026948765931411704,0.002406893697231082,0.0012760708075317852,0.00041212211980152375,0.002303863167280703,0.001224304248581106,0.00025581726704753185,0.0010931287933759887,0.0011443927643756888,0.0002462680959789583,0.0013142674918060725,0.000707643834976273,0.0004613757389973147,0.002372717716564615,0.0010720200994349342,0.0010795589186995969,0.0011082064319053123,0.0009860775598177877,0.0004176505872622756,0.002066641654419339,0.0013620133471489316,0.0010986572608367405,0.0037880053865171574,0.0034713749774013553,0.0022887855287513775,0.003131625522540588,--,--,--
140,0.0019892431099688083,0.0007036231313684513,0.0026395919185336486,0.002771269961689745,0.0025747580728575567,0.0034522766352642117,0.0023385417358981475,0.001542945009500819,0.0016595454141275917,0.0004442877486640802,0.0009554196948081631,0.0007383016999858959,0.0007131723024370248,0.0007383016999858959,0.0011921386197185479,0.0030039681829923115,0.0012052059064439624,0.001338894301403968,0.0021762058277324265,0.0014590128216875834,0.001886212580018429,0.0008966169045437986,0.0024797689501228157,0.001485649983089388,0.0016630635297844344,0.0024471007333092803,0.00043473857759550663,0.0014097592024917907,0.0015736028745104453,0.0014343860120896862,0.005201282704665791,0.0029944190119237397,0.0016268771973140563,0.002521483750053944,0.0012147550775125342,0.0021455479627228,0.0006649238591431884,0.0004025729487329502,0.0008413322299362785,0.0012795889231886279,0.0010931287933759887,0.000782026851720935,0.00434889353980801,0.002115392685664153,0.002058097659252722,0.0007096541867801821,0.0019741654714394846,0.0013258270146785552,0.0009172230105338741,0.004352411655464851,0.0013635211110018652,0.004217215496651914,0.0017585552404701527,0.0028381141591697478,0.004566011534630274,0.005615415176271222,0.0018465081318912082,0.0022792363576828057,0.004853994430540362,0.0009001350202006413,0.0009840672080138786,0.00010102017814647007,0.001138864296914937,0.0010147250730235032,0.0027923786556307995,0.0003111019416550502,0.002567219253592894,0.00600441825032778,0.00194752831003768,0.00035482709339008933,0.0009252644177495141,0.0013464331206686306,0.0008031355456619912,0.00014876603348933093,0.0007533793385152213,0.0008332908227206386,0.00045031880407581104,0.004144842831711159,0.0015695821709026253,0.0017640837079309045,0.0013449253568156988,0.0011901282679146388,0.0022430500252124293,0.0006639186832412339,0.0015203285517068343,0.0006141624760944639,0.001065989044023205,0.0026380841546807168,0.0015756132263143544,0.0014992198577657798,0.0027923786556307995,0.0037764458636446764,0.003240687107902698,0.0015298777227754062,0.00028597254410617917,0.0011197659547777933,0.0009403420562788378,0.0007287525289173258,0.0010946365572289205,0.0024832870657796567,0.003809114080458212,0.0030290975805411843,0.0022546095480849102,0.0008488710492009395,0.001216765429316445,0.00324621557536345,0.0024395619140446176,0.00045182656792874115,0.0007780061481131167,0.002731565513562526,0.001735436194725189,0.0019796939389002365,0.001959087832910161,0.0022355112059477666,0.0019113419775673018,0.0026340634510728968,0.0010011551983471114,0.0020239216785862546,0.0014610231734914925,0.0016308979009218762,0.000691561020544993,0.0003759357873311456,0.0003774435511840757,0.00022867751769474823,0.00230034505162386,0.0023229615094178466,0.003494494023146319,0.0025903382993378576,0.004522286382895235,0.0017565448886662418,0.001995274165380539,0.0011901282679146388,0.0001849523659597091,0.00010403570585233723,0.0017263896116075945,0.00215358936993844,0.0024812767139757476,0.000556867449683033,0.0004292101101347548,0.002731565513562526,0.0036412497048317373,0.0019741654714394846,0.0030537243901390815,0.002600892646308384,0.000831783058867705,0.001055937285003656,0.0013791013374821661,0.0008182131841913132,0.0013047183207375006,0.002012362155713772,0.0018274097897540646,0.005661150679810172,0.0019284299679005364,0.004522286382895235,0.0017756432308033854,0.0015449553613047298,0.002311904574496341,0.0009383317044749286,0.0013559822917372025,0.000415640235458363,0.000873497858798835,0.0018213787343423354,0.0014037281470800616,0.0008277623552598867,0.002582799480073195,0.0031683144429619434,0.0011358487692090732,0.001093631381326966,0.000865959039534174,0.0030039681829923115,0.0006352711700355167,0.0020867451724584374,0.0012092266100517824,0.0010378441187684669,0.0011976670871793015,0.003494494023146319,0.0023385417358981475,0.0032633035656966843,0.0013238166628746443,0.0013484434724725398,0.0009031505479065068,0.0001814342503028664,0.0007171930060448431,0.0003774435511840757,0.0009820568562099678,0.0032577750982359325,0.004179018812377627,0.0047474457849331405,0.0017681044115387245,0.00175101642120549,0.00044830845227189844,0.000823741651652065,0.00034879603797836195,0.0004930387799088956,0.000507111242536263,0.0007116645385840913,0.00040056259692904106,0.0017872027536758681,0.000861938335926354,0.0026476333257492886,0.00474945613673705,0.0020028129846452,0.003944310239271149,0.000823741651652065,0.0023480909069667193,0.002460670607985672,0.0033110494210395434,0.0016595454141275917,0.0012358637714535887,0.0016801515201176672,0.0031205685876190842,0.002628534983612145,0.0026054159378671813,0.002569229605396805,0.003680954152958958,0.0026340634510728968,0.001895761751087001,0.0006674367988980731,0.0004558472715365629,0.0018424874282833882,0.002006331100302043,0.0016706023490490954,0.0033226089439120244,0.002821026168836515,0.002990900896266897,0.0027370939810232777,0.0017148300887351135,0.0011594704029050142,0.001647985891255109,0.0014554947060307407,0.0030537243901390815,0.0013197959592668243,0.0018309279054109073,0.0014112669663447243,0.0026893481256804186,0.0020254294424391864,0.00039855224512513193,0.002307883870888521,0.00038347460659580654,0.0006377841097904048,0.0004749456136737065,0.002763731142425084,0.001331355482139307,0.0005910434303494985,0.003252246630775179,0.004310696855533721,0.0009689895694845532,0.00425742253273011,0.0016801515201176672,0.001443935183158258,0.0026893481256804186,0.0016233590816572135,0.003934761068202577,0.00048047408113445836,0.001006181077856886,0.0015776235781182653,0.0007764983842601832,0.0003090915898511411,0.005649591156937691,0.0035362088230774472,0.0044363438432780886,0.0013921686242075806,0.003188920548952019,0.0001985222406361009,0.0013770909856782552,0.0013655314628057743,0.00011257970101895276,0.0012474232943260697,0.0041388117762994284,0.0029964293637276505,0.0004885154883500983,0.0014972095059618707,0.003375883266715637,0.00160024003591225,0.005069604661509694,0.0031240867032759252,0.0006714575025058948,0.0010584502247585423,0.0010584502247585423,0.0008795289142105658,0.0005704373243594248,0.0019223989124888055,0.003272852736765256,0.0025330432729264267,0.0026013952342593613,0.00023822668876331832,0.0003774435511840757,0.0017851924018719573,0.0009116945430731223,0.0003910134258604675,0.0004613757389973147,0.0008257520034559776,0.0017585552404701527,0.001186610152257796,0.0010946365572289205,0.002878321195247946,0.00708749528468422,0.004722818975335243,0.0021762058277324265,0.0036869852083706873,0.0002146050550673774,0.0019681344160277555,0.002164646304859944,0.003433178293127068,0.0009252644177495141,0.0032120395946969825,0.0037900157383210682,0.0026094366414750013,0.001278081159335696,0.002677788602807936,0.0031090090647466016,0.0017786587585092509,0.002208874044545962,0.0034673542737935353,0.0017490060694015808,0.0023325106804864184,0.004987682825500368,0.0019208911486358737,0.002878321195247946,0.0014112669663447243,0.0035246493002049663,0.0018826944643615864,0.0023420598515549902,0.001542945009500819,0.0008946065527398895,0.00045031880407581104,0.0003910134258604675,0.003444737815999549,0.0014821318674325453,0.0031130297683544216,0.0012569724653946415,0.002727544809954706,0.0029602430312572724,0.0009443627598866577,0.0008564098684656022,0.0013941789760114898,0.002012362155713772,0.0001733928430872264,0.0018826944643615864,0.0012951691496689288,0.0009614507502198923,0.0018424874282833882,0.0020867451724584374,0.003492483671342408,0.0043946290433469586,0.001127304774042456,0.003595514201292789,0.0005216862931146093,0.0006810066735744649,0.0007001050157116086,0.0013218063110707352,0.0010805640946015514,0.0010509114054938814,0.000923254065945605,0.0009820568562099678,0.003738249179370389,0.0036085814880182036,0.004939936970157509,0.00604613305025891,0.001386640156746827,0.0002115895273615137,0.0004854999606442312,0.0008182131841913132,0.0012665216364632133,0.0009574300466120723,0.0023420598515549902,0.0005091215943401721,0.0005875253146926593,0.00340101266426451,0.0013484434724725398,0.0007684569770445467,0.0005548570978791238,0.0015278673709714953,0.0006332608182316075,0.00038347460659580654,0.001274060455727876,0.0021229315049288155,0.0015238466673636753,0.0012092266100517824,0.004056889940290102,0.0009539119309552296,0.0005608881532908512,0.0018671142378812854,0.0029718025541297533,0.0008639486877302632,0.000877518562406655,0.001267526812365168,0.00021359987916542283,0.0008257520034559776,0.0005302302882812249,0.002269687186614234,0.0016801515201176672,0.0017449853657937608,0.001331355482139307,0.0011996774389832106,0.0016499962430590199,0.0007915760227895086,0.0018615857704205319,0.0015600329998340535,0.0038603780514579137,0.0013921686242075806,0.0005548570978791238,0.0034256394738624053,0.0020028129846452,0.005073625365117514,0.0036869852083706873,0.0031527342164816407,0.0006428099893001776,0.0005453079268105503,0.0006810066735744649,0.0005282199364773157,0.0014630335252954017,0.0025365613885832694,0.000861938335926354,0.0014268471928250252,0.0027370939810232777,0.004665523948923812,0.002260138015545662,0.0044479033661505695,0.0005875253146926593,0.0007192033578487522,0.00013368839496000554,0.0007131723024370248,0.0016424574237943572,0.0010453829380331278,0.0027124671714253822,0.00020606105990076187,0.002468209427250333,0.004118205670309353,0.0015218363155597662,0.000623711647163034,0.0023842772394370975,0.0009574300466120723,0.0021324806759973874,0.0007589078059759731,0.0017339284308722572,0.001437904127746529,0.00046539644260513297,0.0010850873861603487,0.003696534379439259,0.0023420598515549902,0.003476903444862107,0.0016690945851961635,0.0003643762644586629,0.0003432675705176101,0.0008830470298674068,0.0009267721816024459,0.0020389993171155783,0.002376738420172435,0.002473737894711085,0.00033170804764512743,0.0007036231313684513,0.0014193083735603625,0.0019339584353612882,0.0031909309007559297,0.0005704373243594248,0.002092273639919189,0.0013484434724725398,0.001022263892288166,0.0015715925227065344,0.0017585552404701527,0.0010262845958959842,0.003036636399805847,0.0047549846041978015,0.0025405820921910894,0.0037613682251153528,0.002000802632841291,0.0013559822917372025,0.0003050708862433228,0.001384629804942918,0.0003146200573118929,0.0010468907018860614,0.0015660640552457826,0.0034638361581366926,0.0032175680621577343,0.0025998874704064295,0.0023973445261625103,0.0012705423400710333,0.0004292101101347548,0.0022867751769474684,0.0012826044508944916,0.0002975320669786584,0.0010564398729546332,0.0011197659547777933,0.00021762058277324456,0.0012147550775125342,0.0006352711700355167,0.0004176505872622756,0.0022867751769474684,0.0010850873861603487,0.0010946365572289205,0.0011423824125717796,0.0009880879116216969,0.00043674892939941923,0.0020646313026154283,0.0013027079689335915,0.001074030451238845,0.003692513675831439,0.0034256394738624053,0.0023918160587017585,0.003231137936834126,--,--,--
141,0.0019796939389002365,0.0006674367988980731,0.002511934578985372,0.0027501612677486922,0.002571239957200714,0.003240687107902698,0.0022239516830752856,0.0014705723445600644,0.0016329082527257854,0.00045986797514438113,0.0009363213526710178,0.0007513689867113121,0.0006940739602998812,0.0007307628807212349,0.0011328332415032078,0.002872290139836215,0.0012092266100517824,0.0010624709283663623,0.0019892431099688083,0.001478111163824727,0.0018595754186166227,0.0008679693913380832,0.0024053859333781503,0.0015409346576969098,0.0015831520455790171,0.0023822668876331866,0.00042167129087009383,0.0014193083735603625,0.0015504838287654817,0.0014097592024917907,0.004752974252393892,0.0027963993592386178,0.0015524941805693908,0.002456649904377852,0.0012418948268653179,0.002058097659252722,0.0006418048133982231,0.00043473857759550663,0.000823741651652065,0.001239884475061407,0.0010262845958959842,0.0007553896903191304,0.004260940648386953,0.0020158802713706146,0.001957077481106252,0.0007212137096526648,0.0018731452932930145,0.0013067286725414115,0.0009096841912692132,0.004121723785966196,0.0013368839496000588,0.004154392002779731,0.0017072912694704508,0.0027903683038268887,0.004211184441240185,0.005256567379273313,0.0018465081318912082,0.002210381808398894,0.004711259452462762,0.0008956117286418441,0.0009383317044749286,0.0001181081684797046,0.0011579626390520806,0.0009880879116216969,0.002780819132758317,0.00028396219230227004,0.0022716975384181447,0.005867211739710932,0.001895761751087001,0.00034728827412542837,0.0009478808755435005,0.0013218063110707352,0.0008222338877991349,0.0001412272142246665,0.0007513689867113121,0.0008086640131227431,0.00039855224512513193,0.003963408581408293,0.0014459455349621689,0.0016213487298533044,0.0013027079689335915,0.0011675118101206524,0.0022078688686440057,0.000673467854309804,0.0015067586770304425,0.0005855149628887467,0.0010529217572977905,0.0025978771186025203,0.0015409346576969098,0.0014474532988151007,0.002664721316082523,0.0037136223697724936,0.003169822206814875,0.001542945009500819,0.00028597254410617917,0.0010891080897681687,0.0010011551983471114,0.0006960843121037903,0.0010624709283663623,0.0023501012587706285,0.0037613682251153528,0.0029602430312572724,0.0021093616302524237,0.0007362913481819867,0.0012434025907182497,0.0031451953972169797,0.0023862875912410066,0.0004558472715365629,0.0007574000421230395,0.0025501312632596612,0.0017243792598036854,0.0019264196160966255,0.0019053109221555727,0.0021324806759973874,0.00179273122113662,0.002368697012956795,0.0009443627598866577,0.0019033005703516619,0.0014474532988151007,0.0015565148841772108,0.0006789963217705558,0.0003593503849488866,0.00037844872708603025,0.00022867751769474823,0.00215358936993844,0.0022847648251435593,0.0033130597728434526,0.002376738420172435,0.004377541053013726,0.0017565448886662418,0.00204854848818415,0.001186610152257796,0.0001814342503028664,0.00011358487692090732,0.001594711568451498,0.0020887555242623465,0.0023973445261625103,0.000507111242536263,0.000366386616262572,0.0024430800297014603,0.0035055509580678226,0.0019626059485670037,0.0029642637348650924,0.002488312945289433,0.0007574000421230395,0.0010041707260529768,0.0013620133471489316,0.0007955967263973268,0.0012625009328553934,0.0019701447678316646,0.00180077262835226,0.00539980494530189,0.0019093316257633927,0.004443882662542751,0.0017374465465290981,0.0015218363155597662,0.0022772260058788966,0.0008785237383086095,0.0013579926435411116,0.0003910134258604675,0.000877518562406655,0.00183846672467557,0.001373070282070437,0.0007895656709855994,0.0025365613885832694,0.0032215887657655543,0.0011519315836403515,0.0010850873861603487,0.0008584202202695113,0.0029964293637276505,0.0006111469483885967,0.0020274397942430956,0.0011921386197185479,0.0009458705237395913,0.0011675118101206524,0.003399002312460599,0.0022887855287513775,0.0033035106017748807,0.001335376185747127,0.0013047183207375006,0.0008925962009359786,0.0001829420141557965,0.0006970894880057449,0.0003678943801155056,0.0009001350202006413,0.0031130297683544216,0.0037689070443800137,0.004587120228571329,0.0017087990333233827,0.0016786437562647354,0.00046539644260513297,0.000782026851720935,0.00034527792232151924,0.0005176655895067911,0.0005005775991735566,0.0006694471507019857,0.0003930237776643801,0.0016173280262454844,0.0007171930060448431,0.0025461105596518412,0.004722818975335243,0.0019817042907041473,0.0037709173961839246,0.000823741651652065,0.0022847648251435593,0.002361158193692134,0.0032004800718245015,0.001592701216647589,0.0011976670871793015,0.0016459755394512,0.003137656577952317,0.0025174630464461258,0.0024893181211913876,0.0024988672922599594,0.003605063372361361,0.0025330432729264267,0.0018615857704205319,0.0006407996374962685,0.0004558472715365629,0.0018233890861462446,0.0018922436354301582,0.0015374165420400671,0.0031622833875502143,0.002664721316082523,0.003000450067335469,0.0026913584774843277,0.001697742098401879,0.0011177556029738842,0.0015715925227065344,0.0013620133471489316,0.003011507002256974,0.001331355482139307,0.00175101642120549,0.0012474232943260697,0.0024717275429071758,0.001957077481106252,0.0004060910643897929,0.002269687186614234,0.00042167129087009383,0.0006000900134670931,0.0004890180763010739,0.0026416022703375595,0.0012720501039239652,0.0006026029532219812,0.0030919210744133688,0.004318235674798384,0.000865959039534174,0.004049351121025439,0.0015660640552457826,0.0014761008120208162,0.0026395919185336486,0.0016138099105886417,0.003839269357516859,0.0004613757389973147,0.001002160374249066,0.0015660640552457826,0.000764938861387704,0.0002899932477139974,0.005359597909223692,0.00324621557536345,0.004411717033680193,0.0013770909856782552,0.003139666929756228,0.00019651188883218831,0.001335376185747127,0.0013258270146785552,0.0001030305299503792,0.001175050629385315,0.004013164788555063,0.002868772024179374,0.00044227739686017106,0.0014097592024917907,0.0033226089439120244,0.001588680513039769,0.005012309635098263,0.003087900370805549,0.0006749756181627375,0.0010755382150917769,0.0009900982634256077,0.0008584202202695113,0.0006332608182316075,0.0018233890861462446,0.0032557647464320216,0.002464188723642513,0.0025330432729264267,0.00028245442844933646,0.000366386616262572,0.0017148300887351135,0.0009348135888180859,0.0004292101101347548,0.0004674067944090421,0.0008584202202695113,0.001689700691186239,0.0011996774389832106,0.0010262845958959842,0.0028134873495718523,0.00670251291423548,0.00464039455137494,0.0021455479627228,0.0035246493002049663,0.00021561023096933196,0.0019530567774984318,0.0021877653506049075,0.0034829345002738363,0.0009076738394653023,0.002981351725198325,0.0035744055073517345,0.002470219779054244,0.0012358637714535887,0.0026013952342593613,0.003034626048001938,0.0017289025513624809,0.0021133823338602437,0.0033321581149805962,0.0016650738815883435,0.0022772260058788966,0.004795191640276,0.0018480158957441418,0.0027788087809544077,0.0013770909856782552,0.0034849448520777454,0.0018253994379501554,0.0022963243480160402,0.0015670692311477372,0.0008468606973970304,0.0004844947847422766,0.0003950341294682892,0.003341707286049168,0.001396189327815399,0.002874300491640126,0.001186610152257796,0.0025425924439949985,0.0027501612677486922,0.0009061660756123704,0.000831783058867705,0.0013449253568156988,0.0019761758232433955,0.00018696271776361822,0.0017912234572836881,0.0012705423400710333,0.0009172230105338741,0.0017545345368623327,0.001951046425694521,0.0033266296475198444,0.004323764142259136,0.001127304774042456,0.003595514201292789,0.0005262095846734066,0.0006523591603687512,0.0006885454928391294,0.0012378741232574979,0.0010911184415720778,0.0010509114054938814,0.0008523891648577822,0.0010413622344253096,0.0035532968134106818,0.0034598154545288726,0.004739906965668478,0.005958682746788832,0.0013675418146096834,0.00020606105990076187,0.0004789663172815248,0.0008182131841913132,0.0012665216364632133,0.0009212437141416941,0.0021706773602716747,0.0003794539029879883,0.0005533493340261902,0.0033150701246473634,0.001338894301403968,0.0007840372035248476,0.0005322406400851375,0.001493691390305028,0.0005970744857612294,0.00035834520904693204,0.0012529517617868215,0.001964616300370913,0.0013142674918060725,0.0010624709283663623,0.0038186632515267837,0.0009916060272785396,0.0005875253146926593,0.0018118295632737636,0.002965771498718024,0.0008277623552598867,0.0008151976564854495,0.001257977641296596,0.0002115895273615137,0.0007438301674466477,0.00047695596547761565,0.002054076955644902,0.001652006594862929,0.0016766334044608245,0.0012589828171985507,0.0011956567353753906,0.0016213487298533044,0.000749358634907403,0.0018213787343423354,0.0015791313419711971,0.0037920260901249773,0.0012720501039239652,0.0005282199364773157,0.003194951604363748,0.0018751556450969237,0.004920838628020365,0.00369050332402753,0.003133635874344497,0.0006558772760255939,0.0005322406400851375,0.0006810066735744649,0.000515152649751903,0.0014514740024229207,0.0025270122175146976,0.0007589078059759731,0.0012589828171985507,0.0026094366414750013,0.004514747563630572,0.0022219413312713748,0.004337334016935528,0.000566416620751603,0.0007171930060448431,0.00016786437562647458,0.0007287525289173258,0.0016801515201176672,0.0010529217572977905,0.002576768424661466,0.00016233590816572274,0.0025405820921910894,0.004169469641309055,0.0014801215156286362,0.0006171780038003276,0.002311904574496341,0.0009157152466809423,0.002076190825487911,0.000774488032456274,0.0016384367201865372,0.001430365308481868,0.00047695596547761565,0.0010911184415720778,0.003534198471273538,0.0023440702033588993,0.0034482559316563917,0.0015620433516379626,0.00039855224512513193,0.0003759357873311456,0.0008885754973281586,0.0008543995166616913,0.0018882229318223382,0.0022792363576828057,0.0022752156540749875,0.00030708123804723195,0.0006789963217705558,0.0013695521664135943,0.0019304403197044455,0.0031984697200205907,0.0005835046110848376,0.0020389993171155783,0.0012941639737669743,0.0010117095453176378,0.001535406190236158,0.001647985891255109,0.0009157152466809423,0.002931595518051557,0.004690150758521708,0.0024415722658485284,0.003704073198703922,0.002010351803909863,0.0013409046532078788,0.00031361488140993835,0.0013635211110018652,0.00029552171517474926,0.0010071862537588405,0.0015203285517068343,0.0032557647464320216,0.003072822732276225,0.0024948465886521394,0.0023802565358292775,0.001232345655796746,0.00044227739686017106,0.0022279723866831056,0.0012931587978650197,0.0003357287512529457,0.0010051759019549314,0.0010850873861603487,0.00020204035629294015,0.001134843593307117,0.0005990848375651385,0.0003699047319194147,0.002155097133791372,0.0010489010536899705,0.001077548566895686,0.0011403720607678688,0.0009594403984159814,0.00045182656792874115,0.002026434618341141,0.0012147550775125342,0.0010393518826213987,0.00354776834594993,0.003276873440373076,0.002410914400838902,0.003177863614030515,--,--,--
142,0.0019128497414202337,0.0006046133050258903,0.002266169070957393,0.002626524631808236,0.0024893181211913876,0.0029486835083847914,0.0020676468303212937,0.0013715625182175034,0.0015278673709714953,0.0004674067944090421,0.000877518562406655,0.0007342809963780776,0.0006282349387218313,0.0006940739602998812,0.001070009747631025,0.002622503928200416,0.001175050629385315,0.0009287825334063568,0.0018369589608226364,0.0014665516409522444,0.0017585552404701527,0.0008353011745245477,0.0021932938180656593,0.0015278673709714953,0.0014459455349621689,0.0021917860542127274,0.0003930237776643801,0.001390660860354647,0.0015067586770304425,0.0013197959592668243,0.0042936088652004885,0.002519473398250035,0.0014534843542268298,0.002252599196281001,0.001182589448649976,0.0018671142378812854,0.0005729502641143094,0.00046338609080122384,0.0008031355456619912,0.0011785687450421578,0.0009554196948081631,0.0007247318253095041,0.0040438226535646875,0.0018997824546948192,0.00180077262835226,0.0007212137096526648,0.0017032705658626308,0.0012207861329242634,0.0008850573816713177,0.0038282124225953555,0.0012836096267964479,0.003984517275349347,0.0016193383780493936,0.0027124671714253822,0.0038030830250464828,0.0048560047823442715,0.0018233890861462446,0.002058097659252722,0.00444589301434666,0.0008247468275540196,0.0008810366780634977,0.0001412272142246665,0.001138864296914937,0.0009574300466120723,0.002666229079935455,0.00028396219230227004,0.002010351803909863,0.005603855653398741,0.0017640837079309045,0.000341257218713701,0.0009252644177495141,0.0012625009328553934,0.0007895656709855994,0.00013519615881293912,0.000715182654240934,0.0008041407215639458,0.00038548495839971567,0.00374980870224287,0.001342915005011788,0.0015142974962951035,0.001224304248581106,0.001123284070434636,0.002040004493017533,0.0006533643362707058,0.0014017177952761525,0.0005186707654087457,0.0009956267308863596,0.002507913875377554,0.0014650438770993125,0.0014193083735603625,0.002456649904377852,0.0035744055073517345,0.0029622533830611815,0.0015047483252265317,0.00027843372484151474,0.0010453829380331278,0.0010624709283663623,0.0006196909435552157,0.0009745180369453068,0.0021400194952620483,0.003541737290538199,0.002823036520640424,0.0020369889653116674,0.0006940739602998812,0.0012378741232574979,0.0029547145637965205,0.0022430500252124293,0.0004749456136737065,0.0007056334831723604,0.002294313996212131,0.0016670842333922527,0.001808311447616921,0.0017681044115387245,0.0019761758232433955,0.001739456898333009,0.0021440401988698683,0.0009116945430731223,0.0017168404405390227,0.0013750806338743461,0.0013921686242075806,0.0006619083314373213,0.00033070287174317287,0.00037844872708603025,0.00023822668876331832,0.001955067129302341,0.002204853340938142,0.0030954391900702097,0.0021440401988698683,0.004066439111358674,0.0016766334044608245,0.0019776835870963273,0.0011157452511699733,0.00017540319489113554,0.00012313404798948088,0.0014132773181486334,0.0019530567774984318,0.002264158719153482,0.0004442877486640802,0.00036236591265475376,0.0021706773602716747,0.0032617958018437507,0.0018902332836262473,0.002832585691708996,0.002236516381849721,0.0006865351410352168,0.0009167204225828968,0.0013142674918060725,0.0007418198156427386,0.0011996774389832106,0.0018595754186166227,0.001739456898333009,0.005069604661509694,0.0018138399150776727,0.004205655973779431,0.0015851623973829262,0.0014293601325799116,0.002164646304859944,0.0007955967263973268,0.0013333658339432161,0.0003678943801155056,0.000865959039534174,0.0018063010958130118,0.0013464331206686306,0.0007955967263973268,0.002460670607985672,0.0031909309007559297,0.0011122271355131323,0.0010287975356508723,0.000816202832387404,0.0028974195373850896,0.0005779761436240857,0.001886212580018429,0.0011559522872481715,0.0008714875069949259,0.0011443927643756888,0.0032140499465008916,0.0022867751769474684,0.003143185045413069,0.0012549621135907324,0.0012112369618556915,0.0008533943407597368,0.0001879678936655728,0.0006553746880746149,0.0003528167415861802,0.0008353011745245477,0.002926067050590805,0.0034105618353330817,0.004358442710876582,0.0015866701612358598,0.0015736028745104453,0.0004749456136737065,0.0007096541867801821,0.0003281899319882847,0.0005282199364773157,0.0004844947847422766,0.0006141624760944639,0.00038548495839971567,0.001478111163824727,0.0006181831797022821,0.0024471007333092803,0.004516757915434483,0.00189777210289091,0.0034658465099406018,0.0007991148420541695,0.0021666566566638547,0.0021741954759285156,0.002975320669786596,0.0014705723445600644,0.0011197659547777933,0.001652006594862929,0.003030605344394118,0.0023958367623095785,0.002317433041957093,0.002311904574496341,0.0033587952763824026,0.0023345210322903275,0.0017319180790683463,0.0005799864954279949,0.00044227739686017106,0.0017736328789994763,0.0017128197369312027,0.001384629804942918,0.003023066525129455,0.0024928362368482285,0.002926067050590805,0.0025481209114557504,0.0016057685033730035,0.001022263892288166,0.001437904127746529,0.0012132473136596024,0.002826554636297267,0.0013197959592668243,0.0016439651876472908,0.0011368539451110278,0.0022963243480160402,0.001895761751087001,0.000415640235458363,0.0021284599723895674,0.0004558472715365629,0.000556867449683033,0.0005101267702421267,0.0024259920393682258,0.0011614807547089233,0.0005970744857612294,0.002874300491640126,0.004222743964112666,0.0008086640131227431,0.0037880053865171574,0.0014343860120896862,0.0014761008120208162,0.002462178371838604,0.0015142974962951035,0.003593503849488878,0.00043373340169355207,0.0009659740417786895,0.0015258570191675862,0.0007704673288484558,0.0002744130212336965,0.005031407977235407,0.0029527042119926097,0.004245863009857629,0.001327334778531487,0.0030019578311884024,0.00019098342137143648,0.001285619978600357,0.001224304248581106,9.348135888180911e-05,0.0010564398729546332,0.0038030830250464828,0.002725534458150795,0.0004462981004679893,0.0013197959592668243,0.0031165478840112643,0.001493691390305028,0.004692161110325619,0.0029506938601887005,0.0006523591603687512,0.0010453829380331278,0.0008850573816713177,0.0008106743649266522,0.0006789963217705558,0.0017299077272644372,0.003187412785099087,0.002357640078035291,0.002422473923711385,0.00033371839944903656,0.00036236591265475376,0.001592701216647589,0.000923254065945605,0.000457857623340472,0.00043875928120332836,0.0008795289142105658,0.0015680744070496935,0.0012016877907871197,0.0009554196948081631,0.0026511514414061313,0.006168261922346435,0.004312707207337632,0.001991253461772719,0.003185402433295176,0.00021561023096933196,0.00185605730295978,0.002101822810987761,0.0033949816088527807,0.000869979743141994,0.0027561923231604214,0.00334723575350992,0.00230034505162386,0.0011559522872481715,0.002406893697231082,0.002807456294160123,0.0015746080504123999,0.0019264196160966255,0.0031090090647466016,0.0015660640552457826,0.00219530416986957,0.004419255852944854,0.0018274097897540646,0.0026360738028768076,0.0013579926435411116,0.003330147763176687,0.0016881929273333072,0.002147558314526711,0.0015333958384322471,0.0007629285095837914,0.0004920336040069376,0.00038548495839971567,0.003131625522540588,0.0013006976171296807,0.0026586902606707923,0.0011579626390520806,0.0023289925648295757,0.0025330432729264267,0.0008428399937892104,0.0007764983842601832,0.0012569724653946415,0.0018786737607537664,0.00019751706473414288,0.001636426368382628,0.001232345655796746,0.000873497858798835,0.0016706023490490954,0.0018158502668815836,0.0030592528575998333,0.004087547805299727,0.0010850873861603487,0.0034181006545977426,0.0005141474738499484,0.0006217012953591249,0.0006543695121726603,0.0011579626390520806,0.001059455400660497,0.001070009747631025,0.0007915760227895086,0.0010393518826213987,0.003240687107902698,0.0032653139175005935,0.0043428624843962794,0.005611394472663404,0.001274060455727876,0.00019751706473414288,0.00045182656792874115,0.0007895656709855994,0.0012665216364632133,0.0008488710492009395,0.0020239216785862546,0.0003432675705176101,0.0005111319461440812,0.0031240867032759252,0.0012971795014728397,0.0007800164999170259,0.00048047408113445836,0.0014132773181486334,0.0005493286304183685,0.00032215887657655734,0.0011785687450421578,0.001798762276548349,0.0012418948268653179,0.0009840672080138786,0.003595514201292789,0.0010071862537588405,0.0006217012953591249,0.0016173280262454844,0.0028627409687676433,0.0007398094638388295,0.0007428249915446931,0.0011785687450421578,0.00021561023096933196,0.0006448203411040902,0.0004674067944090421,0.00194350760642986,0.0016268771973140563,0.0015776235781182653,0.0011423824125717796,0.0011559522872481715,0.0014745930481678843,0.0006905558446430385,0.0017203585561958654,0.0015640537034418735,0.003637229001223919,0.0012092266100517824,0.0005302302882812249,0.003023066525129455,0.00179675192474444,0.004577571057502757,0.0035744055073517345,0.002965771498718024,0.0006619083314373213,0.000524701820820473,0.0006407996374962685,0.0004885154883500983,0.0013791013374821661,0.002412924752642813,0.0006749756181627375,0.0011403720607678688,0.0023938264105056693,0.004234303486985147,0.00210383316279167,0.004062418407750854,0.000524701820820473,0.000715182654240934,0.00020606105990076187,0.0007383016999858959,0.0016766334044608245,0.0010262845958959842,0.0024471007333092803,0.0001563048527539919,0.0025521416150635703,0.004030252778888296,0.0013811116892860752,0.0005729502641143094,0.0021209211531249047,0.0008468606973970304,0.0019244092642927164,0.0007458405192505603,0.0014951991541579598,0.0013695521664135943,0.0004920336040069376,0.0010262845958959842,0.0032653139175005935,0.002315422690153184,0.0033110494210395434,0.0014132773181486334,0.0004176505872622756,0.00041413247160543287,0.0008488710492009395,0.0007780061481131167,0.0016766334044608245,0.0021897757024088183,0.0021877653506049075,0.0003111019416550502,0.0006714575025058948,0.0012876303304042679,0.0018786737607537664,0.003130117758687656,0.0005548570978791238,0.0019379791389691082,0.0011891230920126842,0.0009755232128472614,0.0014132773181486334,0.0015258570191675862,0.0007860475553287567,0.0027370939810232777,0.004462981004679895,0.002319443393761004,0.0035075613098717318,0.001886212580018429,0.0012625009328553934,0.0003080864139491865,0.0012730552798259197,0.00027843372484151474,0.0009574300466120723,0.0014268471928250252,0.002990900896266897,0.002933605869855466,0.0023385417358981475,0.002317433041957093,0.0011539419354442606,0.00044830845227189844,0.0021093616302524237,0.0012358637714535887,0.000366386616262572,0.0009403420562788378,0.001028294947699895,0.00020204035629294015,0.0010624709283663623,0.0005799864954279949,0.00034527792232151924,0.001995274165380539,0.0009403420562788378,0.001022263892288166,0.0010946365572289205,0.0008885754973281586,0.00045986797514438113,0.001895761751087001,0.0010850873861603487,0.0009956267308863596,0.0033949816088527807,0.0030059785347962224,0.002331002916633485,0.0030175380576687033,--,--,--
143,0.001850026247548051,0.0005342509918890466,0.0020219113267823437,0.0025023854079168004,0.0024415722658485284,0.0026627109642786122,0.0019208911486358737,0.0012876303304042679,0.001443935183158258,0.00048650513654618574,0.000816202832387404,0.0007227214735055949,0.0005578726255849875,0.0006598979796334122,0.0009976370826902687,0.0023822668876331866,0.0011403720607678688,0.000806653661318834,0.0016766334044608245,0.001478111163824727,0.0016575350623236808,0.0007971044902502604,0.001991253461772719,0.0015067586770304425,0.0012986872653257715,0.002004823336449111,0.00035482709339008933,0.0013655314628057743,0.0014610231734914925,0.0012514439979338897,0.00390058508753611,0.002273707890222054,0.0013695521664135943,0.002050558839988059,0.0011328332415032078,0.0016535143587158626,0.0005025879509774657,0.0004920336040069376,0.0007780061481131167,0.0011197659547777933,0.0008795289142105658,0.0006865351410352168,0.0037347310637135464,0.0017701147633426336,0.001640447071990448,0.000715182654240934,0.0015736028745104453,0.001127304774042456,0.000865959039534174,0.0035191208327442144,0.001239884475061407,0.0038126321961150546,0.0015238466673636753,0.0026300427474650768,0.0034371989967348863,0.0044519240697583895,0.00179675192474444,0.0019093316257633927,0.0041865576316422876,0.0007584052180249976,0.0008257520034559776,0.00016384367201865285,0.0011539419354442606,0.000923254065945605,0.0025310329211225176,0.00028597254410617917,0.0017545345368623327,0.0053254219285572245,0.001647985891255109,0.000341257218713701,0.0008946065527398895,0.0011996774389832106,0.0007398094638388295,0.00012966769135218728,0.0006694471507019857,0.0008031355456619912,0.0003794539029879883,0.00354776834594993,0.0012358637714535887,0.0013941789760114898,0.0011403720607678688,0.0010720200994349342,0.00186811941378324,0.000623711647163034,0.0013027079689335915,0.0004538369197326503,0.0009328032370141768,0.002422473923711385,0.001396189327815399,0.0013675418146096834,0.0022375215577516774,0.003440717112391729,0.002739104332827187,0.0014494636506190116,0.00026888455377294465,0.0009916060272785396,0.001123284070434636,0.0005493286304183685,0.0008795289142105658,0.0018902332836262473,0.003330147763176687,0.0026853274220725986,0.001995274165380539,0.000657887627829503,0.0012338534196496779,0.002761720790621173,0.0020867451724584374,0.0004940439558108502,0.0006468306929079994,0.00204452778457633,0.0016153176744415753,0.0016726127008530062,0.0016308979009218762,0.0018465081318912082,0.0017108093851272935,0.0018997824546948192,0.0008413322299362785,0.0015183181999029235,0.0013082364363943434,0.0012227964847281742,0.0006448203411040902,0.0002975320669786584,0.000374930611429191,0.0002477758598318919,0.0017530267730094008,0.002105843514595581,0.0028627409687676433,0.0019148600932241445,0.003763378576919262,0.0015866701612358598,0.00189777210289091,0.0010403570585233533,0.0001698747274303837,0.00012765733954827815,0.0012303353039928352,0.0018253994379501554,0.0021400194952620483,0.0004045833005368593,0.00037191508372332385,0.0019666266521748237,0.002973310317982687,0.0018635961222244427,0.0026948765931411704,0.0019776835870963273,0.000623711647163034,0.0008373115263284568,0.0012549621135907324,0.0006865351410352168,0.001130822889699297,0.0016957317465979699,0.0017012602140587217,0.004797201992079909,0.0017108093851272935,0.003974968104280776,0.0014474532988151007,0.0013474382965705852,0.0020465381363802392,0.0007141774783389794,0.0013162778436099833,0.00034527792232151924,0.0008604305720734222,0.0017851924018719573,0.001342915005011788,0.0007991148420541695,0.002353619374427471,0.003173842910422695,0.0010679993958271142,0.0009720050971904187,0.0007764983842601832,0.002819015817032604,0.000540784635251753,0.0017414672501369181,0.0011137348993660642,0.0008126847167305613,0.0010931287933759887,0.003038646751609756,0.002252599196281001,0.003015527705864794,0.001182589448649976,0.001127304774042456,0.0008172080082893586,0.0001914860093224155,0.0006257219989669466,0.00033371839944903656,0.0007669492131916131,0.0027883579520229795,0.0030537243901390815,0.004112174614897624,0.001478111163824727,0.0014992198577657798,0.00047695596547761565,0.0006448203411040902,0.0003126097055079838,0.0005342509918890466,0.00046841197031099666,0.000566416620751603,0.0003890030740565584,0.001342915005011788,0.0005262095846734066,0.0023249718612217557,0.0042936088652004885,0.001808311447616921,0.0031622833875502143,0.0007684569770445467,0.0020430200207233983,0.0019817042907041473,0.0027406120966801204,0.001338894301403968,0.001035833766964556,0.0016535143587158626,0.002984869840855168,0.00230034505162386,0.002172687712075584,0.0021304703241934765,0.003087900370805549,0.0021264496205856565,0.00160024003591225,0.000515152649751903,0.00041413247160543287,0.0017223689079997745,0.0015565148841772108,0.001186610152257796,0.002927574814443737,0.0023420598515549902,0.0028381141591697478,0.0023958367623095785,0.0015122871444911944,0.0009267721816024459,0.0013006976171296807,0.001077548566895686,0.002624514280004325,0.0013006976171296807,0.0015333958384322471,0.0010298027115528269,0.002163138541007012,0.0018465081318912082,0.0004312204619386674,0.002006331100302043,0.00048650513654618574,0.0005121371220460393,0.0005292251123792703,0.0021917860542127274,0.0010468907018860614,0.0005910434303494985,0.0026340634510728968,0.004146350595564091,0.0007287525289173258,0.003494494023146319,0.0013047183207375006,0.0014801215156286362,0.0022983346998199494,0.0014077488506878816,0.0033266296475198444,0.000408101416193702,0.0009287825334063568,0.0014745930481678843,0.0007764983842601832,0.00025581726704753185,0.00469969992959028,0.0026551721450139513,0.00405136147282935,0.001285619978600357,0.0028667616723754633,0.0001829420141557965,0.0012227964847281742,0.001123284070434636,8.594253961714815e-05,0.0009383317044749286,0.003635218649420008,0.0025863175957300377,0.00045031880407581104,0.001228324952188926,0.0029104868241105024,0.0014002100314232189,0.004367991881945154,0.002832585691708996,0.0006277323507708557,0.0010031655501510223,0.000782026851720935,0.0007609181577798822,0.0007192033578487522,0.0016610531779805236,0.0031185582358151734,0.002303863167280703,0.0022963243480160402,0.0003890030740565584,0.0003508063897822711,0.0014841422192364562,0.0008966169045437986,0.0004844947847422766,0.0004196609390661847,0.0008946065527398895,0.0014268471928250252,0.0012132473136596024,0.0008755082106027458,0.0024335308586328885,0.005561638265516634,0.003999594913878671,0.0018289175536069981,0.0028436426266304996,0.00020957917555760458,0.0017449853657937608,0.0020143725075176828,0.0033110494210395434,0.000831783058867705,0.0025863175957300377,0.0031049883611387816,0.0021762058277324265,0.0010870977379642578,0.0022239516830752856,0.002561690786132142,0.0014193083735603625,0.00175101642120549,0.002889880718120427,0.0014590128216875834,0.0020867451724584374,0.00405136147282935,0.001808311447616921,0.002521483750053944,0.0013504538242764506,0.003171832558618786,0.0015585252359811216,0.001964616300370913,0.0015012302095696907,0.0006830170253783775,0.0005035931268794203,0.00037191508372332385,0.002922046346982985,0.0012092266100517824,0.0024491110851131894,0.0011122271355131323,0.0020751856495859547,0.002331002916633485,0.0007704673288484558,0.000707643834976273,0.0011675118101206524,0.0017816742862151163,0.00020204035629294015,0.0014761008120208162,0.001184599800453887,0.0008332908227206386,0.0015866701612358598,0.0017278973754605263,0.002819015817032604,0.003856859935801071,0.0010433725862292187,0.003219578413961645,0.0005005775991735566,0.0005950641339573202,0.0006066236568298029,0.001077548566895686,0.0010212587163862096,0.001077548566895686,0.0007247318253095041,0.0010378441187684669,0.002935616221659377,0.003085890019001638,0.003925211897134006,0.005227919866067597,0.001186610152257796,0.00018997824546948192,0.0004292101101347548,0.0007458405192505603,0.0012720501039239652,0.0007724776806523649,0.0018922436354301582,0.00029351136337084013,0.00047695596547761565,0.0029506938601887005,0.0012378741232574979,0.0007780061481131167,0.0004292101101347548,0.0013177856074629152,0.0005056034786833294,0.0002764233730376056,0.0010946365572289205,0.0016213487298533044,0.0012132473136596024,0.0009348135888180859,0.00340101266426451,0.0010298027115528269,0.0006332608182316075,0.0014399144795504398,0.002763731142425084,0.0006543695121726603,0.0006800014976725104,0.001093631381326966,0.00021762058277324456,0.0005779761436240857,0.00046539644260513297,0.0018369589608226364,0.001594711568451498,0.001489670686697208,0.0010413622344253096,0.001127304774042456,0.001342915005011788,0.0006352711700355167,0.0016248668455101471,0.0015620433516379626,0.0035010276665090254,0.0011579626390520806,0.0005438001629576167,0.0029145075277183224,0.00174699571759767,0.004183039515985447,0.003454286987068121,0.002807456294160123,0.0006553746880746149,0.0005111319461440812,0.0006101417724866422,0.00046338609080122384,0.0013006976171296807,0.0023134123383492747,0.0005930537821534111,0.0010147250730235032,0.002204853340938142,0.003940792123614308,0.001996781929233471,0.0037613682251153528,0.0004824844329383675,0.0007212137096526648,0.00024224739237114004,0.0007684569770445467,0.0016650738815883435,0.0009996474344941796,0.0023134123383492747,0.00015429450095008276,0.0025481209114557504,0.003864398755065732,0.0012911484460611088,0.000540784635251753,0.0019359687871651973,0.0007764983842601832,0.0017861975777739136,0.000707643834976273,0.0013368839496000588,0.0013067286725414115,0.0005015827750755111,0.0009498912273474096,0.0030195484094726124,0.0022928062323591975,0.003139666929756228,0.0012529517617868215,0.0004327282257915975,0.00045182656792874115,0.0008031355456619912,0.0007056334831723604,0.0014570024698836725,0.002099812459183852,0.002157107485595283,0.0003146200573118929,0.0006769859699666467,0.001186610152257796,0.0018158502668815836,0.0030708123804723143,0.0005342509918890466,0.001844497780087299,0.001111221959611176,0.000923254065945605,0.0013082364363943434,0.0013981996796193098,0.0006372815218394258,0.0025405820921910894,0.004234303486985147,0.002212392160202803,0.0033130597728434526,0.0017912234572836881,0.001169019573973586,0.000299542418782571,0.0011901282679146388,0.0002593353827043711,0.0009061660756123704,0.0013293451303353961,0.0027466431520918495,0.0028456529784344105,0.0021706773602716747,0.002256619899888821,0.0010825744464054605,0.00045031880407581104,0.002004823336449111,0.0011775635691402015,0.0003950341294682892,0.0008795289142105658,0.0009709999212884641,0.00018696271776361822,0.0009956267308863596,0.0005473182786144594,0.0003261795801843756,0.0018691245896851946,0.0008182131841913132,0.0009916060272785396,0.0010468907018860614,0.0008182131841913132,0.00046338609080122384,0.001757550064568198,0.0009554196948081631,0.0009403420562788378,0.0033035106017748807,0.0027501612677486922,0.002262148367349573,0.002931595518051557,--,--,--
144,0.0017912234572836881,0.000507111242536263,0.0018922436354301582,0.0023782461840253667,0.0023958367623095785,0.0025405820921910894,0.00185605730295978,0.0012036981425910306,0.0014459455349621689,0.0004960543076147593,0.0007850423794268022,0.0006980946639076994,0.0005312354641831829,0.0006503488085648421,0.0009287825334063568,0.002208874044545962,0.0011177556029738842,0.0008141924805834949,0.001697742098401879,0.0014554947060307407,0.0016077788551769126,0.0007840372035248476,0.0018369589608226364,0.0014972095059618707,0.0012132473136596024,0.0018882229318223382,0.0003432675705176101,0.0013921686242075806,0.0014685619927561552,0.0012378741232574979,0.003704073198703922,0.002206863692742051,0.0013750806338743461,0.0019495386618415891,0.0011026779644445605,0.0015032405613735998,0.0004875103124481403,0.0005176655895067911,0.000774488032456274,0.0010891080897681687,0.0008810366780634977,0.0007096541867801821,0.0037271922444488854,0.0017052809176665417,0.0015851623973829262,0.0007553896903191304,0.0014685619927561552,0.001077548566895686,0.0008488710492009395,0.003289940727098489,0.0012187757811203542,0.0037648863407721937,0.001493691390305028,0.002670249783543275,0.003282401907833828,0.004375530701209815,0.0018691245896851946,0.0018671142378812854,0.003990045742810099,0.0007161878301428885,0.0007840372035248476,0.00018897306956752735,0.0011614807547089233,0.000923254065945605,0.0025003750561128912,0.0002879828959100883,0.0017072912694704508,0.005184194714332558,0.0016424574237943572,0.0003678943801155056,0.0008981246683967305,0.0011675118101206524,0.0006925661964469476,0.00013921686242075737,0.0006694471507019857,0.0008297727070637959,0.0003910134258604675,0.0035191208327442144,0.0011956567353753906,0.0014725826963639735,0.0010931287933759887,0.0010091966055627514,0.0017872027536758681,0.0005930537821534111,0.001226314600385017,0.00042167129087009383,0.0008925962009359786,0.002408904049034993,0.0013921686242075806,0.0013750806338743461,0.002204853340938142,0.0033683444474509744,0.0026988972967489904,0.0014570024698836725,0.0002744130212336965,0.0009900982634256077,0.0011614807547089233,0.0005226914690165639,0.0008468606973970304,0.0017796639344112054,0.0032557647464320216,0.0027009076485528995,0.0020028129846452,0.0006714575025058948,0.0011956567353753906,0.0026476333257492886,0.0020430200207233983,0.0005206811172126548,0.0006196909435552157,0.001850026247548051,0.0016022503877161608,0.0016153176744415753,0.0015736028745104453,0.001850026247548051,0.0016957317465979699,0.0018329382572148164,0.0008182131841913132,0.001430365308481868,0.0013067286725414115,0.0011328332415032078,0.0006513539844667966,0.0002879828959100883,0.0003774435511840757,0.00028245442844933646,0.0016917110429901499,0.0021359987916542283,0.002922046346982985,0.0018158502668815836,0.003646778172292491,0.0015866701612358598,0.0018233890861462446,0.0009745180369453068,0.00017741354669504467,0.0001346935708619601,0.0011464031161795996,0.00180077262835226,0.002138009143458139,0.0003643762644586629,0.0004538369197326503,0.001886212580018429,0.0029562223276494524,0.0018424874282833882,0.002672260135347184,0.0018852074041164728,0.0006101417724866422,0.0008031355456619912,0.0012378741232574979,0.0006714575025058948,0.0011655014583167433,0.0016706023490490954,0.001682161871921578,0.004671052416384564,0.001682161871921578,0.003856859935801071,0.0013750806338743461,0.0012710449280220106,0.002004823336449111,0.0007086490108782276,0.0013122571400021633,0.0003377391030568583,0.0009076738394653023,0.0018103217994208318,0.001335376185747127,0.0008011251938580821,0.0023842772394370975,0.003147205749020889,0.0010468907018860614,0.0009508964032493659,0.0007533793385152213,0.0027426224484840295,0.0005463131027125048,0.0016917110429901499,0.0010850873861603487,0.0008182131841913132,0.0011026779644445605,0.0029924086601198305,0.002365178897299954,0.0028667616723754633,0.001180579096846067,0.0010911184415720778,0.0007925811986914631,0.00020606105990076187,0.0006438151652021322,0.0003261795801843756,0.0007764983842601832,0.002773280313493656,0.0029009376530419306,0.003938781771810397,0.0014459455349621689,0.0014343860120896862,0.0005111319461440812,0.0006181831797022821,0.0003030605344394137,0.0005438001629576167,0.0004749456136737065,0.0005322406400851375,0.0003774435511840757,0.0013027079689335915,0.0005302302882812249,0.002376738420172435,0.003984517275349347,0.00174699571759767,0.002967781850521935,0.0007684569770445467,0.0019530567774984318,0.0019304403197044455,0.0025903382993378576,0.0012836096267964479,0.0010071862537588405,0.001693721394794059,0.0029828594890512587,0.002305873519084612,0.0020807141170467083,0.0020349786135077583,0.002926067050590805,0.0020028129846452,0.0014972095059618707,0.00048650513654618574,0.00042167129087009383,0.0016801515201176672,0.0014841422192364562,0.0012112369618556915,0.002918025643375165,0.0022847648251435593,0.002824544284493356,0.0023747280683685257,0.0014630335252954017,0.0008508814010048486,0.0012016877907871197,0.0009956267308863596,0.0025310329211225176,0.001335376185747127,0.0014610231734914925,0.0010187457766313232,0.0021284599723895674,0.0018731452932930145,0.00042368164267400296,0.001895761751087001,0.0005091215943401721,0.0004694171462129547,0.0005618933291928058,0.0020731752977820456,0.0009860775598177877,0.0006005926014180721,0.0025883279475339485,0.004142832479907248,0.0007131723024370248,0.003446748167803458,0.0012474232943260697,0.0014650438770993125,0.0021782161795363356,0.001373070282070437,0.0031110194165505124,0.00042066611496813927,0.0009353161767690632,0.0014916810385011189,0.000823741651652065,0.0002477758598318919,0.004642404903178849,0.002666229079935455,0.003948330942878969,0.001285619978600357,0.0027541819713565122,0.0001733928430872264,0.0012338534196496779,0.0010393518826213987,8.795289142105728e-05,0.000923254065945605,0.003534198471273538,0.0025541519668674795,0.000507111242536263,0.0012454129425221606,0.0029029480048458414,0.001384629804942918,0.004140822128103339,0.002761720790621173,0.0006468306929079994,0.0009689895694845532,0.0007800164999170259,0.0007438301674466477,0.0007609181577798822,0.0016595454141275917,0.0032120395946969825,0.0022752156540749875,0.0023501012587706285,0.00041212211980152375,0.00038548495839971567,0.0014630335252954017,0.0008584202202695113,0.0005226914690165639,0.0004176505872622756,0.0009287825334063568,0.0014077488506878816,0.0011770609811892242,0.000869979743141994,0.002424484275515294,0.0053138624056847435,0.0038719375743303946,0.0017449853657937608,0.0026320530992689876,0.00021912834662617467,0.0016424574237943572,0.0019741654714394846,0.003293961430706309,0.0008011251938580821,0.0024546395525739412,0.0030592528575998333,0.002065636478517383,0.0010378441187684669,0.002155097133791372,0.0023918160587017585,0.0013378891255020134,0.0016746230526569154,0.002769259609885836,0.0014193083735603625,0.00204452778457633,0.0038186632515267837,0.00185605730295978,0.002477758598318905,0.0013695521664135943,0.0031165478840112643,0.0014590128216875834,0.0019148600932241445,0.001485649983089388,0.0006503488085648421,0.000507111242536263,0.0003774435511840757,0.0027943890074347087,0.001182589448649976,0.0024586602561817612,0.0011368539451110278,0.0020827244688506174,0.0021973145216734793,0.000749358634907403,0.0006714575025058948,0.001127304774042456,0.0016957317465979699,0.0002231490502339964,0.0013539719399332916,0.0012052059064439624,0.000823741651652065,0.0015409346576969098,0.0017032705658626308,0.0027541819713565122,0.003704073198703922,0.0010338234151606469,0.0031185582358151734,0.0004900232522030284,0.0006101417724866422,0.0006026029532219812,0.0010549321091016996,0.001028294947699895,0.0011252944222385451,0.0006925661964469476,0.001070009747631025,0.0027541819713565122,0.0030517140383351706,0.0036714049818903863,0.005073625365117514,0.0011579626390520806,0.00019751706473414288,0.0004091065920956566,0.0007171930060448431,0.0012705423400710333,0.0007287525289173258,0.0018178606186854927,0.0002879828959100883,0.000457857623340472,0.002880331547051855,0.0012036981425910306,0.0007800164999170259,0.000415640235458363,0.0012529517617868215,0.0004789663172815248,0.00028245442844933646,0.001065989044023205,0.0015142974962951035,0.0011941489715224587,0.0009116945430731223,0.0033567849245784917,0.0010911184415720778,0.0006845247892313076,0.0013102467881982525,0.0026873377738765077,0.0005990848375651385,0.0007171930060448431,0.0010604605765624532,0.00024224739237114004,0.0005513389822222811,0.0004694171462129547,0.0018193683825384263,0.0016117995587847326,0.0014419248313543489,0.0009820568562099678,0.0010755382150917769,0.0012795889231886279,0.0006196909435552157,0.001539426893843978,0.0015374165420400671,0.003289940727098489,0.0011614807547089233,0.0005814942592809284,0.0028436426266304996,0.0017128197369312027,0.004020703607819724,0.003377893618519546,0.0026838196582196668,0.0006553746880746149,0.0004885154883500983,0.0005814942592809284,0.0004709249100658848,0.0012795889231886279,0.002252599196281001,0.0005704373243594248,0.0009840672080138786,0.0020827244688506174,0.003856859935801071,0.0019168704450280537,0.00354776834594993,0.0004694171462129547,0.0007418198156427386,0.0002613457345082837,0.0007513689867113121,0.0016193383780493936,0.0010167354248274123,0.002260138015545662,0.00017540319489113554,0.0026320530992689876,0.0038126321961150546,0.001232345655796746,0.0005091215943401721,0.0018369589608226364,0.0007513689867113121,0.0016429600117453345,0.000673467854309804,0.0012549621135907324,0.0012891380942571997,0.0005342509918890466,0.0008925962009359786,0.002922046346982985,0.002361158193692134,0.0031049883611387816,0.0011941489715224587,0.0004407696330072375,0.0004694171462129547,0.0007991148420541695,0.0006769859699666467,0.0013333658339432161,0.002056087307448811,0.0021093616302524237,0.0002744130212336965,0.0006960843121037903,0.001182589448649976,0.0018309279054109073,0.0030667916768644943,0.0005438001629576167,0.001794741572940529,0.0010509114054938814,0.0008840522057693614,0.001281599274992537,0.0013579926435411116,0.0005453079268105503,0.0025385717403871785,0.004056889940290102,0.002200832637330322,0.0031411746936091597,0.0017545345368623327,0.001186610152257796,0.00030708123804723195,0.0011891230920126842,0.0002613457345082837,0.0008905858491320695,0.0013177856074629152,0.0026456229739453795,0.002868772024179374,0.002147558314526711,0.002206863692742051,0.0010468907018860614,0.0004407696330072375,0.0019626059485670037,0.0011579626390520806,0.00041212211980152375,0.000865959039534174,0.0009021453720045505,0.00019651188883218831,0.0009554196948081631,0.0005779761436240857,0.00034527792232151924,0.0018902332836262473,0.0007478508710544694,0.0010031655501510223,0.001028294947699895,0.0008031355456619912,0.0004674067944090421,0.0016334108406767626,0.0009363213526710178,0.0009363213526710178,0.003231137936834126,0.002670249783543275,0.002212392160202803,0.0028838496627086978,--,--,--
145,0.0017128197369312027,0.0004844947847422766,0.0017545345368623327,0.0022390293216046093,0.002355629726231382,0.002424484275515294,0.0018022803922051918,0.0011137348993660642,0.0014343860120896862,0.0005035931268794203,0.000756394866221085,0.0006619083314373213,0.0005045983027813748,0.0006372815218394258,0.000865959039534174,0.0020274397942430956,0.0010795589186995969,0.0008182131841913132,0.0017183482043919545,0.0014228264892172052,0.0015489760649125498,0.000782026851720935,0.0016706023490490954,0.0014725826963639735,0.001138864296914937,0.0017660940597348136,0.00033371839944903656,0.0014037281470800616,0.0014610231734914925,0.0012187757811203542,0.003504043194214891,0.0021249418567327247,0.0013811116892860752,0.0018465081318912082,0.0010644812801702715,0.0013559822917372025,0.0004729352618697939,0.0005438001629576167,0.0007800164999170259,0.0010549321091016996,0.0008830470298674068,0.0007287525289173258,0.00375382940585069,0.001652006594862929,0.0014972095059618707,0.0007875553191816903,0.0013770909856782552,0.0010262845958959842,0.0008257520034559776,0.0030079888866001315,0.0011956567353753906,0.0037211611890371546,0.0014474532988151007,0.0026913584774843277,0.003188920548952019,0.00429913733266124,0.0019495386618415891,0.0018233890861462446,0.0037880053865171574,0.0006694471507019857,0.0007383016999858959,0.00021359987916542283,0.001138864296914937,0.000923254065945605,0.002464188723642513,0.00029351136337084013,0.0016801515201176672,0.00504296750010789,0.001636426368382628,0.0003930237776643801,0.0008830470298674068,0.001123284070434636,0.0006428099893001776,0.00014876603348933093,0.0006639186832412339,0.0008714875069949259,0.00039855224512513193,0.0034849448520777454,0.0011675118101206524,0.0015409346576969098,0.0010453829380331278,0.0009403420562788378,0.0017032705658626308,0.0005578726255849875,0.0011559522872481715,0.0003930237776643801,0.0008508814010048486,0.0023782461840253667,0.0013770909856782552,0.0013811116892860752,0.0021440401988698683,0.0033150701246473634,0.0026551721450139513,0.0014474532988151007,0.00028245442844933646,0.0009880879116216969,0.0011881179161107296,0.000507111242536263,0.000816202832387404,0.0016706023490490954,0.0031411746936091597,0.0026893481256804186,0.00199879228103738,0.0006925661964469476,0.0011539419354442606,0.0025290225693186067,0.0019741654714394846,0.0005513389822222811,0.0005990848375651385,0.0016650738815883435,0.0015811416937751063,0.0015585252359811216,0.0015183181999029235,0.0018731452932930145,0.0016861825755293963,0.0017640837079309045,0.0007971044902502604,0.001342915005011788,0.0013082364363943434,0.0010468907018860614,0.0006543695121726603,0.0002794389007434728,0.000374930611429191,0.00031663040911580204,0.001634416016578719,0.0021897757024088183,0.0030079888866001315,0.0017052809176665417,0.0035402295266852672,0.0015756132263143544,0.0017243792598036854,0.0008885754973281586,0.00018394719005775106,0.00014022203832271193,0.0010604605765624532,0.0017605655922740618,0.002099812459183852,0.00032065111272362376,0.0005397794593497984,0.0018178606186854927,0.002935616221659377,0.001794741572940529,0.0026416022703375595,0.0017766484067053417,0.0005910434303494985,0.0007513689867113121,0.0012132473136596024,0.0006543695121726603,0.0011956567353753906,0.0016424574237943572,0.001640447071990448,0.004537364021424559,0.001640447071990448,0.0037176430733803136,0.0012876303304042679,0.0011921386197185479,0.0019455179582337691,0.0006960843121037903,0.0013047183207375006,0.0003261795801843756,0.0009519015791513204,0.0018193683825384263,0.0013504538242764506,0.0007955967263973268,0.002399354877966421,0.0031069987129426924,0.0010187457766313232,0.0009317980611122222,0.0007287525289173258,0.0026380841546807168,0.000556867449683033,0.0016384367201865372,0.0010509114054938814,0.0008202235359952258,0.0011197659547777933,0.0029602430312572724,0.002460670607985672,0.0026933688292882386,0.0011710299257774951,0.0010468907018860614,0.0007609181577798822,0.00022013352252812923,0.000657887627829503,0.00031864076091971463,0.0007895656709855994,0.002735083629219367,0.0027923786556307995,0.003751819054046781,0.0014172980217564534,0.0013715625182175034,0.0005473182786144594,0.0005875253146926593,0.00029552171517474926,0.0005493286304183685,0.0004794689052325038,0.0004900232522030284,0.000373925435527233,0.0012625009328553934,0.0005226914690165639,0.002416442868299654,0.0036714049818903863,0.0016881929273333072,0.002769259609885836,0.0007553896903191304,0.00185605730295978,0.001886212580018429,0.002418453220103565,0.001224304248581106,0.000980549092357036,0.001735436194725189,0.0029602430312572724,0.0022983346998199494,0.0019892431099688083,0.0019128497414202337,0.002773280313493656,0.0018786737607537664,0.0013811116892860752,0.00045182656792874115,0.00042719975833084567,0.0016213487298533044,0.0014112669663447243,0.0012358637714535887,0.002922046346982985,0.002202842989134231,0.002823036520640424,0.002363168545496043,0.0014037281470800616,0.000782026851720935,0.0010986572608367405,0.0009116945430731223,0.0024280023911721366,0.001373070282070437,0.0014037281470800616,0.0010071862537588405,0.0020827244688506174,0.001895761751087001,0.00042518940652693654,0.0017816742862151163,0.0005282199364773157,0.00042167129087009383,0.0005930537821534111,0.0019530567774984318,0.0009328032370141768,0.0006046133050258903,0.0025023854079168004,0.004123734137770105,0.0007171930060448431,0.003381914322127366,0.0011976670871793015,0.0014514740024229207,0.0020711649459781364,0.001338894301403968,0.0028391193350717023,0.00042820493423280023,0.0009443627598866577,0.0015032405613735998,0.0008679693913380832,0.00025179656343971013,0.004585109876767418,0.0026320530992689876,0.003839269357516859,0.001281599274992537,0.0026476333257492886,0.00016233590816572274,0.001232345655796746,0.0009554196948081631,8.946065527399086e-05,0.0009096841912692132,0.0034618258063327835,0.002513944930789283,0.0005704373243594248,0.0012705423400710333,0.0028913884819733587,0.0013750806338743461,0.003904103203192953,0.0026551721450139513,0.0006558772760255939,0.0009383317044749286,0.0007704673288484558,0.0007287525289173258,0.0008031355456619912,0.0016288875491179654,0.0032994898981670608,0.0022294801505360375,0.002399354877966421,0.0004407696330072375,0.00042719975833084567,0.0014343860120896862,0.000816202832387404,0.0005628985050947603,0.0004060910643897929,0.0009820568562099678,0.001384629804942918,0.0011122271355131323,0.0008885754973281586,0.0023842772394370975,0.00504296750010789,0.00374578799863505,0.0016670842333922527,0.002416442868299654,0.00022716975384181465,0.001535406190236158,0.0019223989124888055,0.003276873440373076,0.0007724776806523649,0.00234608055516281,0.002990900896266897,0.001951046425694521,0.0009956267308863596,0.0020711649459781364,0.0022410396734085184,0.0012444077666202043,0.0015866701612358598,0.002614965108935753,0.0013750806338743461,0.002004823336449111,0.003555307165214591,0.0019033005703516619,0.0024988672922599594,0.0014152876699525425,0.0030401545154626897,0.0013449253568156988,0.0018465081318912082,0.0014650438770993125,0.000623711647163034,0.0005035931268794203,0.0003794539029879883,0.0026511514414061313,0.0011559522872481715,0.002456649904377852,0.0011730402775814042,0.002099812459183852,0.002060108011056631,0.0007267421771134167,0.0006277323507708557,0.0010835796223074168,0.0016097892069808217,0.0002462680959789583,0.001226314600385017,0.0012207861329242634,0.000816202832387404,0.0014801215156286362,0.0016766334044608245,0.0026913584774843277,0.0035608356326753427,0.001024274244092075,0.002988890544462988,0.00048047408113445836,0.0006277323507708557,0.0006005926014180721,0.001035833766964556,0.001035833766964556,0.0011710299257774951,0.0006619083314373213,0.0011041857282974923,0.002622503928200416,0.0030079888866001315,0.0034181006545977426,0.0049017402858832215,0.0011252944222385451,0.0002050558839988073,0.00038699272225264925,0.0006905558446430385,0.0012378741232574979,0.0006845247892313076,0.0017374465465290981,0.00028245442844933646,0.00044227739686017106,0.002786850188170046,0.0011770609811892242,0.000774488032456274,0.00040056259692904106,0.0011901282679146388,0.0004558472715365629,0.00029351136337084013,0.0010338234151606469,0.0014057384988839707,0.001184599800453887,0.0008885754973281586,0.0033281374113727762,0.0011423824125717796,0.0007574000421230395,0.001180579096846067,0.002612954757131844,0.0005473182786144594,0.000749358634907403,0.0010252794199940296,0.0002668742019690355,0.0005226914690165639,0.00047695596547761565,0.0017756432308033854,0.0016329082527257854,0.0013811116892860752,0.0009348135888180859,0.0010147250730235032,0.0012187757811203542,0.0006046133050258903,0.001432375660285777,0.0015012302095696907,0.0030853874310506606,0.0011579626390520806,0.0006046133050258903,0.002759710438817264,0.0017374465465290981,0.0038377615936639273,0.0033035106017748807,0.0025365613885832694,0.0006418048133982231,0.00047695596547761565,0.0005417898111537076,0.0004789663172815248,0.0012529517617868215,0.0021837446469970875,0.0005513389822222811,0.0009614507502198923,0.0019776835870963273,0.0037689070443800137,0.0018274097897540646,0.0033246192957159353,0.000457857623340472,0.0007574000421230395,0.00028396219230227004,0.0007307628807212349,0.0015695821709026253,0.0010433725862292187,0.00219932487347739,0.00020606105990076187,0.0027084464678175622,0.0037327207119096373,0.0011785687450421578,0.0004729352618697939,0.0017319180790683463,0.0007247318253095041,0.001489670686697208,0.0006387892856923594,0.001182589448649976,0.0012665216364632133,0.0005724476761633339,0.000816202832387404,0.0028436426266304996,0.002422473923711385,0.0030632735612076533,0.0011423824125717796,0.0004442877486640802,0.0004789663172815248,0.0007935863745934177,0.0006387892856923594,0.0012092266100517824,0.001995274165380539,0.0020751856495859547,0.00022716975384181465,0.0007036231313684513,0.001175050629385315,0.0018349486090187273,0.003032615696198027,0.0005473182786144594,0.0017319180790683463,0.0009926112031804941,0.0008287675311618413,0.0012434025907182497,0.0012986872653257715,0.0004538369197326503,0.002521483750053944,0.003912144610408593,0.0021857549988009983,0.0029924086601198305,0.0017032705658626308,0.0011941489715224587,0.00031663040911580204,0.0011775635691402015,0.00026536643811610194,0.000865959039534174,0.0013122571400021633,0.0025405820921910894,0.0028933988337772696,0.00210785386639949,0.0021455479627228,0.0010091966055627514,0.0004196609390661847,0.0019053109221555727,0.0011252944222385451,0.00042719975833084567,0.0008468606973970304,0.0008277623552598867,0.00020957917555760458,0.0009267721816024459,0.0006181831797022821,0.00035834520904693204,0.00190179280649873,0.0006865351410352168,0.0010147250730235032,0.0009996474344941796,0.0007895656709855994,0.0004694171462129547,0.001489670686697208,0.0009137048948770331,0.0009328032370141768,0.0031547445682855516,0.0025787787764653767,0.0021666566566638547,0.0028039381785032805,--,--,--
146,0.0016213487298533044,0.0004674067944090421,0.0016213487298533044,0.0021093616302524237,0.002317433041957093,0.002331002916633485,0.0017681044115387245,0.0010393518826213987,0.0013921686242075806,0.0005111319461440812,0.0007257370012114621,0.0006196909435552157,0.0004875103124481403,0.0006257219989669466,0.0007991148420541695,0.0018691245896851946,0.001022263892288166,0.0008297727070637959,0.001739456898333009,0.0013770909856782552,0.0014725826963639735,0.0007971044902502604,0.001539426893843978,0.0013770909856782552,0.0010835796223074168,0.0016555247105197717,0.0003281899319882847,0.0013750806338743461,0.001436396363893597,0.001184599800453887,0.0033266296475198444,0.0020254294424391864,0.001386640156746827,0.001743477601940829,0.0010262845958959842,0.0012358637714535887,0.0004613757389973147,0.000574960615918222,0.0007860475553287567,0.001024274244092075,0.0008755082106027458,0.0007212137096526648,0.003783984682909339,0.0016233590816572135,0.0014112669663447243,0.000823741651652065,0.0012951691496689288,0.000978538740553125,0.0008011251938580821,0.0027104568196214714,0.001175050629385315,0.0036754256854982063,0.001384629804942918,0.0026491410896022204,0.0031185582358151734,0.004188567983446198,0.0020219113267823437,0.0017736328789994763,0.0035784262109595545,0.0006257219989669466,0.0006905558446430385,0.00023822668876331832,0.0011026779644445605,0.0009267721816024459,0.002422473923711385,0.0003050708862433228,0.0016706023490490954,0.004924859331628185,0.0016097892069808217,0.000415640235458363,0.0008604305720734222,0.0010755382150917769,0.0005950641339573202,0.00015278673709714918,0.000657887627829503,0.0009137048948770331,0.00039855224512513193,0.0034105618353330817,0.0011423824125717796,0.0015680744070496935,0.0009936163790824504,0.000873497858798835,0.0016429600117453345,0.0005352561677910012,0.0011157452511699733,0.0003774435511840757,0.000806653661318834,0.0023289925648295757,0.0013409046532078788,0.0013921686242075806,0.002052066603840993,0.0032693346211084134,0.002607426289671092,0.0014112669663447243,0.00029200359951790655,0.0009709999212884641,0.001169019573973586,0.0005056034786833294,0.0007915760227895086,0.0015660640552457826,0.002988890544462988,0.002670249783543275,0.0019761758232433955,0.0006925661964469476,0.0010966469090328296,0.0024415722658485284,0.0019073212739594819,0.0005814942592809284,0.0005779761436240857,0.0014761008120208162,0.0015278673709714953,0.0014972095059618707,0.0014534843542268298,0.0018731452932930145,0.0016630635297844344,0.0017087990333233827,0.0007629285095837914,0.0012760708075317852,0.0013027079689335915,0.000980549092357036,0.0006523591603687512,0.00027391043328271747,0.0003699047319194147,0.0003432675705176101,0.0015565148841772108,0.0022199309794674656,0.003042164867266599,0.0016097892069808217,0.0034276498256663145,0.0015489760649125498,0.0016288875491179654,0.0008086640131227431,0.00019098342137143648,0.0001497712093912855,0.000980549092357036,0.0017148300887351135,0.001951046425694521,0.00029200359951790655,0.0005724476761633339,0.00175101642120549,0.0029029480048458414,0.0017530267730094008,0.002624514280004325,0.0016881929273333072,0.0005814942592809284,0.0007121671265350703,0.0011710299257774951,0.0006332608182316075,0.001232345655796746,0.0015962193323044317,0.0015831520455790171,0.004411717033680193,0.0015715925227065344,0.00360305302055745,0.0011956567353753906,0.0011242892463365906,0.0018766634089498573,0.0007096541867801821,0.0012891380942571997,0.00031663040911580204,0.000964968865876735,0.0018178606186854927,0.0013770909856782552,0.0007780061481131167,0.0023229615094178466,0.003042164867266599,0.0009795439164550813,0.0009021453720045505,0.0007036231313684513,0.0025365613885832694,0.0005654114448496485,0.001594711568451498,0.0010147250730235032,0.0008222338877991349,0.0011212737186307251,0.0029165178795222332,0.0024928362368482285,0.0025174630464461258,0.0011559522872481715,0.0010031655501510223,0.0007217162976036404,0.00023370339720452105,0.0006684419748000311,0.0003090915898511411,0.0008051458974659004,0.0027124671714253822,0.0026757782510040268,0.00354374764234211,0.0014132773181486334,0.0013102467881982525,0.0005724476761633339,0.0005608881532908512,0.0002899932477139974,0.0005634010930457393,0.00048047408113445836,0.000457857623340472,0.00035834520904693204,0.0012418948268653179,0.0005111319461440812,0.002422473923711385,0.00340101266426451,0.0016268771973140563,0.002576768424661466,0.0007398094638388295,0.0017490060694015808,0.0018656064740283518,0.0022546095480849102,0.001169019573973586,0.0009594403984159814,0.001743477601940829,0.0028974195373850896,0.0022546095480849102,0.00194752831003768,0.0017831820500680481,0.0026320530992689876,0.0017736328789994763,0.001274060455727876,0.0004292101101347548,0.00043473857759550663,0.001535406190236158,0.0013504538242764506,0.0012474232943260697,0.0029145075277183224,0.0021249418567327247,0.002784839836366137,0.002321453745564913,0.0013449253568156988,0.0007362913481819867,0.0009996474344941796,0.000831783058867705,0.0023249718612217557,0.0014017177952761525,0.0013464331206686306,0.0009840672080138786,0.002052066603840993,0.0018847048161654955,0.0004462981004679893,0.0016786437562647354,0.0005357587557419802,0.0003844797824977611,0.0006217012953591249,0.0018615857704205319,0.0008946065527398895,0.000616172827898373,0.0023877953550939385,0.004009144084947243,0.0007096541867801821,0.003288432963245557,0.0011614807547089233,0.001436396363893597,0.001996781929233471,0.0012876303304042679,0.0025722451331026686,0.0004377541053013738,0.0009443627598866577,0.0015258570191675862,0.0008966169045437986,0.0002593353827043711,0.0045051983925620005,0.0025481209114557504,0.0037231715408410655,0.0012589828171985507,0.0025270122175146976,0.00015077638529324006,0.0012358637714535887,0.0008905858491320695,9.348135888180911e-05,0.0009041557238084613,0.0034065411317252617,0.002456649904377852,0.0006292401146237858,0.0012795889231886279,0.002872290139836215,0.0013464331206686306,0.00369854473124317,0.0025883279475339485,0.0006714575025058948,0.0009021453720045505,0.0007362913481819867,0.0007116645385840913,0.0008297727070637959,0.0015962193323044317,0.0033185882403042044,0.0021762058277324265,0.0024300127429760458,0.00046338609080122384,0.00046539644260513297,0.001396189327815399,0.0007780061481131167,0.0005990848375651385,0.00039855224512513193,0.0010318130633567377,0.0013504538242764506,0.0010338234151606469,0.0009001350202006413,0.0022907958805552884,0.004795191640276,0.0036221513626945936,0.0015962193323044317,0.0022375215577516774,0.0002347085731064756,0.001432375660285777,0.0018656064740283518,0.003238676756098789,0.0007383016999858959,0.0022294801505360375,0.002926067050590805,0.0018656064740283518,0.0009498912273474096,0.0019701447678316646,0.002099812459183852,0.0011579626390520806,0.0014916810385011189,0.0024280023911721366,0.0013258270146785552,0.0019701447678316646,0.0032994898981670608,0.0019188807968319645,0.0025270122175146976,0.0014570024698836725,0.002920035995179074,0.0012418948268653179,0.0017831820500680481,0.0014343860120896862,0.0006005926014180721,0.0004980646594186684,0.00038548495839971567,0.0025043957597207112,0.001129315125846365,0.0024259920393682258,0.001180579096846067,0.00210785386639949,0.0019304403197044455,0.0007036231313684513,0.0005814942592809284,0.0010529217572977905,0.0015238466673636753,0.00026586902606708096,0.0011137348993660642,0.0012092266100517824,0.0007991148420541695,0.0014172980217564534,0.001634416016578719,0.0026511514414061313,0.0034216187702545853,0.0010051759019549314,0.0028436426266304996,0.0004749456136737065,0.0006543695121726603,0.0005970744857612294,0.0010187457766313232,0.0010338234151606469,0.0011921386197185479,0.0006387892856923594,0.0011006676126406496,0.002509924227181463,0.002969792202325844,0.0032140499465008916,0.0046976895777863705,0.0010931287933759887,0.00022214387433204183,0.0003678943801155056,0.0006558772760255939,0.0011976670871793015,0.0006503488085648421,0.0016555247105197717,0.00028396219230227004,0.00042719975833084567,0.002681809306415756,0.0011423824125717796,0.000764938861387704,0.0003930237776643801,0.001138864296914937,0.0004538369197326503,0.00032416922838046647,0.0009996474344941796,0.0013142674918060725,0.0011579626390520806,0.0008543995166616913,0.003293961430706309,0.0011464031161795996,0.0008126847167305613,0.0010870977379642578,0.002565208901788985,0.0005035931268794203,0.000774488032456274,0.000978538740553125,0.0003015527705864801,0.0005056034786833294,0.0004824844329383675,0.0017012602140587217,0.0016555247105197717,0.001331355482139307,0.0009021453720045505,0.0009539119309552296,0.0011579626390520806,0.0005895356664965684,0.0013197959592668243,0.0014705723445600644,0.0029009376530419306,0.001129315125846365,0.0006277323507708557,0.002618985812543573,0.0017203585561958654,0.0036563273433610627,0.0032140499465008916,0.002403375581574241,0.0006056184809278449,0.0004709249100658848,0.000524701820820473,0.0004824844329383675,0.0012132473136596024,0.0021093616302524237,0.0005397794593497984,0.0009614507502198923,0.001886212580018429,0.0036487885240964,0.0017374465465290981,0.0031130297683544216,0.000457857623340472,0.0007840372035248476,0.000299542418782571,0.000715182654240934,0.0014992198577657798,0.001074030451238845,0.0021400194952620483,0.00024023704056722744,0.002720005990690043,0.0035990323169496317,0.001123284070434636,0.0004292101101347548,0.0016308979009218762,0.0007056334831723604,0.0013579926435411116,0.0006046133050258903,0.001130822889699297,0.0012358637714535887,0.0005990848375651385,0.0007574000421230395,0.0027979071230915514,0.0024375515622407085,0.0029924086601198305,0.0010946365572289205,0.0004462981004679893,0.0004789663172815248,0.0007724776806523649,0.0006086340086337121,0.0011026779644445605,0.0019168704450280537,0.0020771960013898656,0.0001945015370282792,0.0007056334831723604,0.0011519315836403515,0.0018213787343423354,0.002943155040924038,0.0005588778014869421,0.0016595454141275917,0.0009338084129161314,0.0007609181577798822,0.0011901282679146388,0.0012227964847281742,0.0003774435511840757,0.002519473398250035,0.00379956490938964,0.0021400194952620483,0.0028572125013068914,0.0016439651876472908,0.0012016877907871197,0.00032416922838046647,0.0011720351016794497,0.0002633560863121928,0.0008297727070637959,0.0012986872653257715,0.0024259920393682258,0.002889880718120427,0.0020636261267134737,0.0020771960013898656,0.0009725076851413959,0.0004060910643897929,0.0018274097897540646,0.0010835796223074168,0.00043674892939941923,0.0008222338877991349,0.0007764983842601832,0.0002231490502339964,0.0009172230105338741,0.0006503488085648421,0.00036236591265475376,0.0018766634089498573,0.0006503488085648421,0.0010338234151606469,0.0009594403984159814,0.0007764983842601832,0.00046539644260513297,0.001358997819443068,0.0008981246683967305,0.0009212437141416941,0.003082371903344797,0.0024908258850443194,0.0021209211531249047,0.0027084464678175622,--,--,--
147,0.0015374165420400671,0.000457857623340472,0.0015183181999029235,0.0020254294424391864,0.0022887855287513775,0.0022792363576828057,0.0017339284308722572,0.0009880879116216969,0.0013504538242764506,0.000515152649751903,0.000699099839809654,0.0005724476761633339,0.0004789663172815248,0.0006217012953591249,0.0007362913481819867,0.0017625759440779726,0.0009725076851413959,0.0008468606973970304,0.0017701147633426336,0.001327334778531487,0.001396189327815399,0.000816202832387404,0.0014665516409522444,0.0012494336461299788,0.0010378441187684669,0.0015736028745104453,0.00033020028379219385,0.001327334778531487,0.0014248368410211144,0.0011579626390520806,0.0031758532622266043,0.0019359687871651973,0.001396189327815399,0.0016630635297844344,0.0009996474344941796,0.0011539419354442606,0.0004558472715365629,0.0006096391845356666,0.0007955967263973268,0.0010071862537588405,0.000865959039534174,0.0006980946639076994,0.00379956490938964,0.0016213487298533044,0.0013715625182175034,0.000873497858798835,0.001228324952188926,0.0009498912273474096,0.0007840372035248476,0.0024717275429071758,0.0011594704029050142,0.0036487885240964,0.0013368839496000588,0.002567219253592894,0.003036636399805847,0.0040815167498879975,0.002101822810987761,0.001739456898333009,0.003389453141392027,0.0005950641339573202,0.0006483384567609295,0.0002668742019690355,0.001081569270503506,0.0009423524080827486,0.0023862875912410066,0.0003146200573118929,0.0016499962430590199,0.004836906440207128,0.0015660640552457826,0.00043674892939941923,0.0008523891648577822,0.001035833766964556,0.0005628985050947603,0.00015429450095008276,0.0006619083314373213,0.0009423524080827486,0.00039654189332121934,0.0033090390692356326,0.0011212737186307251,0.0015565148841772108,0.0009478808755435005,0.000823741651652065,0.0016278823732160108,0.0005322406400851375,0.0011026779644445605,0.0003814642547918974,0.0007724776806523649,0.0022847648251435593,0.0013006976171296807,0.0014399144795504398,0.0019776835870963273,0.0032597854500398416,0.0025863175957300377,0.0013715625182175034,0.0003015527705864801,0.0009498912273474096,0.001123284070434636,0.0005111319461440812,0.0007840372035248476,0.0014761008120208162,0.0028531917976990714,0.0026627109642786122,0.001960595596763093,0.0006769859699666467,0.001035833766964556,0.0024053859333781503,0.00185605730295978,0.0006121521242905548,0.0005644062689476939,0.0012911484460611088,0.0014801215156286362,0.0014419248313543489,0.0014002100314232189,0.0018575650668127136,0.0016233590816572135,0.0016801515201176672,0.0007398094638388295,0.0012378741232574979,0.0013006976171296807,0.0009348135888180859,0.0006543695121726603,0.0002708949055768538,0.0003699047319194147,0.000366386616262572,0.0014685619927561552,0.0022430500252124293,0.0030195484094726124,0.0015333958384322471,0.003341707286049168,0.0015298777227754062,0.0015680744070496935,0.0007589078059759731,0.0001985222406361009,0.0001628384961166983,0.0009061660756123704,0.0016726127008530062,0.0017605655922740618,0.00028044407664542734,0.0005357587557419802,0.0016841722237254872,0.002885860014512607,0.00175101642120549,0.0026380841546807168,0.0016429600117453345,0.0005895356664965684,0.0007036231313684513,0.0011328332415032078,0.000616172827898373,0.001285619978600357,0.0015524941805693908,0.0015258570191675862,0.004308686503729812,0.0015047483252265317,0.0035402295266852672,0.001130822889699297,0.001081569270503506,0.0018193683825384263,0.0007574000421230395,0.001285619978600357,0.0003111019416550502,0.0009478808755435005,0.0018274097897540646,0.0013921686242075806,0.0007574000421230395,0.0021741954759285156,0.002990900896266897,0.0009478808755435005,0.000865959039534174,0.0006789963217705558,0.002464188723642513,0.0005739554400162675,0.0015776235781182653,0.0009745180369453068,0.0008202235359952258,0.0011157452511699733,0.0028612332049147114,0.0024968569404560485,0.0023877953550939385,0.0011579626390520806,0.0009765283887492159,0.0006885454928391294,0.0002467706839299373,0.0006759807940646921,0.000299542418782571,0.0008297727070637959,0.002720005990690043,0.0025425924439949985,0.0033532668089216507,0.001436396363893597,0.0012549621135907324,0.0005930537821534111,0.0005397794593497984,0.0002879828959100883,0.0005920486062514531,0.0004824844329383675,0.0004442877486640802,0.0003397494548607674,0.0012474232943260697,0.000499572423271602,0.002406893697231082,0.0032060085392852534,0.0015776235781182653,0.002416442868299654,0.0007342809963780776,0.0016499962430590199,0.0018766634089498573,0.0021344910278012965,0.0011328332415032078,0.0009574300466120723,0.0017128197369312027,0.0028361038073658387,0.0021973145216734793,0.001960595596763093,0.0016881929273333072,0.002521483750053944,0.0016957317465979699,0.0011956567353753906,0.0004176505872622756,0.00044830845227189844,0.0014494636506190116,0.0013162778436099833,0.0012474232943260697,0.002878321195247946,0.0020942839917230983,0.002725534458150795,0.0022676768348103248,0.0013027079689335915,0.0007247318253095041,0.000919233362337785,0.0007669492131916131,0.0022546095480849102,0.001437904127746529,0.001285619978600357,0.0009614507502198923,0.002060108011056631,0.001854046951155871,0.0004538369197326503,0.001590690864843678,0.0005302302882812249,0.0003613607367527992,0.0006448203411040902,0.0018158502668815836,0.000873497858798835,0.0006387892856923594,0.0022983346998199494,0.0038377615936639273,0.0006830170253783775,0.003192941252559839,0.0011539419354442606,0.001430365308481868,0.0019626059485670037,0.0012338534196496779,0.002372717716564615,0.0004528317438306957,0.0009433575839847032,0.0015811416937751063,0.0009172230105338741,0.0002633560863121928,0.004417245501140945,0.0024717275429071758,0.003643260056635648,0.001224304248581106,0.002410914400838902,0.00013921686242075737,0.0012645112846593042,0.0008508814010048486,0.0001050408817542918,0.0009041557238084613,0.0033723651510587944,0.002412924752642813,0.0006810066735744649,0.001278081159335696,0.002876310843444035,0.0013102467881982525,0.003559327868822411,0.002610944405327933,0.000707643834976273,0.0008604305720734222,0.0006845247892313076,0.0006980946639076994,0.0008468606973970304,0.0015791313419711971,0.0032919510789024,0.0021359987916542283,0.002460670607985672,0.0004789663172815248,0.0005035931268794203,0.0013675418146096834,0.0007589078059759731,0.0006257219989669466,0.00039855224512513193,0.0010584502247585423,0.0013122571400021633,0.000980549092357036,0.0009137048948770331,0.0021917860542127274,0.004615767741777044,0.003551286461606771,0.001546965713108639,0.002117403037468062,0.00024526292007700373,0.0013409046532078788,0.0018253994379501554,0.0032080188910891625,0.0006980946639076994,0.00210383316279167,0.002889880718120427,0.0018233890861462446,0.0009041557238084613,0.0018731452932930145,0.0019857249943119673,0.001095641733130875,0.0014057384988839707,0.0022375215577516774,0.0012876303304042679,0.001959087832910161,0.0031130297683544216,0.0019128497414202337,0.0025365613885832694,0.0014685619927561552,0.002811476997767943,0.0011785687450421578,0.0017585552404701527,0.001414282494050588,0.0005910434303494985,0.0005015827750755111,0.00039855224512513193,0.0023842772394370975,0.0011082064319053123,0.0023938264105056693,0.0011594704029050142,0.00210383316279167,0.0018274097897540646,0.0006960843121037903,0.0005548570978791238,0.0010393518826213987,0.0014610231734914925,0.0002814492525473819,0.0010262845958959842,0.0011921386197185479,0.0007780061481131167,0.0013770909856782552,0.0015756132263143544,0.0026395919185336486,0.003336178818588416,0.0009916060272785396,0.002739104332827187,0.00047394043777175196,0.0006940739602998812,0.0005930537821534111,0.0010091966055627514,0.0010287975356508723,0.0011976670871793015,0.0006257219989669466,0.0010624709283663623,0.0023938264105056693,0.0029466731565808806,0.003076340847933066,0.004533845905767716,0.0010720200994349342,0.00025079138753775557,0.0003578426210959565,0.0006181831797022821,0.001169019573973586,0.0006352711700355167,0.001594711568451498,0.00029351136337084013,0.00041212211980152375,0.002618985812543573,0.0011082064319053123,0.000764938861387704,0.0003950341294682892,0.0011026779644445605,0.0004674067944090421,0.000366386616262572,0.0009745180369453068,0.0012494336461299788,0.0011157452511699733,0.0008106743649266522,0.0032653139175005935,0.0011197659547777933,0.0008428399937892104,0.0010378441187684669,0.0025637011379360513,0.00046539644260513297,0.0008056484854168759,0.0009393368803768832,0.0003432675705176101,0.0005015827750755111,0.00047695596547761565,0.0016173280262454844,0.0016786437562647354,0.0013162778436099833,0.0008830470298674068,0.0009001350202006413,0.0011137348993660642,0.0005799864954279949,0.0012303353039928352,0.0014590128216875834,0.002745637976189895,0.0011061960801014015,0.0006694471507019857,0.0024893181211913876,0.0016595454141275917,0.003551286461606771,0.0031411746936091597,0.002309894222692432,0.0005618933291928058,0.00046338609080122384,0.0005417898111537076,0.0004844947847422766,0.001184599800453887,0.002060108011056631,0.0005473182786144594,0.0009880879116216969,0.0018138399150776727,0.003541737290538199,0.0016690945851961635,0.0029562223276494524,0.0004709249100658848,0.0008202235359952258,0.0003015527705864801,0.0007131723024370248,0.0014193083735603625,0.0010986572608367405,0.0021264496205856565,0.0002764233730376056,0.0026933688292882386,0.0034693646255974445,0.001065989044023205,0.00038045907888994285,0.0015545045323733016,0.0007021153675155212,0.0012645112846593042,0.0005739554400162675,0.0011006676126406496,0.0012147550775125342,0.000616172827898373,0.0007383016999858959,0.0027903683038268887,0.0024450903815053694,0.002920035995179074,0.0010584502247585423,0.00045182656792874115,0.0004709249100658848,0.0007478508710544694,0.0005950641339573202,0.0010187457766313232,0.001850026247548051,0.00210785386639949,0.0001849523659597091,0.0007096541867801821,0.0011252944222385451,0.0018253994379501554,0.0028456529784344105,0.0005855149628887467,0.0015982296841083408,0.0008795289142105658,0.0007011101916135631,0.0011464031161795996,0.0011594704029050142,0.00032416922838046647,0.0025405820921910894,0.0037211611890371546,0.0020942839917230983,0.0027521716195526014,0.0016138099105886417,0.0012303353039928352,0.00033070287174317287,0.001186610152257796,0.00025581726704753185,0.0007991148420541695,0.0012836096267964479,0.002317433041957093,0.002872290139836215,0.002052066603840993,0.0020254294424391864,0.0009539119309552296,0.0004025729487329502,0.0017545345368623327,0.001051916581395836,0.0004462981004679893,0.0008031355456619912,0.0007513689867113121,0.00024023704056722744,0.0009116945430731223,0.000673467854309804,0.00036236591265475376,0.0018424874282833882,0.0006448203411040902,0.0010604605765624532,0.000923254065945605,0.0007669492131916131,0.000457857623340472,0.0012645112846593042,0.0008925962009359786,0.0009116945430731223,0.0030401545154626897,0.0024259920393682258,0.0020827244688506174,0.0026571824968178604,--,--,--
148,0.0014725826963639735,0.0004538369197326503,0.0014514740024229207,0.0019701447678316646,0.0022752156540749875,0.002260138015545662,0.0016917110429901499,0.0009403420562788378,0.001335376185747127,0.0005186707654087457,0.0006840222012803321,0.000524701820820473,0.0004709249100658848,0.0006257219989669466,0.0006885454928391294,0.0016801515201176672,0.0009539119309552296,0.000865959039534174,0.0018063010958130118,0.001281599274992537,0.0013333658339432161,0.0008332908227206386,0.0014208161374132961,0.0011634911065128324,0.0010031655501510223,0.0015122871444911944,0.0003357287512529457,0.0012971795014728397,0.0014343860120896862,0.0011539419354442606,0.003025076876933366,0.0018691245896851946,0.0014132773181486334,0.0016077788551769126,0.0009860775598177877,0.0010931287933759887,0.0004538369197326503,0.0006428099893001776,0.0008126847167305613,0.0009956267308863596,0.0008714875069949259,0.0006749756181627375,0.0038186632515267837,0.0016308979009218762,0.0013579926435411116,0.0009287825334063568,0.0011941489715224587,0.0009328032370141768,0.0007764983842601832,0.0022792363576828057,0.0011484134679835088,0.0036563273433610627,0.0013162778436099833,0.0025003750561128912,0.0029718025541297533,0.004016682904211906,0.002208874044545962,0.0017299077272644372,0.003236666404294878,0.0005724476761633339,0.0006141624760944639,0.0002975320669786584,0.0010795589186995969,0.0009614507502198923,0.002365178897299954,0.00032416922838046647,0.0016117995587847326,0.004772072594531036,0.0015218363155597662,0.0004613757389973147,0.0008523891648577822,0.0010091966055627514,0.0005417898111537076,0.00015831520455790102,0.0006810066735744649,0.0009709999212884641,0.00039855224512513193,0.003227117233226306,0.0011122271355131323,0.001546965713108639,0.0009116945430731223,0.000782026851720935,0.0016374315442845826,0.0005322406400851375,0.0010966469090328296,0.0003910134258604675,0.0007478508710544694,0.002266169070957393,0.0012720501039239652,0.0015203285517068343,0.0019414972546259492,0.0033075313053827007,0.0026054159378671813,0.0013484434724725398,0.0003146200573118929,0.0009403420562788378,0.0010911184415720778,0.000515152649751903,0.0007915760227895086,0.0014112669663447243,0.002759710438817264,0.002674270487151095,0.001960595596763093,0.0006810066735744649,0.0009880879116216969,0.0023958367623095785,0.0018063010958130118,0.0006428099893001776,0.000556867449683033,0.001130822889699297,0.0014665516409522444,0.0014077488506878816,0.001373070282070437,0.0018691245896851946,0.001588680513039769,0.0016610531779805236,0.000749358634907403,0.0012112369618556915,0.0013162778436099833,0.0009021453720045505,0.0006598979796334122,0.0002708949055768538,0.0003729202596252784,0.0003930237776643801,0.0014057384988839707,0.002311904574496341,0.0030195484094726124,0.0014650438770993125,0.0033055209535787916,0.0015298777227754062,0.0015258570191675862,0.0007217162976036404,0.000208071411704671,0.0001764083707930901,0.0008393218781323694,0.0016329082527257854,0.0016329082527257854,0.00026888455377294465,0.00048047408113445836,0.0016233590816572135,0.0029069687084536614,0.0017660940597348136,0.0026797989546118468,0.0016138099105886417,0.0006026029532219812,0.0007046283072704058,0.0011082064319053123,0.0006086340086337121,0.0013484434724725398,0.0015218363155597662,0.0014725826963639735,0.004222743964112666,0.0014630335252954017,0.003492483671342408,0.0010891080897681687,0.0010549321091016996,0.0017756432308033854,0.0008116795408286068,0.0013006976171296807,0.0003090915898511411,0.0009267721816024459,0.00185605730295978,0.001396189327815399,0.0007398094638388295,0.00204854848818415,0.0029718025541297533,0.0009353161767690632,0.0008423374058382331,0.0006598979796334122,0.0023973445261625103,0.0005875253146926593,0.0015811416937751063,0.0009328032370141768,0.000806653661318834,0.001130822889699297,0.0028134873495718523,0.0025330432729264267,0.002294313996212131,0.0011785687450421578,0.0009594403984159814,0.0006674367988980731,0.0002603405586063291,0.0006820118494764195,0.0002879828959100883,0.000865959039534174,0.002739104332827187,0.0024395619140446176,0.0032100292428930734,0.0014570024698836725,0.0012132473136596024,0.0006217012953591249,0.0005302302882812249,0.0002899932477139974,0.000623711647163034,0.0004890180763010739,0.00043674892939941923,0.00032065111272362376,0.0012665216364632133,0.00048047408113445836,0.002403375581574241,0.0030612632094037424,0.0015409346576969098,0.002294313996212131,0.0007287525289173258,0.0015695821709026253,0.0019073212739594819,0.0020410096689194874,0.0011177556029738842,0.0009689895694845532,0.0016881929273333072,0.0028094666459640323,0.002155097133791372,0.0019817042907041473,0.0016308979009218762,0.0024491110851131894,0.0016329082527257854,0.001130822889699297,0.00041212211980152375,0.00046338609080122384,0.0013791013374821661,0.0013047183207375006,0.0012625009328553934,0.002832585691708996,0.002105843514595581,0.0026968869449450796,0.002252599196281001,0.0012705423400710333,0.0007131723024370248,0.0008543995166616913,0.000715182654240934,0.002218423215614534,0.0014951991541579598,0.001232345655796746,0.0009574300466120723,0.002101822810987761,0.00183846672467557,0.0004327282257915975,0.0015218363155597662,0.0005262095846734066,0.0003397494548607674,0.0006649238591431884,0.001798762276548349,0.0008639486877302632,0.0006639186832412339,0.0022470707288202493,0.0037156327215764028,0.0006749756181627375,0.0031185582358151734,0.0011710299257774951,0.0014474532988151007,0.0019495386618415891,0.0011976670871793015,0.002202842989134231,0.00047193008596783936,0.0009539119309552296,0.0016610531779805236,0.0009519015791513204,0.0002633560863121928,0.004352411655464851,0.0024259920393682258,0.0036146125434299327,0.0011941489715224587,0.002321453745564913,0.00012765733954827815,0.0013142674918060725,0.0008257520034559776,0.0001181081684797046,0.0009076738394653023,0.0033723651510587944,0.0023938264105056693,0.0007398094638388295,0.0012836096267964479,0.002918025643375165,0.0012951691496689288,0.003450266283460301,0.002668239431739364,0.0007553896903191304,0.000823741651652065,0.0006352711700355167,0.0006925661964469476,0.0008679693913380832,0.0015660640552457826,0.003297982134314129,0.002111371982056333,0.0025174630464461258,0.0004920336040069376,0.0005417898111537076,0.0013539719399332916,0.0007553896903191304,0.0006523591603687512,0.0004025729487329502,0.001074030451238845,0.0012971795014728397,0.0009519015791513204,0.0009669792176806441,0.0021344910278012965,0.0044820793468170386,0.0035532968134106818,0.0015203285517068343,0.0020178906231745238,0.00025732503090046197,0.0012665216364632133,0.00180077262835226,0.0032140499465008916,0.0006639186832412339,0.002000802632841291,0.0028707823759832832,0.00180077262835226,0.0008850573816713177,0.00180077262835226,0.0019148600932241445,0.0010489010536899705,0.001335376185747127,0.002052066603840993,0.0012705423400710333,0.0019666266521748237,0.002979341373394416,0.0019284299679005364,0.002569229605396805,0.0014801215156286362,0.002765741494228993,0.001138864296914937,0.0017585552404701527,0.0014097592024917907,0.0005910434303494985,0.000515152649751903,0.00041413247160543287,0.002303863167280703,0.0010946365572289205,0.0023918160587017585,0.0011519315836403515,0.002115392685664153,0.0017585552404701527,0.0006980946639076994,0.0005417898111537076,0.0010338234151606469,0.001432375660285777,0.0002965268910767038,0.0009498912273474096,0.0012016877907871197,0.0007684569770445467,0.0013504538242764506,0.0015107793806382625,0.0026476333257492886,0.0033170804764512726,0.0009900982634256077,0.0026873377738765077,0.0004759507895756611,0.0007438301674466477,0.0005930537821534111,0.001020253540484255,0.0010368389428665123,0.0012187757811203542,0.0006217012953591249,0.0010338234151606469,0.0022887855287513775,0.002924056698786894,0.0029642637348650924,0.00444991371795448,0.0010624709283663623,0.00028245442844933646,0.00035382191748813477,0.0005910434303494985,0.001138864296914937,0.0006292401146237858,0.0015524941805693908,0.000299542418782571,0.0003930237776643801,0.0026013952342593613,0.001081569270503506,0.0007684569770445467,0.0004025729487329502,0.001077548566895686,0.0004749456136737065,0.00041011176799761115,0.0009634611020238014,0.0011921386197185479,0.0010850873861603487,0.0007704673288484558,0.0032713449729123226,0.0011122271355131323,0.0008830470298674068,0.0010011551983471114,0.0025998874704064295,0.0004292101101347548,0.0008508814010048486,0.0009202385382397395,0.00038548495839971567,0.0004960543076147593,0.0004709249100658848,0.001546965713108639,0.0017012602140587217,0.0013162778436099833,0.0008679693913380832,0.0008508814010048486,0.0010850873861603487,0.0005759657918201766,0.0011634911065128324,0.0014610231734914925,0.0026054159378671813,0.0011137348993660642,0.000707643834976273,0.0024320230947799566,0.0016595454141275917,0.0035306803556166954,0.0031145375322073534,0.0022239516830752856,0.0005257069967224276,0.0004558472715365629,0.0005628985050947603,0.0004940439558108502,0.001184599800453887,0.0020410096689194874,0.0005704373243594248,0.0010338234151606469,0.0017681044115387245,0.003500022490607071,0.0016248668455101471,0.0028456529784344105,0.0004900232522030284,0.0008543995166616913,0.00030708123804723195,0.000715182654240934,0.0013539719399332916,0.0011197659547777933,0.002164646304859944,0.00032215887657655734,0.0027044257642097422,0.00339297125704887,0.001020253540484255,0.0003347235753509911,0.0014992198577657798,0.0007096541867801821,0.001180579096846067,0.0005453079268105503,0.0010795589186995969,0.0012147550775125342,0.0006428099893001776,0.0007307628807212349,0.0028039381785032805,0.0024928362368482285,0.002874300491640126,0.0010318130633567377,0.000457857623340472,0.00046338609080122384,0.0007287525289173258,0.0005910434303494985,0.0009478808755435005,0.0018103217994208318,0.0021284599723895674,0.00018696271776361822,0.0007116645385840913,0.0011082064319053123,0.0018595754186166227,0.0027903683038268887,0.0006141624760944639,0.0015585252359811216,0.0008332908227206386,0.0006558772760255939,0.0011197659547777933,0.001127304774042456,0.00028245442844933646,0.0025541519668674795,0.003680954152958958,0.0020676468303212937,0.0026948765931411704,0.0016117995587847326,0.0012760708075317852,0.0003442727464195647,0.001210231785953737,0.00025179656343971013,0.0007780061481131167,0.001281599274992537,0.0022199309794674656,0.002868772024179374,0.0020771960013898656,0.00199879228103738,0.0009508964032493659,0.0004025729487329502,0.0017012602140587217,0.0010368389428665123,0.000457857623340472,0.0007915760227895086,0.0007267421771134167,0.0002593353827043711,0.0008905858491320695,0.0007036231313684513,0.000373925435527233,0.0018369589608226364,0.0006468306929079994,0.0010946365572289205,0.0008981246683967305,0.0007684569770445467,0.0004538369197326503,0.001182589448649976,0.0008885754973281586,0.0009116945430731223,0.003025076876933366,0.0023877953550939385,0.0020751856495859547,0.0026476333257492886,--,--,--
149,0.0013675418146096834,0.0004312204619386674,0.0013620133471489316,0.0018766634089498573,0.00219530416986957,0.002200832637330322,0.0016248668455101471,0.0009061660756123704,0.0012474232943260697,0.0005131422979479938,0.0006629135073392758,0.0004885154883500983,0.0005081164184382175,0.000616172827898373,0.000665426447094164,0.0015851623973829262,0.0008925962009359786,0.0009287825334063568,0.0018274097897540646,0.0012418948268653179,0.0012514439979338897,0.0008488710492009395,0.0013504538242764506,0.0010644812801702715,0.0009519015791513204,0.001432375660285777,0.00034728827412542837,0.0012569724653946415,0.0013941789760114898,0.0011061960801014015,0.002874300491640126,0.0017776535826072963,0.0014112669663447243,0.0015067586770304425,0.0009594403984159814,0.0010262845958959842,0.00044830845227189844,0.0006674367988980731,0.0008106743649266522,0.0009765283887492159,0.0008277623552598867,0.0006558772760255939,0.003680954152958958,0.0016499962430590199,0.0013218063110707352,0.0009383317044749286,0.001134843593307117,0.000923254065945605,0.0007478508710544694,0.0021133823338602437,0.0011122271355131323,0.003500022490607071,0.0012836096267964479,0.002410914400838902,0.0027828294845622277,0.003856859935801071,0.0022314905023399466,0.0016766334044608245,0.0030632735612076533,0.0005523441581242357,0.0005910434303494985,0.00033020028379219385,0.0010433725862292187,0.0009498912273474096,0.0022983346998199494,0.00033371839944903656,0.00160024003591225,0.004657985129659151,0.0014248368410211144,0.00048650513654618574,0.0008523891648577822,0.0010051759019549314,0.0005533493340261902,0.00015278673709714918,0.0006714575025058948,0.0009508964032493659,0.0003930237776643801,0.0031165478840112643,0.0010966469090328296,0.0015087690288343517,0.0008795289142105658,0.0007553896903191304,0.0015916960407456344,0.0005302302882812249,0.0010891080897681687,0.000415640235458363,0.0006925661964469476,0.0021857549988009983,0.001228324952188926,0.0014951991541579598,0.0018233890861462446,0.0032577750982359325,0.002513944930789283,0.001281599274992537,0.00031663040911580204,0.0009403420562788378,0.0010509114054938814,0.0005131422979479938,0.000782026851720935,0.0013218063110707352,0.0025863175957300377,0.0026360738028768076,0.0019761758232433955,0.0006749756181627375,0.0009363213526710178,0.0023023554034277693,0.0018118295632737636,0.0006865351410352168,0.000556867449683033,0.001020253540484255,0.0014037281470800616,0.0013368839496000588,0.0013368839496000588,0.00179675192474444,0.0015756132263143544,0.0016746230526569154,0.0007764983842601832,0.0011539419354442606,0.0013293451303353961,0.0008679693913380832,0.000657887627829503,0.00026586902606708096,0.0003643762644586629,0.0003950341294682892,0.0013082364363943434,0.0022279723866831056,0.002922046346982985,0.0014268471928250252,0.003131625522540588,0.0014821318674325453,0.0014992198577657798,0.0007227214735055949,0.00022415422613595096,0.00019098342137143648,0.0007704673288484558,0.0015278673709714953,0.0014650438770993125,0.00028245442844933646,0.00041212211980152375,0.0015524941805693908,0.0028401245109736586,0.0017585552404701527,0.0026948765931411704,0.001563048527539919,0.0006005926014180721,0.0006865351410352168,0.0010433725862292187,0.0005835046110848376,0.001386640156746827,0.001428354956677957,0.0014534843542268298,0.0040438226535646875,0.0014057384988839707,0.0034105618353330817,0.0010107043694156832,0.0010529217572977905,0.0016992498622548109,0.0008810366780634977,0.0012685319882671225,0.0003111019416550502,0.0008966169045437986,0.0018309279054109073,0.001335376185747127,0.0007056334831723604,0.001964616300370913,0.002881839310904787,0.0008925962009359786,0.0008151976564854495,0.0006372815218394258,0.002368697012956795,0.0005970744857612294,0.001489670686697208,0.0009116945430731223,0.000877518562406655,0.0010850873861603487,0.002769259609885836,0.0024873077693874767,0.0021344910278012965,0.001175050629385315,0.0009212437141416941,0.0006312504664276984,0.0002764233730376056,0.0006377841097904048,0.00028597254410617917,0.0008639486877302632,0.0026853274220725986,0.002315422690153184,0.0030612632094037424,0.001443935183158258,0.0011464031161795996,0.0006428099893001776,0.0005166604136048365,0.00028396219230227004,0.0006609031555353667,0.00048650513654618574,0.00041212211980152375,0.00028597254410617917,0.001228324952188926,0.0004920336040069376,0.002367189249103863,0.002834093455561928,0.001493691390305028,0.0021741954759285156,0.0007383016999858959,0.0014876603348932989,0.00185605730295978,0.0019053109221555727,0.0010644812801702715,0.0009458705237395913,0.0016499962430590199,0.0026757782510040268,0.002092273639919189,0.0019741654714394846,0.0015238466673636753,0.002412924752642813,0.0015776235781182653,0.0010946365572289205,0.0004060910643897929,0.0004789663172815248,0.0013006976171296807,0.0012589828171985507,0.0012418948268653179,0.002739104332827187,0.002008341452105952,0.0025863175957300377,0.002159117837399192,0.0012514439979338897,0.0007021153675155212,0.000782026851720935,0.0006674367988980731,0.0021264496205856565,0.0014745930481678843,0.0011710299257774951,0.0009267721816024459,0.002010351803909863,0.0018309279054109073,0.00042368164267400296,0.0014228264892172052,0.000515152649751903,0.000332713223547082,0.0006407996374962685,0.0017681044115387245,0.0008297727070637959,0.0006769859699666467,0.0021344910278012965,0.0035402295266852672,0.0006598979796334122,0.0029506938601887005,0.001127304774042456,0.0014459455349621689,0.0019399894907730173,0.0010966469090328296,0.0020430200207233983,0.0004950491317128047,0.0009137048948770331,0.0017223689079997745,0.0009880879116216969,0.0002633560863121928,0.0041388117762994284,0.0022812467094867166,0.0035266596520088754,0.0011368539451110278,0.0022259620348791948,0.0001181081684797046,0.0013197959592668243,0.0007860475553287567,0.00012564698774436556,0.0009076738394653023,0.003171832558618786,0.0022792363576828057,0.0007533793385152213,0.0013067286725414115,0.0028612332049147114,0.0012092266100517824,0.003282401907833828,0.0026586902606707923,0.0008141924805834949,0.0008011251938580821,0.0006066236568298029,0.0006543695121726603,0.0008373115263284568,0.0015600329998340535,0.0032653139175005935,0.0020751856495859547,0.0024873077693874767,0.0004960543076147593,0.0005724476761633339,0.0013504538242764506,0.0007438301674466477,0.0006749756181627375,0.000415640235458363,0.001123284070434636,0.0012434025907182497,0.0009157152466809423,0.0008850573816713177,0.0020867451724584374,0.004276520874867254,0.003286422611441648,0.0014630335252954017,0.00190179280649873,0.00026536643811610194,0.0011941489715224587,0.00179273122113662,0.0031090090647466016,0.0006352711700355167,0.0018671142378812854,0.0027828294845622277,0.0017816742862151163,0.0008353011745245477,0.0016499962430590199,0.0017736328789994763,0.0010006526103961341,0.0012454129425221606,0.0018766634089498573,0.0012685319882671225,0.00189777210289091,0.002775290665297565,0.001886212580018429,0.0025425924439949985,0.0014650438770993125,0.0026300427474650768,0.0010870977379642578,0.0017490060694015808,0.0013941789760114898,0.0005704373243594248,0.0005608881532908512,0.0004196609390661847,0.002163138541007012,0.0010468907018860614,0.002351609022623562,0.0010870977379642578,0.0020983046953309183,0.0016706023490490954,0.0006789963217705558,0.0005091215943401721,0.001024274244092075,0.0013941789760114898,0.00030708123804723195,0.0009041557238084613,0.0011559522872481715,0.0007574000421230395,0.0013162778436099833,0.0014630335252954017,0.002607426289671092,0.003229127585030217,0.0009423524080827486,0.0025405820921910894,0.0004950491317128047,0.0008051458974659004,0.0005895356664965684,0.0009860775598177877,0.0010031655501510223,0.0012052059064439624,0.0005855149628887467,0.0010031655501510223,0.0021666566566638547,0.0029009376530419306,0.0027923786556307995,0.004213194793044094,0.001065989044023205,0.00031763558501776007,0.00033874427895881284,0.000566416620751603,0.0011082064319053123,0.0006448203411040902,0.0015067586770304425,0.0003261795801843756,0.0003699047319194147,0.0025425924439949985,0.0010298027115528269,0.0007875553191816903,0.00042368164267400296,0.0010509114054938814,0.0004694171462129547,0.00046338609080122384,0.0009137048948770331,0.001169019573973586,0.0011041857282974923,0.0007553896903191304,0.0031909309007559297,0.0010795589186995969,0.0008714875069949259,0.0009539119309552296,0.002571239957200714,0.0003950341294682892,0.0009137048948770331,0.0008533943407597368,0.00042368164267400296,0.0004900232522030284,0.0004538369197326503,0.0014801215156286362,0.001697742098401879,0.0013409046532078788,0.0008277623552598867,0.0008106743649266522,0.0010378441187684669,0.0005724476761633339,0.001081569270503506,0.0014228264892172052,0.0024727327188091303,0.0010318130633567377,0.0007036231313684513,0.0022335008541438574,0.0016153176744415753,0.0033075313053827007,0.0029964293637276505,0.002105843514595581,0.0004920336040069376,0.000499572423271602,0.0005970744857612294,0.0004674067944090421,0.0011634911065128324,0.0019681344160277555,0.0005724476761633339,0.0010413622344253096,0.001647985891255109,0.0033266296475198444,0.0015715925227065344,0.002677788602807936,0.0005186707654087457,0.0008981246683967305,0.00031864076091971463,0.0007192033578487522,0.001278081159335696,0.0010946365572289205,0.002101822810987761,0.00035834520904693204,0.0026320530992689876,0.0032653139175005935,0.0009478808755435005,0.0003111019416550502,0.0014193083735603625,0.0007056334831723604,0.0011127297234641096,0.0005262095846734066,0.0010393518826213987,0.0012016877907871197,0.0006789963217705558,0.000707643834976273,0.002674270487151095,0.002456649904377852,0.0026797989546118468,0.0009936163790824504,0.0004729352618697939,0.0004613757389973147,0.000715182654240934,0.0005799864954279949,0.0009001350202006413,0.0017183482043919545,0.0021782161795363356,0.0001849523659597091,0.0006905558446430385,0.0010679993958271142,0.0019284299679005364,0.0026988972967489904,0.0006277323507708557,0.0014761008120208162,0.0008151976564854495,0.0006141624760944639,0.001077548566895686,0.001070009747631025,0.00025581726704753185,0.0025174630464461258,0.0035532968134106818,0.0020219113267823437,0.002559680434328233,0.0015142974962951035,0.0012760708075317852,0.0003508063897822711,0.0012368689473555433,0.00024425774417504917,0.0007609181577798822,0.001232345655796746,0.0021229315049288155,0.0028019278266993713,0.0020867451724584374,0.00194752831003768,0.0009297877093083114,0.00039654189332121934,0.0016268771973140563,0.0010107043694156832,0.0004709249100658848,0.0007574000421230395,0.0007227214735055949,0.00025732503090046197,0.0008925962009359786,0.0007724776806523649,0.00034879603797836195,0.001739456898333009,0.0006292401146237858,0.0011041857282974923,0.0008448503455931195,0.0007171930060448431,0.000457857623340472,0.0011072012560033578,0.0008543995166616913,0.0008966169045437986,0.0029944190119237397,0.0022887855287513775,0.001995274165380539,0.0025310329211225176,--,--,--
150,0.0012705423400710333,0.0004060910643897929,0.0012720501039239652,0.0017625759440779726,0.002111371982056333,0.0021304703241934765,0.001539426893843978,0.0008830470298674068,0.0011634911065128324,0.0005091215943401721,0.0006377841097904048,0.00045182656792874115,0.0005463131027125048,0.0006086340086337121,0.0006372815218394258,0.0014705723445600644,0.000816202832387404,0.0009956267308863596,0.001844497780087299,0.0011901282679146388,0.0011675118101206524,0.0008679693913380832,0.001274060455727876,0.0009574300466120723,0.0009001350202006413,0.001335376185747127,0.00036236591265475376,0.0012092266100517824,0.0013539719399332916,0.0010604605765624532,0.0027582026749643305,0.0016881929273333072,0.0014097592024917907,0.0013981996796193098,0.0009252644177495141,0.0009478808755435005,0.00043875928120332836,0.0006960843121037903,0.0008086640131227431,0.0009539119309552296,0.0007840372035248476,0.0006372815218394258,0.003551286461606771,0.0016535143587158626,0.0012795889231886279,0.0009539119309552296,0.001074030451238845,0.0009137048948770331,0.000715182654240934,0.0019264196160966255,0.0010755382150917769,0.003339696934245259,0.0012454129425221606,0.002305873519084612,0.002616975460739664,0.0036889955601745964,0.0022239516830752856,0.0016268771973140563,0.0028572125013068914,0.0005302302882812249,0.0005644062689476939,0.00036236591265475376,0.0010031655501510223,0.0009443627598866577,0.002212392160202803,0.000341257218713701,0.001594711568451498,0.004501177688954182,0.0013027079689335915,0.000515152649751903,0.0008523891648577822,0.0009936163790824504,0.0005704373243594248,0.00014876603348933093,0.0006558772760255939,0.0009126997189750786,0.00038548495839971567,0.002973310317982687,0.0010755382150917769,0.0014610231734914925,0.0008468606973970304,0.0007171930060448431,0.0015374165420400671,0.0005292251123792703,0.0010720200994349342,0.0004407696330072375,0.0006277323507708557,0.0020942839917230983,0.001182589448649976,0.001493691390305028,0.0017299077272644372,0.003188920548952019,0.002420463571907474,0.0012052059064439624,0.0003146200573118929,0.0009287825334063568,0.0010107043694156832,0.000515152649751903,0.000764938861387704,0.001226314600385017,0.0024053859333781503,0.0025938564149947003,0.001991253461772719,0.000673467854309804,0.0008850573816713177,0.002204853340938142,0.00179273122113662,0.0007287525289173258,0.0005548570978791238,0.0009096841912692132,0.0013333658339432161,0.0012494336461299788,0.0012911484460611088,0.0017128197369312027,0.0015278673709714953,0.001652006594862929,0.0007800164999170259,0.0010986572608367405,0.001335376185747127,0.0008332908227206386,0.0006558772760255939,0.0002613457345082837,0.00035583226929204737,0.0003950341294682892,0.0012092266100517824,0.002155097133791372,0.0027406120966801204,0.001388650508550738,0.0029622533830611815,0.0014268471928250252,0.0014630335252954017,0.0007192033578487522,0.0002347085731064756,0.00020706623580271644,0.000707643834976273,0.001436396363893597,0.0012760708075317852,0.00029351136337084013,0.0003432675705176101,0.0014745930481678843,0.002761720790621173,0.0017490060694015808,0.0026893481256804186,0.0015087690288343517,0.0006005926014180721,0.0006664316229961186,0.0009725076851413959,0.0005588778014869421,0.0014228264892172052,0.0013238166628746443,0.0014419248313543489,0.0038126321961150546,0.0013484434724725398,0.0032748630885691653,0.0009252644177495141,0.0010468907018860614,0.0016268771973140563,0.0009508964032493659,0.0012358637714535887,0.00030708123804723195,0.000861938335926354,0.00179675192474444,0.0012625009328553934,0.0006845247892313076,0.0018766634089498573,0.002780819132758317,0.0008413322299362785,0.0007885604950836449,0.0006086340086337121,0.0023405520877020566,0.0006026029532219812,0.0013811116892860752,0.0008850573816713177,0.0009498912273474096,0.0010509114054938814,0.002731565513562526,0.002420463571907474,0.00194350760642986,0.0011730402775814042,0.0008795289142105658,0.0005895356664965684,0.00029351136337084013,0.0005950641339573202,0.0002879828959100883,0.000865959039534174,0.002616975460739664,0.0022199309794674656,0.002872290139836215,0.001430365308481868,0.0010891080897681687,0.0006694471507019857,0.0005035931268794203,0.00028044407664542734,0.0006940739602998812,0.0004814792570364129,0.00038548495839971567,0.00025581726704753185,0.001175050629385315,0.0005111319461440812,0.002317433041957093,0.0025938564149947003,0.001443935183158258,0.00204452778457633,0.0007342809963780776,0.001396189327815399,0.0018022803922051918,0.0017490060694015808,0.0010031655501510223,0.0009212437141416941,0.0016213487298533044,0.0025541519668674795,0.0020199009749784346,0.00194752831003768,0.0014208161374132961,0.002361158193692134,0.0015203285517068343,0.0010509114054938814,0.0004025729487329502,0.0004920336040069376,0.0012207861329242634,0.0012052059064439624,0.0012036981425910306,0.0026531617932100404,0.0019208911486358737,0.002468209427250333,0.002060108011056631,0.0012207861329242634,0.0006980946639076994,0.0007021153675155212,0.000616172827898373,0.0020178906231745238,0.001432375660285777,0.0011102167837092215,0.0008966169045437986,0.0019455179582337691,0.0018233890861462446,0.00040056259692904106,0.001331355482139307,0.0005091215943401721,0.0003211537006745993,0.0006181831797022821,0.0017263896116075945,0.0007935863745934177,0.0006830170253783775,0.0020239216785862546,0.0033185882403042044,0.0006372815218394258,0.002763731142425084,0.0010850873861603487,0.001436396363893597,0.0019223989124888055,0.0009900982634256077,0.001879678936655721,0.0005176655895067911,0.000869979743141994,0.0017736328789994763,0.0010167354248274123,0.0002593353827043711,0.0039025954393400192,0.002151579018134531,0.0034065411317252617,0.0010795589186995969,0.002092273639919189,0.00011056934921504363,0.0013177856074629152,0.0007398094638388295,0.00013720651061684824,0.0009001350202006413,0.002933605869855466,0.0021455479627228,0.000749358634907403,0.0013258270146785552,0.0027923786556307995,0.001130822889699297,0.0030974495418741206,0.002614965108935753,0.0008795289142105658,0.0007684569770445467,0.0005759657918201766,0.0006141624760944639,0.0007955967263973268,0.0015524941805693908,0.0032120395946969825,0.00204452778457633,0.0024491110851131894,0.0004980646594186684,0.0006026029532219812,0.0013464331206686306,0.0007322706445741685,0.0007001050157116086,0.0004292101101347548,0.0011594704029050142,0.0011976670871793015,0.0008714875069949259,0.0008222338877991349,0.002008341452105952,0.004058900292094011,0.0029984397155315597,0.0013921686242075806,0.0017736328789994763,0.0002708949055768538,0.0011102167837092215,0.0017701147633426336,0.0029506938601887005,0.0006086340086337121,0.0017319180790683463,0.0026988972967489904,0.0017640837079309045,0.000782026851720935,0.0014951991541579598,0.0016268771973140563,0.0009433575839847032,0.0011519315836403515,0.0016746230526569154,0.0012625009328553934,0.0018158502668815836,0.0025461105596518412,0.0018118295632737636,0.0024873077693874767,0.0014534843542268298,0.0024852974175835676,0.0010318130633567377,0.0017223689079997745,0.0013760858097763007,0.0005513389822222811,0.0005990848375651385,0.00042167129087009383,0.002012362155713772,0.0010031655501510223,0.002303863167280703,0.001020253540484255,0.002054076955644902,0.0015866701612358598,0.0006543695121726603,0.0004824844329383675,0.0010147250730235032,0.0013655314628057743,0.0003211537006745993,0.0008564098684656022,0.0011082064319053123,0.0007418198156427386,0.001285619978600357,0.0014208161374132961,0.002555659730720413,0.0031130297683544216,0.0008925962009359786,0.0023747280683685257,0.0005141474738499484,0.000861938335926354,0.0005875253146926593,0.0009403420562788378,0.0009614507502198923,0.0011921386197185479,0.0005417898111537076,0.0009709999212884641,0.0020254294424391864,0.002864751320571554,0.002618985812543573,0.00395034129468288,0.001065989044023205,0.0003498012138803165,0.0003211537006745993,0.0005357587557419802,0.001077548566895686,0.0006523591603687512,0.0014419248313543489,0.0003508063897822711,0.0003508063897822711,0.002470219779054244,0.0009860775598177877,0.0008031355456619912,0.0004442877486640802,0.0010187457766313232,0.0004694171462129547,0.0005091215943401721,0.0008604305720734222,0.001127304774042456,0.001138864296914937,0.000749358634907403,0.003087900370805549,0.0010453829380331278,0.0008639486877302632,0.0009061660756123704,0.0025330432729264267,0.00036035556085084464,0.0009745180369453068,0.000782026851720935,0.00046338609080122384,0.0004900232522030284,0.0004442877486640802,0.0014037281470800616,0.001697742098401879,0.0013559822917372025,0.0008031355456619912,0.0007684569770445467,0.0009880879116216969,0.0005684269725555122,0.0009996474344941796,0.0013750806338743461,0.0023289925648295757,0.0009725076851413959,0.0007021153675155212,0.0020294501460470064,0.0015660640552457826,0.003093931426217278,0.0028531917976990714,0.0019857249943119673,0.0004473032763699439,0.0005417898111537076,0.0006332608182316075,0.0004407696330072375,0.001129315125846365,0.001886212580018429,0.0005724476761633339,0.0010529217572977905,0.001531385486628338,0.0031225789394229934,0.0014992198577657798,0.0024893181211913876,0.0005493286304183685,0.0009498912273474096,0.00032416922838046647,0.0007212137096526648,0.0011956567353753906,0.0010679993958271142,0.0020219113267823437,0.0004025729487329502,0.0025290225693186067,0.0031240867032759252,0.0008830470298674068,0.00028898807181204286,0.0013368839496000588,0.0006980946639076994,0.0010433725862292187,0.0005131422979479938,0.0009956267308863596,0.001182589448649976,0.000707643834976273,0.0006905558446430385,0.0025425924439949985,0.0023898057068978493,0.0024928362368482285,0.0009443627598866577,0.00048650513654618574,0.000457857623340472,0.0007021153675155212,0.0005739554400162675,0.000831783058867705,0.0016097892069808217,0.0022219413312713748,0.00018897306956752735,0.0006845247892313076,0.0010298027115528269,0.0019817042907041473,0.0025843072439261285,0.0006387892856923594,0.001386640156746827,0.0007960993143483058,0.0005714425002613793,0.0010298027115528269,0.0009936163790824504,0.00022867751769474823,0.0024415722658485284,0.0034025204281174417,0.0019721551196355755,0.0024259920393682258,0.0014057384988839707,0.0012685319882671225,0.00035834520904693204,0.001263506108757348,0.00024023704056722744,0.0007438301674466477,0.001175050629385315,0.0020158802713706146,0.0027370939810232777,0.0020867451724584374,0.001895761751087001,0.0009021453720045505,0.0003890030740565584,0.001539426893843978,0.0009795439164550813,0.0004844947847422766,0.0007247318253095041,0.0007116645385840913,0.00025179656343971013,0.0009061660756123704,0.0007895656709855994,0.00033371839944903656,0.0016384367201865372,0.0006101417724866422,0.0011082064319053123,0.0007840372035248476,0.0006639186832412339,0.000457857623340472,0.0010318130633567377,0.0008182131841913132,0.000877518562406655,0.0029562223276494524,0.0021822368831441556,0.0019304403197044455,0.002418453220103565,--,--,--
151,0.0011976670871793015,0.0003930237776643801,0.0012072162582478733,0.0016610531779805236,0.0020410096689194874,0.002052066603840993,0.0014554947060307407,0.0008639486877302632,0.0011006676126406496,0.0005111319461440812,0.0006277323507708557,0.0004327282257915975,0.0006005926014180721,0.0006066236568298029,0.0006181831797022821,0.0013620133471489316,0.0007478508710544694,0.0010850873861603487,0.0018595754186166227,0.0011368539451110278,0.0010966469090328296,0.0008966169045437986,0.0012072162582478733,0.0008810366780634977,0.000861938335926354,0.0012529517617868215,0.0003794539029879883,0.0011710299257774951,0.0013067286725414115,0.0010338234151606469,0.002668239431739364,0.0016308979009218762,0.001390660860354647,0.0013047183207375006,0.0008981246683967305,0.0008946065527398895,0.00043021528603670936,0.0007181981819467977,0.0007915760227895086,0.0009383317044749286,0.0007513689867113121,0.0006181831797022821,0.003433178293127068,0.001652006594862929,0.0012514439979338897,0.0009689895694845532,0.001020253540484255,0.0009116945430731223,0.0006905558446430385,0.0017721251151465445,0.0010529217572977905,0.0032004800718245015,0.0011996774389832106,0.0022199309794674656,0.0025446027957989076,0.003559327868822411,0.0021782161795363356,0.0016057685033730035,0.0026456229739453795,0.0005131422979479938,0.0005473182786144594,0.00040056259692904106,0.0009765283887492159,0.000923254065945605,0.0021359987916542283,0.00034527792232151924,0.001594711568451498,0.00434487283620019,0.0012147550775125342,0.0005453079268105503,0.0008604305720734222,0.001012714721219594,0.0006141624760944639,0.00014876603348933093,0.0006468306929079994,0.0008488710492009395,0.0003910134258604675,0.0028401245109736586,0.0010584502247585423,0.001390660860354647,0.0008182131841913132,0.0006925661964469476,0.0014841422192364562,0.0005262095846734066,0.0010644812801702715,0.0004694171462129547,0.0005835046110848376,0.002012362155713772,0.0011579626390520806,0.001489670686697208,0.0016595454141275917,0.0031145375322073534,0.0023325106804864184,0.0011403720607678688,0.00031864076091971463,0.0009252644177495141,0.0009900982634256077,0.0005377691075458893,0.0007589078059759731,0.0011484134679835088,0.0022410396734085184,0.0025064061115246204,0.001991253461772719,0.0006749756181627375,0.0008468606973970304,0.002115392685664153,0.0017319180790683463,0.0007840372035248476,0.0005533493340261902,0.0008353011745245477,0.0012665216364632133,0.0011634911065128324,0.0012529517617868215,0.001636426368382628,0.0014821318674325453,0.0016268771973140563,0.0007800164999170259,0.0010509114054938814,0.0013258270146785552,0.0008086640131227431,0.0006543695121726603,0.00025833020680241653,0.00035181156568422564,0.0003950341294682892,0.0011368539451110278,0.0020942839917230983,0.0025863175957300377,0.0013539719399332916,0.002824544284493356,0.0013695521664135943,0.0014459455349621689,0.0007342809963780776,0.00024425774417504917,0.0002347085731064756,0.000657887627829503,0.001373070282070437,0.001129315125846365,0.0003050708862433228,0.0003090915898511411,0.0014152876699525425,0.0026757782510040268,0.0017339284308722572,0.0026416022703375595,0.0014655464650502898,0.0006121521242905548,0.0006619083314373213,0.0009001350202006413,0.0005417898111537076,0.0014650438770993125,0.001226314600385017,0.0014077488506878816,0.0036085814880182036,0.0013047183207375006,0.0031090090647466016,0.0008564098684656022,0.001063476104268317,0.0015866701612358598,0.0010318130633567377,0.0012147550775125342,0.0003090915898511411,0.0008508814010048486,0.0017625759440779726,0.0012092266100517824,0.0006639186832412339,0.0018349486090187273,0.0026933688292882386,0.000798109666152215,0.0007790113240150713,0.0005779761436240857,0.0023249718612217557,0.0006181831797022821,0.001278081159335696,0.0008543995166616913,0.0010393518826213987,0.001028294947699895,0.002713974935278314,0.0023405520877020566,0.0017660940597348136,0.0012052059064439624,0.0008523891648577822,0.000556867449683033,0.0003146200573118929,0.0005654114448496485,0.0002879828959100883,0.0008639486877302632,0.0025446027957989076,0.002142029847065959,0.0027064361160136514,0.0014057384988839707,0.0010393518826213987,0.000715182654240934,0.000499572423271602,0.0002764233730376056,0.0007237266494075495,0.00048047408113445836,0.000366386616262572,0.00024023704056722744,0.0011102167837092215,0.0005342509918890466,0.002264158719153482,0.0024053859333781503,0.0014037281470800616,0.0019319480835573773,0.0007267421771134167,0.0013238166628746443,0.0017243792598036854,0.0016117995587847326,0.0009443627598866577,0.0009001350202006413,0.0016022503877161608,0.0024375515622407085,0.00194350760642986,0.0019284299679005364,0.001327334778531487,0.0022410396734085184,0.0014876603348932989,0.001020253540484255,0.0004045833005368593,0.0005091215943401721,0.0011519315836403515,0.0011634911065128324,0.0011730402775814042,0.0025365613885832694,0.0018575650668127136,0.0023440702033588993,0.0019666266521748237,0.001224304248581106,0.0007056334831723604,0.0006407996374962685,0.0005779761436240857,0.0019188807968319645,0.001386640156746827,0.0010720200994349342,0.0008584202202695113,0.0018766634089498573,0.0018274097897540646,0.0003950341294682892,0.001239884475061407,0.0005186707654087457,0.00032065111272362376,0.0006000900134670931,0.0016555247105197717,0.000764938861387704,0.0006769859699666467,0.0019399894907730173,0.0031130297683544216,0.0006101417724866422,0.0025938564149947003,0.0010644812801702715,0.0014419248313543489,0.0018922436354301582,0.0009061660756123704,0.0017339284308722572,0.000548323454516414,0.0008342959986225931,0.0017892131054797773,0.0010509114054938814,0.00025581726704753185,0.003680954152958958,0.0020636261267134737,0.003289940727098489,0.0010413622344253096,0.0019817042907041473,0.0001085589974111345,0.0012876303304042679,0.0007056334831723604,0.0001467556816854218,0.0008885754973281586,0.0027466431520918495,0.0020274397942430956,0.0007383016999858959,0.0013368839496000588,0.0027124671714253822,0.0010720200994349342,0.002926067050590805,0.0024873077693874767,0.0009443627598866577,0.0007458405192505603,0.000566416620751603,0.0005799864954279949,0.000749358634907403,0.0015585252359811216,0.0031507238646777316,0.0020254294424391864,0.0023918160587017585,0.0005015827750755111,0.0006257219989669466,0.0013715625182175034,0.0007287525289173258,0.0007227214735055949,0.00045031880407581104,0.0012036981425910306,0.0011594704029050142,0.0008413322299362785,0.0007915760227895086,0.0019244092642927164,0.0038794763935950573,0.002775290665297565,0.0013449253568156988,0.0016726127008530062,0.0002814492525473819,0.0010338234151606469,0.001739456898333009,0.002771269961689745,0.0005910434303494985,0.0016193383780493936,0.0026320530992689876,0.0017736328789994763,0.0007322706445741685,0.0013715625182175034,0.0015183181999029235,0.0009041557238084613,0.0010870977379642578,0.0014992198577657798,0.0012645112846593042,0.0017278973754605263,0.0023480909069667193,0.0017319180790683463,0.0024471007333092803,0.0014494636506190116,0.0023420598515549902,0.0009880879116216969,0.0016881929273333072,0.0013750806338743461,0.0005377691075458893,0.000623711647163034,0.0004176505872622756,0.001886212580018429,0.0009725076851413959,0.002264158719153482,0.0009554196948081631,0.0019741654714394846,0.0015142974962951035,0.0006387892856923594,0.0004709249100658848,0.0010107043694156832,0.0013484434724725398,0.00034226239461565555,0.000823741651652065,0.0010624709283663623,0.0007227214735055949,0.0012589828171985507,0.001388650508550738,0.0025003750561128912,0.002979341373394416,0.0008448503455931195,0.0022335008541438574,0.0005417898111537076,0.0009307928852102659,0.0005835046110848376,0.0008946065527398895,0.0009277773575044022,0.0011881179161107296,0.0005035931268794203,0.0009383317044749286,0.0018997824546948192,0.0028039381785032805,0.002466199075446424,0.0037327207119096373,0.0010720200994349342,0.00037844872708603025,0.0003050708862433228,0.0005186707654087457,0.0010549321091016996,0.0006694471507019857,0.0013921686242075806,0.00038347460659580654,0.0003397494548607674,0.0023973445261625103,0.0009614507502198923,0.0008297727070637959,0.0004824844329383675,0.0009996474344941796,0.0004885154883500983,0.0005377691075458893,0.0008141924805834949,0.0010604605765624532,0.0012052059064439624,0.0007458405192505603,0.002979341373394416,0.001012714721219594,0.0008639486877302632,0.000869979743141994,0.002473737894711085,0.0003377391030568583,0.0010679993958271142,0.0007217162976036404,0.0005166604136048365,0.0004940439558108502,0.00043875928120332836,0.001335376185747127,0.0016861825755293963,0.0013539719399332916,0.0007991148420541695,0.0007362913481819867,0.0009539119309552296,0.000566416620751603,0.0009403420562788378,0.0013258270146785552,0.0021963093457715247,0.0009363213526710178,0.0006674367988980731,0.0018786737607537664,0.0015238466673636753,0.002927574814443737,0.002713974935278314,0.001895761751087001,0.00041664541136031755,0.000623711647163034,0.0006714575025058948,0.00042368164267400296,0.0010911184415720778,0.0018233890861462446,0.0005814942592809284,0.0010604605765624532,0.0014343860120896862,0.0029506938601887005,0.001430365308481868,0.002331002916633485,0.0005970744857612294,0.0010262845958959842,0.0003508063897822711,0.0007171930060448431,0.0011484134679835088,0.0010453829380331278,0.0019359687871651973,0.00042368164267400296,0.002418453220103565,0.003015527705864794,0.0008297727070637959,0.00029200359951790655,0.0012876303304042679,0.0006925661964469476,0.0009850723839158332,0.0005056034786833294,0.0009539119309552296,0.001182589448649976,0.0007362913481819867,0.000665426447094164,0.002424484275515294,0.002305873519084612,0.002331002916633485,0.0009061660756123704,0.000507111242536263,0.0004729352618697939,0.0007001050157116086,0.0005855149628887467,0.0007915760227895086,0.0015047483252265317,0.0022355112059477666,0.00019651188883218831,0.0007001050157116086,0.0010071862537588405,0.0020369889653116674,0.002466199075446424,0.0006468306929079994,0.0013027079689335915,0.000790570846887554,0.0005463131027125048,0.0010011551983471114,0.0009137048948770331,0.00020606105990076187,0.002363168545496043,0.0032713449729123226,0.0019264196160966255,0.002321453745564913,0.0013218063110707352,0.001224304248581106,0.0003673917921645266,0.0012901432701591543,0.00024224739237114004,0.0007553896903191304,0.0011252944222385451,0.00189375139928309,0.002664721316082523,0.0020867451724584374,0.001854046951155871,0.0008714875069949259,0.0003890030740565584,0.0014610231734914925,0.0009574300466120723,0.000499572423271602,0.000707643834976273,0.0007342809963780776,0.00023822668876331832,0.0009458705237395913,0.0007840372035248476,0.00032416922838046647,0.0015680744070496935,0.0006026029532219812,0.0011157452511699733,0.0007267421771134167,0.0006257219989669466,0.0004709249100658848,0.0009709999212884641,0.0007780061481131167,0.000869979743141994,0.0029104868241105024,0.0020676468303212937,0.0018847048161654955,0.0023405520877020566,--,--,--
152,0.0025461105596518412,0.0011675118101206524,0.0045926486960320805,0.0028627409687676433,0.0030476933347273506,0.00440015751080771,0.004121723785966196,0.0024355412104367976,0.002157107485595283,0.000299542418782571,0.0014077488506878816,0.0009096841912692132,0.0008287675311618413,0.0006257219989669466,0.0016650738815883435,0.004045330417417621,0.0018731452932930145,0.0024375515622407085,0.0031034805972858497,0.0016097892069808217,0.002559680434328233,0.0008981246683967305,0.002967781850521935,0.0012529517617868215,0.0022907958805552884,0.003177863614030515,0.0005438001629576167,0.0022355112059477666,0.00204452778457633,0.002248578492673181,0.006263753633032153,0.0033226089439120244,0.002256619899888821,0.004179018812377627,0.0010393518826213987,0.004071967578819426,0.0010192483645823005,0.00021259470326346827,0.0010433725862292187,0.0020314604978509156,0.0013047183207375006,0.0015756132263143544,0.004795191640276,0.0028476633302383196,0.0032633035656966843,0.0007589078059759731,0.0025958667667986095,0.001531385486628338,0.0007935863745934177,0.00689500409945985,0.0017851924018719573,0.004499669925101249,0.0024873077693874767,0.0027999174748954605,0.006669844697421946,0.006126547122415305,0.002559680434328233,0.003219578413961645,0.00600441825032778,0.0011519315836403515,0.0011941489715224587,8.393218781323555e-05,0.001428354956677957,0.0014248368410211144,0.0027330732774154577,0.000556867449683033,0.003559327868822411,0.008113779880580204,0.002151579018134531,0.0005035931268794203,0.001180579096846067,0.0017414672501369181,0.001127304774042456,0.00019249118522437006,0.0012514439979338897,0.0010669942199251596,0.0006925661964469476,0.005958682746788832,0.003934761068202577,0.0036829645047628673,0.0021359987916542283,0.0017263896116075945,0.002823036520640424,0.0008031355456619912,0.0022907958805552884,0.0007991148420541695,0.001485649983089388,0.0028838496627086978,0.0020731752977820456,0.002771269961689745,0.0032537543946281125,0.005796346838623111,0.005541032159526558,0.0016193383780493936,0.0005779761436240857,0.002147558314526711,0.0014152876699525425,0.0006925661964469476,0.0013921686242075806,0.0037689070443800137,0.004011154436751152,0.005336981451429707,0.0029527042119926097,0.0025385717403871785,0.0017108093851272935,0.004209676677387251,0.004276520874867254,0.0006181831797022821,0.0011881179161107296,0.004083527101691908,0.0019208911486358737,0.0030441752190705097,0.0023782461840253667,0.0025023854079168004,0.003866409106869643,0.0044363438432780886,0.0023747280683685257,0.0038201710153797155,0.001960595596763093,0.0017831820500680481,0.0007106593626821367,0.0007096541867801821,0.000707643834976273,0.00020003000448903102,0.00334723575350992,0.0028456529784344105,0.004442374898689818,0.0034256394738624053,0.005067594309705785,0.0015811416937751063,0.0028421348627775678,0.0008905858491320695,0.0002603405586063291,0.00010755382150917647,0.002666229079935455,0.00343870676058782,0.0032653139175005935,0.0005588778014869421,0.0009880879116216969,0.004016682904211906,0.004512737211826663,0.0021802265313402465,0.005124889336117216,0.0036678868662335436,0.0009539119309552296,0.0012273197762869715,0.00179675192474444,0.0010835796223074168,0.0011499212318364423,0.002876310843444035,0.0019530567774984318,0.006294411498041778,0.003139666929756228,0.005756139802544913,0.002111371982056333,0.0023405520877020566,0.00379956490938964,0.0010644812801702715,0.0015218363155597662,0.0007629285095837914,0.001169019573973586,0.001895761751087001,0.0009116945430731223,0.0011122271355131323,0.004184547279838378,0.0035191208327442144,0.001313262315904118,0.0012112369618556915,0.0011499212318364423,0.0031049883611387816,0.0007202085337507068,0.0026531617932100404,0.00160024003591225,0.0014474532988151007,0.0010986572608367405,0.004503188040758091,0.0045549545997087704,0.005308333938223992,0.0015163078480990144,0.0016424574237943572,0.0013082364363943434,0.00020405070809685275,0.0008981246683967305,0.0006428099893001776,0.0021802265313402465,0.0035784262109595545,0.007131723024370236,0.005597824597987012,0.0016861825755293963,0.0020751856495859547,0.000657887627829503,0.0012187757811203542,0.000249786211635801,0.00035834520904693204,0.0006674367988980731,0.0011921386197185479,0.0007096541867801821,0.00374980870224287,0.0018997824546948192,0.0034296601774702253,0.007621746276573265,0.0026340634510728968,0.0052721476057536135,0.001024274244092075,0.0036256694783514364,0.0027923786556307995,0.005422421403095876,0.002664721316082523,0.002168667008467764,0.0020792063531937747,0.0030537243901390815,0.004169469641309055,0.0025978771186025203,0.003183392081491267,0.004787652821011337,0.00400160526568258,0.0029451653927279487,0.0007764983842601832,0.00038347460659580654,0.002052066603840993,0.002582799480073195,0.0037307103601057264,0.002580789128269286,0.004276520874867254,0.0032617958018437507,0.0038030830250464828,0.002468209427250333,0.0013620133471489316,0.003032615696198027,0.0019188807968319645,0.003627679830155347,0.0015122871444911944,0.002819015817032604,0.0020028129846452,0.0038221813671836264,0.0023501012587706285,0.000873497858798835,0.0030557347419429906,0.0001030305299503792,0.0010765433909937314,0.0006483384567609295,0.005123381572264284,0.002164646304859944,0.0006312504664276984,0.0041905783352501075,0.005951143927524169,0.002616975460739664,0.0065497261771383306,0.002464188723642513,0.0014570024698836725,0.002811476997767943,0.0022867751769474684,0.005682761961702204,0.0007011101916135631,0.0014112669663447243,0.002513944930789283,0.0007764983842601832,0.00043875928120332836,0.008140417041982009,0.005920486062514545,0.005332960747821887,0.0018766634089498573,0.004625316912845616,0.00036236591265475376,0.002603405586063272,0.0017374465465290981,0.0001698747274303837,0.0015298777227754062,0.0049379266183536,0.004965066367706382,0.0015087690288343517,0.0027486535038957587,0.005233950921479326,0.0015811416937751063,0.0059375740528477775,0.003650798875900309,0.0009820568562099678,0.0011137348993660642,0.0015866701612358598,0.0012112369618556915,0.0010549321091016996,0.0027963993592386178,0.004816300334217052,0.0031587652718933715,0.003555307165214591,0.00023068786949865736,0.0008011251938580821,0.001531385486628338,0.0012971795014728397,0.0002708949055768538,0.0005684269725555122,0.0008141924805834949,0.0021284599723895674,0.0019414972546259492,0.0018806841125576755,0.005834543522897398,0.010867961851936715,0.004507208744365911,0.0023345210322903275,0.005231940569675417,0.00030708123804723195,0.0034849448520777454,0.002367189249103863,0.0024355412104367976,0.0012625009328553934,0.005304313234616172,0.0048047408113445714,0.0037859950347132482,0.00234608055516281,0.003646778172292491,0.0038603780514579137,0.0023621633695940884,0.0026627109642786122,0.005613404824467313,0.0034713749774013553,0.002761720790621173,0.006904553270528422,0.0035266596520088754,0.00459867975144381,0.0022847648251435593,0.004251391477318381,0.0030039681829923115,0.0036161203072828645,0.0016907058670881936,0.001239884475061407,0.0006277323507708557,0.0010911184415720778,0.004989693177304279,0.0017530267730094008,0.004875103124481415,0.0019284299679005364,0.004381059168670567,0.004577571057502757,0.0014630335252954017,0.001590690864843678,0.0016917110429901499,0.003084382255148706,0.00018997824546948192,0.0027426224484840295,0.0014841422192364562,0.0013826194531390088,0.0033170804764512726,0.004991703529108188,0.004354422007268762,0.005510374294516932,0.0012795889231886279,0.004587120228571329,0.0007131723024370248,0.0009328032370141768,0.0011041857282974923,0.0022963243480160402,0.0011785687450421578,0.001991253461772719,0.0012147550775125342,0.0015333958384322471,0.0028496736820422305,0.004564503770777342,0.007032210610076698,0.00784489532680726,0.00219932487347739,0.00032718475608633016,0.000632255642329653,0.0009765283887492159,0.0011634911065128324,0.0011594704029050142,0.0037668966925761046,0.0009348135888180859,0.0010262845958959842,0.004459462889023052,0.002507913875377554,0.0007684569770445467,0.0012434025907182497,0.002569229605396805,0.0009061660756123704,0.0006789963217705558,0.0014725826963639735,0.0035990323169496317,0.0022470707288202493,0.002420463571907474,0.0055792288438008455,0.00174699571759767,0.0008448503455931195,0.0035211311845481236,0.0040970969763682984,0.0018118295632737636,0.0010966469090328296,0.0017736328789994763,0.00025581726704753185,0.0007322706445741685,0.0016786437562647354,0.00374980870224287,0.002731565513562526,0.0028531917976990714,0.0014821318674325453,0.0017032705658626308,0.002105843514595581,0.001129315125846365,0.0028933988337772696,0.0014193083735603625,0.004217215496651914,0.002363168545496043,0.0008277623552598867,0.0046559747778552405,0.0038221813671836264,0.0071638886532327944,0.003929232600741826,0.003706083550507831,0.0006247168230649885,0.0004694171462129547,0.0011730402775814042,0.0008141924805834949,0.0016138099105886417,0.003480924148469927,0.0012187757811203542,0.0024797689501228157,0.003763378576919262,0.007005573448674892,0.0030441752190705097,0.005588778014869417,0.0005166604136048365,0.0009287825334063568,0.0001698747274303837,0.0006639186832412339,0.0017168404405390227,0.0008297727070637959,0.0035151001291363945,0.0009539119309552296,0.0027582026749643305,0.004230282783377328,0.002212392160202803,0.000673467854309804,0.0031492161008247997,0.001281599274992537,0.0022314905023399466,0.000673467854309804,0.003171832558618786,0.001794741572940529,0.0010051759019549314,0.001065989044023205,0.0035321881194696272,0.0020616157749095646,0.00434487283620019,0.0024415722658485284,0.000299542418782571,0.00025380691524361926,0.0012685319882671225,0.0012072162582478733,0.0037729277479878337,0.004200127506318679,0.0019379791389691082,0.0013600029953450225,0.0005739554400162675,0.002056087307448811,0.0025365613885832694,0.004150371299171911,0.000715182654240934,0.002452629200770032,0.0013017027930316352,0.0016439651876472908,0.0019892431099688083,0.0018751556450969237,0.001239884475061407,0.0035095716616756426,0.005184194714332558,0.0032919510789024,0.004774082946334945,0.0024259920393682258,0.0020254294424391864,0.00045886279924242657,0.0013398994773059242,0.00042518940652693654,0.0015620433516379626,0.002000802632841291,0.004667031712776746,0.0031683144429619434,0.00325023627897127,0.0033703547992548835,0.0024280023911721366,0.0005226914690165639,0.00354776834594993,0.0016128047346866872,0.00018897306956752735,0.0012494336461299788,0.0020254294424391864,0.00016585402382256545,0.001895761751087001,0.0013238166628746443,0.0004940439558108502,0.0034216187702545853,0.0014801215156286362,0.0016077788551769126,0.0011655014583167433,0.0013122571400021633,0.00041212211980152375,0.0035191208327442144,0.0016841722237254872,0.001594711568451498,0.004260940648386953,0.004467001708287713,0.0024450903815053694,0.0030572425057959225,--,--,--
153,0.0024491110851131894,0.0010584502247585423,0.004211184441240185,0.0027788087809544077,0.002977331021590507,0.004230282783377328,0.00389656438392829,0.002509924227181463,0.0020792063531937747,0.0003030605344394137,0.001309241612296298,0.0007955967263973268,0.0007212137096526648,0.0005493286304183685,0.0015756132263143544,0.003969439636820024,0.001697742098401879,0.0024300127429760458,0.0031451953972169797,0.0017072912694704508,0.002363168545496043,0.0008885754973281586,0.0026757782510040268,0.0011423824125717796,0.0023249718612217557,0.0029944190119237397,0.00046539644260513297,0.0020294501460470064,0.0018178606186854927,0.0020465381363802392,0.006471825044736824,0.0033130597728434526,0.002147558314526711,0.0038337408900561074,0.0009363213526710178,0.0036794463891060246,0.0008513839889558276,0.00020405070809685275,0.0009765283887492159,0.0017756432308033854,0.001239884475061407,0.001735436194725189,0.004829367620942467,0.0028361038073658387,0.0030537243901390815,0.0007553896903191304,0.0025446027957989076,0.0014610231734914925,0.0007764983842601832,0.00645071635079577,0.0017263896116075945,0.004396639395150869,0.002403375581574241,0.0028838496627086978,0.006336126297972908,0.00605417445747455,0.0024415722658485284,0.0029451653927279487,0.005908926539642062,0.0009604455743179377,0.0011634911065128324,7.840372035248372e-05,0.0013579926435411116,0.0012685319882671225,0.0026360738028768076,0.0005262095846734066,0.0035095716616756426,0.007564451250161834,0.002105843514595581,0.00044830845227189844,0.0011041857282974923,0.0016117995587847326,0.0009840672080138786,0.0001698747274303837,0.0010298027115528269,0.0010167354248274123,0.0007247318253095041,0.006074780563464626,0.0038679168707225747,0.0034638361581366926,0.001957077481106252,0.00160426073952007,0.002573250309004623,0.000715182654240934,0.00219530416986957,0.000764938861387704,0.0013368839496000588,0.002777301017101474,0.0020028129846452,0.0025918460631907895,0.0033090390692356326,0.0055219338173894145,0.005222391398606845,0.0014916810385011189,0.0004900232522030284,0.0018691245896851946,0.001239884475061407,0.0006428099893001776,0.0012795889231886279,0.003650798875900309,0.003963408581408293,0.0049590353122946525,0.0029029480048458414,0.0023747280683685257,0.0015585252359811216,0.0040895581571036375,0.003843290061124679,0.0006523591603687512,0.0010413622344253096,0.0037231715408410655,0.0018118295632737636,0.0028838496627086978,0.0022410396734085184,0.002464188723642513,0.003862388403261823,0.004157910118436572,0.002353619374427471,0.0034201110064016535,0.0018575650668127136,0.001739456898333009,0.0006905558446430385,0.0006342659941335621,0.0005885304905946138,0.00016233590816572274,0.0032120395946969825,0.0025064061115246204,0.0043468831880040994,0.0033035106017748807,0.00489621181842247,0.0015298777227754062,0.0024988672922599594,0.0008533943407597368,0.00024526292007700373,8.594253961714815e-05,0.0024375515622407085,0.003225106881422397,0.002984869840855168,0.000515152649751903,0.0009267721816024459,0.003934761068202577,0.004150371299171911,0.0020751856495859547,0.004831377972746376,0.0033291425872747325,0.0008966169045437986,0.0011941489715224587,0.0016555247105197717,0.0009880879116216969,0.001130822889699297,0.002927574814443737,0.0020827244688506174,0.006527109719344344,0.0027943890074347087,0.005548570978791219,0.0020274397942430956,0.0021209211531249047,0.003444737815999549,0.0011031805523955378,0.0015831520455790171,0.0006543695121726603,0.001022263892288166,0.0017776535826072963,0.0010298027115528269,0.0010644812801702715,0.003917673077869345,0.003137656577952317,0.0012348585955516325,0.0011423824125717796,0.0010433725862292187,0.0030079888866001315,0.0007393068758878504,0.0024491110851131894,0.001590690864843678,0.001430365308481868,0.0011539419354442606,0.004276520874867254,0.004274510523063345,0.004823839153481715,0.001437904127746529,0.0015620433516379626,0.0011187607788758387,0.00016384367201865285,0.0008478658732989849,0.0005628985050947603,0.0019837146425080564,0.003700052495096102,0.006923651612665565,0.005655119624398443,0.001739456898333009,0.0019530567774984318,0.0006121521242905548,0.001070009747631025,0.00024425774417504917,0.0003633710885567083,0.0006036081291239358,0.0011041857282974923,0.0006639186832412339,0.003341707286049168,0.001895761751087001,0.003336178818588416,0.006927672316273385,0.0025270122175146976,0.005083174536186086,0.001022263892288166,0.003293961430706309,0.002715985287082223,0.00514398767825436,0.002416442868299654,0.002004823336449111,0.0020389993171155783,0.003133635874344497,0.0038603780514579137,0.002735083629219367,0.003143185045413069,0.004577571057502757,0.0037668966925761046,0.002628534983612145,0.0007383016999858959,0.000366386616262572,0.0019148600932241445,0.0024415722658485284,0.0036658765144296345,0.0026893481256804186,0.004068449463162583,0.0030708123804723143,0.0034753956810091736,0.0022355112059477666,0.0012705423400710333,0.002735083629219367,0.0017640837079309045,0.0034578051027249635,0.0015278673709714953,0.002620493576396505,0.0018118295632737636,0.0037880053865171574,0.0023802565358292775,0.0007895656709855994,0.0030708123804723143,0.0001181081684797046,0.0008870677334752268,0.0005704373243594248,0.004684622291060956,0.0019701447678316646,0.0005799864954279949,0.003974968104280776,0.005462628439174073,0.0025938564149947003,0.006254204461963581,0.002418453220103565,0.0012836096267964479,0.0028401245109736586,0.00204854848818415,0.005490270776477834,0.0006227064712610794,0.0012931587978650197,0.0022430500252124293,0.0007171930060448431,0.00044227739686017106,0.008029847692766967,0.0057832795518976965,0.005124889336117216,0.0017585552404701527,0.00425340182912229,0.00030708123804723195,0.0021857549988009983,0.001588680513039769,0.0001849523659597091,0.0014248368410211144,0.004844445259471791,0.0045469131924931305,0.001493691390305028,0.002616975460739664,0.0049132998087557025,0.0015047483252265317,0.0059833095563867275,0.00354776834594993,0.0009212437141416941,0.0010051759019549314,0.0014951991541579598,0.0011484134679835088,0.0009328032370141768,0.0026948765931411704,0.004432825727621246,0.0030039681829923115,0.003334168466784507,0.00023068786949865736,0.0006523591603687512,0.001485649983089388,0.0012625009328553934,0.0002367189249103882,0.0005533493340261902,0.000715182654240934,0.001957077481106252,0.002000802632841291,0.001960595596763093,0.005289235596086848,0.01050207782362512,0.004535856257571627,0.0022792363576828057,0.005025879509774655,0.0002975320669786584,0.0030401545154626897,0.0022963243480160402,0.0025290225693186067,0.001123284070434636,0.004945968025569238,0.004716787919923514,0.0037231715408410655,0.0022430500252124293,0.0033185882403042044,0.0037689070443800137,0.0021676618325658092,0.002507913875377554,0.005256567379273313,0.0031090090647466016,0.002727544809954706,0.006506001025403291,0.0033150701246473634,0.00425742253273011,0.0024375515622407085,0.0041388117762994284,0.002922046346982985,0.0032653139175005935,0.0015962193323044317,0.0012625009328553934,0.0005990848375651385,0.0008925962009359786,0.004722818975335243,0.0017072912694704508,0.0045549545997087704,0.0018289175536069981,0.004087547805299727,0.00425340182912229,0.0013293451303353961,0.0013635211110018652,0.0015640537034418735,0.0028381141591697478,0.0001698747274303837,0.0025938564149947003,0.0013524641760803598,0.0012589828171985507,0.0032140499465008916,0.004778103649942765,0.004331805549474776,0.00544554044884084,0.0011956567353753906,0.004333313313327708,0.0006418048133982231,0.0008182131841913132,0.0010187457766313232,0.0020465381363802392,0.0011358487692090732,0.0019837146425080564,0.0012016877907871197,0.0014665516409522444,0.0028989273012380214,0.004381059168670567,0.0066070212035497615,0.007507156223750403,0.0018671142378812854,0.0002729052573807629,0.0005015827750755111,0.0009157152466809423,0.0011328332415032078,0.0010433725862292187,0.0035764158591556454,0.0010644812801702715,0.0010644812801702715,0.004222743964112666,0.0020983046953309183,0.0007915760227895086,0.0010091966055627514,0.0025043957597207112,0.0008126847167305613,0.0006960843121037903,0.0014208161374132961,0.003234656052490969,0.002351609022623562,0.002460670607985672,0.0053254219285572245,0.001636426368382628,0.0007895656709855994,0.0029642637348650924,0.0037327207119096373,0.0017183482043919545,0.0010509114054938814,0.0016439651876472908,0.0002367189249103882,0.0006352711700355167,0.0014705723445600644,0.003763378576919262,0.002555659730720413,0.0027009076485528995,0.001396189327815399,0.0016248668455101471,0.001955067129302341,0.0010679993958271142,0.002618985812543573,0.0013333658339432161,0.004041812301760778,0.002099812459183852,0.0008543995166616913,0.004661503245315992,0.00369050332402753,0.006780414046636988,0.003915662726065434,0.0036734153336942955,0.0006171780038003276,0.0004694171462129547,0.0010604605765624532,0.0007458405192505603,0.0015374165420400671,0.0033492461053138307,0.001129315125846365,0.002399354877966421,0.0036161203072828645,0.006534648538609007,0.002881839310904787,0.005464638790977984,0.0005342509918890466,0.0007724776806523649,0.00012413922389143545,0.000657887627829503,0.0015600329998340535,0.0008543995166616913,0.0034105618353330817,0.0008755082106027458,0.0027923786556307995,0.004260940648386953,0.0020199009749784346,0.0005960693098592748,0.002935616221659377,0.001182589448649976,0.002137003967556183,0.0006257219989669466,0.002826554636297267,0.0016288875491179654,0.0009383317044749286,0.0010529217572977905,0.0034598154545288726,0.002065636478517383,0.00425340182912229,0.002359147841888223,0.000249786211635801,0.00024224739237114004,0.0010453829380331278,0.0011102167837092215,0.003377893618519546,0.004104635795632961,0.0020274397942430956,0.0014459455349621689,0.0007021153675155212,0.002008341452105952,0.002269687186614234,0.0038814867453989665,0.0006277323507708557,0.002309894222692432,0.0012408896509633633,0.0014514740024229207,0.0018063010958130118,0.001804290744009101,0.0013921686242075806,0.003381914322127366,0.005327432280361135,0.003131625522540588,0.004682611939257047,0.0023249718612217557,0.0016861825755293963,0.0004015677728309956,0.001224304248581106,0.00038699272225264925,0.0014494636506190116,0.0018424874282833882,0.004690150758521708,0.003215557710353825,0.003126097055079836,0.003188920548952019,0.00219932487347739,0.00043473857759550663,0.003196961956167659,0.0014876603348932989,0.0001733928430872264,0.0012207861329242634,0.0018826944643615864,0.0002477758598318919,0.0018656064740283518,0.0012187757811203542,0.00048047408113445836,0.003284412259637737,0.0014112669663447243,0.0015851623973829262,0.0011157452511699733,0.0012207861329242634,0.0003699047319194147,0.0031014702454819406,0.0016077788551769126,0.001535406190236158,0.004219225848455823,0.004322256378406204,0.0025481209114557504,0.0030954391900702097,--,--,--
154,0.0022907958805552884,0.0009669792176806441,0.003738249179370389,0.002668239431739364,0.0029069687084536614,0.004064428759554765,0.0037271922444488854,0.0023822668876331866,0.00194350760642986,0.0003050708862433228,0.0011614807547089233,0.0007227214735055949,0.0006865351410352168,0.0005493286304183685,0.0014972095059618707,0.003680954152958958,0.0015715925227065344,0.0026395919185336486,0.003240687107902698,0.0016248668455101471,0.0021706773602716747,0.0008850573816713177,0.0024928362368482285,0.0011157452511699733,0.002210381808398894,0.0028094666459640323,0.00045986797514438113,0.0018731452932930145,0.001743477601940829,0.002000802632841291,0.006521078663932615,0.0034256394738624053,0.00194350760642986,0.003377893618519546,0.0009116945430731223,0.0032215887657655543,0.0007704673288484558,0.000208071411704671,0.0009403420562788378,0.0016575350623236808,0.0012378741232574979,0.0018309279054109073,0.0048560047823442715,0.0028019278266993713,0.002775290665297565,0.000715182654240934,0.0023938264105056693,0.0013539719399332916,0.0007935863745934177,0.006164743806689592,0.0016766334044608245,0.0042936088652004885,0.0022335008541438574,0.003023066525129455,0.006313509840178921,0.006149163580209291,0.002307883870888521,0.0026838196582196668,0.005563648617320543,0.0008649538636322177,0.0011464031161795996,7.840372035248372e-05,0.001285619978600357,0.0011881179161107296,0.0025747580728575567,0.0005226914690165639,0.003555307165214591,0.007129712672566325,0.001964616300370913,0.00042368164267400296,0.0010187457766313232,0.0015107793806382625,0.0008257520034559776,0.00016786437562647458,0.0009096841912692132,0.0010081914296607968,0.0008564098684656022,0.005853641865034542,0.00369854473124317,0.003345727989656988,0.0018309279054109073,0.0014685619927561552,0.002294313996212131,0.0006468306929079994,0.002004823336449111,0.0007533793385152213,0.0012112369618556915,0.002729555161758615,0.0018691245896851946,0.0024546395525739412,0.0033492461053138307,0.005090713355450749,0.00459867975144381,0.001437904127746529,0.00043674892939941923,0.0016555247105197717,0.001123284070434636,0.0006046133050258903,0.0011710299257774951,0.0033628159799902226,0.003805093376850392,0.004417245501140945,0.0030019578311884024,0.002357640078035291,0.001478111163824727,0.0038317305382521982,0.0034522766352642117,0.0006387892856923594,0.000964968865876735,0.0034256394738624053,0.0017490060694015808,0.002607426289671092,0.0021229315049288155,0.002368697012956795,0.0038774660417911465,0.0041388117762994284,0.002206863692742051,0.003032615696198027,0.0016841722237254872,0.0016424574237943572,0.0007161878301428885,0.0005674217966535576,0.000524701820820473,0.00016032555636181015,0.0030557347419429906,0.002513944930789283,0.004371509997601995,0.0033110494210395434,0.004646425606786669,0.0015122871444911944,0.002218423215614534,0.0008915910250340241,0.0002347085731064756,8.694771551910271e-05,0.0022355112059477666,0.0029506938601887005,0.0028572125013068914,0.0005779761436240857,0.0009765283887492159,0.004146350595564091,0.003967429285016113,0.002006331100302043,0.004411717033680193,0.003155749744187506,0.0009423524080827486,0.001267526812365168,0.0015791313419711971,0.0009423524080827486,0.0011976670871793015,0.0028361038073658387,0.002159117837399192,0.006517560548275772,0.0025903382993378576,0.005258577731077222,0.0018369589608226364,0.0019414972546259492,0.0030612632094037424,0.0010690045717290687,0.0015238466673636753,0.0005990848375651385,0.0009689895694845532,0.00174699571759767,0.0011212737186307251,0.0011252944222385451,0.003627679830155347,0.0029924086601198305,0.0011795739209441124,0.001081569270503506,0.0009458705237395913,0.0029718025541297533,0.000715182654240934,0.002294313996212131,0.0014841422192364562,0.0014916810385011189,0.0012338534196496779,0.004114184966701533,0.003921693781477165,0.004249381125514472,0.0013006976171296807,0.0014761008120208162,0.0010308078874547814,0.00016685919972452,0.0008096691890246976,0.000499572423271602,0.0018595754186166227,0.003783984682909339,0.006708041381696233,0.005601845301594832,0.0017625759440779726,0.0018711349414891037,0.0005684269725555122,0.0010031655501510223,0.0002613457345082837,0.0003709099078213693,0.0005694321484574702,0.0010413622344253096,0.0006789963217705558,0.0030708123804723143,0.0019033005703516619,0.0033703547992548835,0.006093878905601769,0.002321453745564913,0.0048560047823442715,0.0010413622344253096,0.003032615696198027,0.0026380841546807168,0.004671052416384564,0.0021802265313402465,0.0018213787343423354,0.00204854848818415,0.0031567549200894607,0.0037709173961839246,0.002773280313493656,0.0029718025541297533,0.0042398319544459,0.00345629733887203,0.0023707073647607057,0.0006885454928391294,0.000366386616262572,0.00185203659935196,0.002361158193692134,0.0036412497048317373,0.002988890544462988,0.003990045742810099,0.0029009376530419306,0.003185402433295176,0.0020711649459781364,0.001216765429316445,0.0024259920393682258,0.0016841722237254872,0.003219578413961645,0.001539426893843978,0.002464188723642513,0.0018424874282833882,0.003925211897134006,0.0024717275429071758,0.0006925661964469476,0.002769259609885836,0.00015077638529324006,0.0008468606973970304,0.0005453079268105503,0.004165448937701235,0.0017565448886662418,0.0005453079268105503,0.003816652899722873,0.005035428680843227,0.002616975460739664,0.006052164105670639,0.0022772260058788966,0.0012645112846593042,0.002830575339905087,0.0018253994379501554,0.00514800838186218,0.0005628985050947603,0.001186610152257796,0.0020158802713706146,0.0006940739602998812,0.0004613757389973147,0.007633305799445747,0.005359597909223692,0.004915310160559613,0.001682161871921578,0.0038262020707914447,0.0002668742019690355,0.0019188807968319645,0.001489670686697208,0.00017540319489113554,0.001388650508550738,0.004613757389973133,0.004262951000190862,0.001539426893843978,0.0024757482465149958,0.004524296734699144,0.0014570024698836725,0.005535001104114827,0.0034045307799213526,0.0008508814010048486,0.0009519015791513204,0.0014152876699525425,0.001074030451238845,0.0008086640131227431,0.002775290665297565,0.00425742253273011,0.0029602430312572724,0.0031663040911580325,0.00021762058277324456,0.0005799864954279949,0.0015374165420400671,0.0011634911065128324,0.00023269822130256648,0.0005186707654087457,0.0007001050157116086,0.0018691245896851946,0.001850026247548051,0.002099812459183852,0.004853994430540362,0.009674315468365235,0.004423276556552674,0.0021229315049288155,0.004585109876767418,0.00028245442844933646,0.002670249783543275,0.0021897757024088183,0.0026340634510728968,0.001074030451238845,0.004728347442795995,0.004682611939257047,0.00354776834594993,0.0019837146425080564,0.003042164867266599,0.003549778697753839,0.001978688762998282,0.002422473923711385,0.0048524866666874306,0.0028039381785032805,0.002664721316082523,0.005992858727455299,0.0032331482886380353,0.003988035391006188,0.002376738420172435,0.003951849058535812,0.002618985812543573,0.0031145375322073534,0.0015459605372066844,0.0011901282679146388,0.0005322406400851375,0.0007533793385152213,0.00440015751080771,0.0016992498622548109,0.00440417821441553,0.0017721251151465445,0.003915662726065434,0.0040056259692904,0.001169019573973586,0.0012016877907871197,0.0014992198577657798,0.002603405586063272,0.00016133073226376818,0.0024395619140446176,0.0013177856074629152,0.0011921386197185479,0.003078351199736977,0.004322256378406204,0.004272500171259434,0.00499321129296112,0.001127304774042456,0.004016682904211906,0.0005970744857612294,0.0007724776806523649,0.0009328032370141768,0.0018786737607537664,0.0010529217572977905,0.001798762276548349,0.0014514740024229207,0.001327334778531487,0.0032060085392852534,0.004291598513396578,0.006048143402062821,0.0070191433233512835,0.0016670842333922527,0.00024425774417504917,0.00045986797514438113,0.0008488710492009395,0.0012036981425910306,0.0009860775598177877,0.003579933974812488,0.0012036981425910306,0.0010755382150917769,0.003917673077869345,0.001854046951155871,0.0007971044902502604,0.0008523891648577822,0.0022832570612906257,0.0007287525289173258,0.0006141624760944639,0.0013750806338743461,0.003185402433295176,0.0026013952342593613,0.002622503928200416,0.005357587557419783,0.0015660640552457826,0.0007383016999858959,0.0025903382993378576,0.0034105618353330817,0.0014876603348932989,0.0010835796223074168,0.0014771059879227708,0.0002367189249103882,0.0006543695121726603,0.001390660860354647,0.003929232600741826,0.0024873077693874767,0.0025425924439949985,0.001327334778531487,0.0014610231734914925,0.0017816742862151163,0.0010147250730235032,0.002416442868299654,0.0013504538242764506,0.003910134258604682,0.0020430200207233983,0.0008413322299362785,0.0046559747778552405,0.0035130897773324836,0.006374322982247195,0.00384127970932077,0.0034658465099406018,0.0005930537821534111,0.0005166604136048365,0.0009423524080827486,0.0006905558446430385,0.0014514740024229207,0.003068802028668405,0.0012514439979338897,0.002559680434328233,0.0034753956810091736,0.006103428076670341,0.0026395919185336486,0.005126899687921125,0.0005548570978791238,0.0007342809963780776,0.00011257970101895276,0.0006639186832412339,0.0015142974962951035,0.000816202832387404,0.0035151001291363945,0.0009096841912692132,0.002739104332827187,0.00394632059107506,0.001808311447616921,0.0005608881532908512,0.0026948765931411704,0.0011177556029738842,0.0021008176350858065,0.0006196909435552157,0.002509924227181463,0.001539426893843978,0.0008966169045437986,0.0010262845958959842,0.00360305302055745,0.0022259620348791948,0.003936771420006488,0.002157107485595283,0.00023822668876331832,0.0002708949055768538,0.0009498912273474096,0.0011137348993660642,0.0031527342164816407,0.0037709173961839246,0.002294313996212131,0.0016077788551769126,0.0007895656709855994,0.0018253994379501554,0.002138009143458139,0.003704073198703922,0.0005644062689476939,0.0022390293216046093,0.001232345655796746,0.0012901432701591543,0.0017108093851272935,0.0018213787343423354,0.0015374165420400671,0.0033015002499709716,0.005273655369606545,0.0030632735612076533,0.004291598513396578,0.002155097133791372,0.0015032405613735998,0.0003593503849488866,0.0011941489715224587,0.000373925435527233,0.0013811116892860752,0.0017701147633426336,0.004657985129659151,0.003435188644930977,0.003137656577952317,0.003080361551540886,0.00197718099914535,0.00041212211980152375,0.0029451653927279487,0.0013931738001095352,0.00017942389849895726,0.001232345655796746,0.0016535143587158626,0.00028396219230227004,0.0018480158957441418,0.0012876303304042679,0.0005473182786144594,0.0031034805972858497,0.001224304248581106,0.001428354956677957,0.0010931287933759887,0.0011423824125717796,0.000366386616262572,0.0027677518460329023,0.0015374165420400671,0.0015203285517068343,0.00434889353980801,0.004287577809788759,0.0026436126221414686,0.003171832558618786,--,--,--
155,0.0020771960013898656,0.0008222338877991349,0.0032693346211084134,0.0025174630464461258,0.002769259609885836,0.003912144610408593,0.0035075613098717318,0.0022963243480160402,0.0018615857704205319,0.0003126097055079838,0.0009755232128472614,0.000657887627829503,0.0006342659941335621,0.0005262095846734066,0.001390660860354647,0.003341707286049168,0.001388650508550738,0.002763731142425084,0.00324621557536345,0.0016138099105886417,0.0018711349414891037,0.0008543995166616913,0.0022375215577516774,0.0010891080897681687,0.0020465381363802392,0.0025330432729264267,0.0004407696330072375,0.0016786437562647354,0.0016193383780493936,0.002006331100302043,0.006666326581765103,0.003476903444862107,0.0017449853657937608,0.002830575339905087,0.0008182131841913132,0.0027561923231604214,0.0006372815218394258,0.00021661540687128653,0.0008905858491320695,0.001489670686697208,0.0012514439979338897,0.001804290744009101,0.004795191640276,0.002784839836366137,0.0024375515622407085,0.000657887627829503,0.0022375215577516774,0.001232345655796746,0.0008126847167305613,0.005784787315750628,0.0016384367201865372,0.004205655973779431,0.0020807141170467083,0.003143185045413069,0.006250183758355761,0.006278831271561477,0.0021666566566638547,0.0023898057068978493,0.005225909514263686,0.0007398094638388295,0.0011368539451110278,7.99114842054173e-05,0.0011614807547089233,0.0011026779644445605,0.002507913875377554,0.0005186707654087457,0.0036085814880182036,0.006740709598509767,0.0018178606186854927,0.00038347460659580654,0.0009021453720045505,0.0013559822917372025,0.0006905558446430385,0.00016786437562647458,0.0007609181577798822,0.0009745180369453068,0.000923254065945605,0.00564758080513378,0.0033185882403042044,0.00324621557536345,0.0017183482043919545,0.0013695521664135943,0.00197718099914535,0.0005799864954279949,0.0017912234572836881,0.0006925661964469476,0.0010604605765624532,0.002668239431739364,0.0017319180790683463,0.002319443393761004,0.0033587952763824026,0.004608228922512381,0.003932750716398668,0.001327334778531487,0.00036035556085084464,0.0013811116892860752,0.0009725076851413959,0.0005473182786144594,0.0010468907018860614,0.003038646751609756,0.0036638661626257236,0.003906113554996862,0.003131625522540588,0.002260138015545662,0.0013464331206686306,0.0035628459844792536,0.0029371239855123087,0.0006387892856923594,0.0008448503455931195,0.0031451953972169797,0.0016459755394512,0.0022887855287513775,0.0019837146425080564,0.002315422690153184,0.0036638661626257236,0.004045330417417621,0.002096294343527009,0.002513944930789283,0.001396189327815399,0.0015736028745104453,0.0007212137096526648,0.0004824844329383675,0.0004694171462129547,0.0001698747274303837,0.002832585691708996,0.002555659730720413,0.004417245501140945,0.0032080188910891625,0.0043468831880040994,0.0014650438770993125,0.0019053109221555727,0.0009061660756123704,0.0002367189249103882,8.795289142105728e-05,0.0019741654714394846,0.0026873377738765077,0.0027883579520229795,0.000623711647163034,0.0009956267308863596,0.004358442710876582,0.0037709173961839246,0.0018656064740283518,0.0039025954393400192,0.002828564988101176,0.0009900982634256077,0.0013142674918060725,0.001437904127746529,0.000861938335926354,0.001239884475061407,0.002668239431739364,0.0021897757024088183,0.006566814167471565,0.0023134123383492747,0.004865553953412843,0.001636426368382628,0.0017223689079997745,0.0026360738028768076,0.0010489010536899705,0.0014419248313543489,0.0005513389822222811,0.0008885754973281586,0.0017087990333233827,0.001239884475061407,0.0011006676126406496,0.003288432963245557,0.002773280313493656,0.0010850873861603487,0.0010117095453176378,0.0008332908227206386,0.002979341373394416,0.0007181981819467977,0.002142029847065959,0.001388650508550738,0.001531385486628338,0.0012589828171985507,0.003904103203192953,0.00345629733887203,0.0036296901819592563,0.0011881179161107296,0.001388650508550738,0.0009403420562788378,0.00016233590816572274,0.0007589078059759731,0.0004292101101347548,0.0017892131054797773,0.003997584562074762,0.006420058485786145,0.005474187962046555,0.0017183482043919545,0.0017530267730094008,0.0005111319461440812,0.0009116945430731223,0.0002708949055768538,0.00040357812463490475,0.0005302302882812249,0.0009725076851413959,0.0006257219989669466,0.0027501612677486922,0.0017701147633426336,0.003330147763176687,0.005241489740743989,0.0020847348206545265,0.004552944247904861,0.001024274244092075,0.0026586902606707923,0.002525504453661764,0.004099107328172209,0.0018826944643615864,0.001594711568451498,0.00210785386639949,0.0030592528575998333,0.0036638661626257236,0.002765741494228993,0.002729555161758615,0.0037824769190564055,0.0030441752190705097,0.002000802632841291,0.0006639186832412339,0.000366386616262572,0.00179675192474444,0.0022430500252124293,0.003591493497684969,0.0031909309007559297,0.0038186632515267837,0.0026436126221414686,0.002878321195247946,0.0018465081318912082,0.001129315125846365,0.002117403037468062,0.0015620433516379626,0.0029944190119237397,0.0015238466673636753,0.0022772260058788966,0.0019304403197044455,0.0038453004129285883,0.0025023854079168004,0.000566416620751603,0.0024797689501228157,0.00017741354669504467,0.000782026851720935,0.0005015827750755111,0.0036337108855670763,0.0015183181999029235,0.000515152649751903,0.0036487885240964,0.004535856257571627,0.002559680434328233,0.005829015055436645,0.0021093616302524237,0.0012132473136596024,0.002735083629219367,0.0015776235781182653,0.004704725809100056,0.0005131422979479938,0.0010549321091016996,0.001743477601940829,0.0006428099893001776,0.0004844947847422766,0.007449861197338972,0.005130920391528945,0.0047132698042666715,0.0015067586770304425,0.0033321581149805962,0.00021762058277324456,0.0016861825755293963,0.001342915005011788,0.00016032555636181015,0.0012931587978650197,0.004430815375817337,0.004016682904211906,0.0015012302095696907,0.0022390293216046093,0.004058900292094011,0.001373070282070437,0.005071615013313605,0.0032919510789024,0.0007780061481131167,0.0008795289142105658,0.0013162778436099833,0.0009765283887492159,0.0006980946639076994,0.0028496736820422305,0.0040739779306233365,0.002931595518051557,0.0029944190119237397,0.00020405070809685275,0.0004885154883500983,0.0015811416937751063,0.0010911184415720778,0.00021912834662617467,0.000457857623340472,0.0006925661964469476,0.0017660940597348136,0.0016384367201865372,0.002054076955644902,0.00425340182912229,0.008697284491665042,0.004173490344916875,0.0019128497414202337,0.004041812301760778,0.00027391043328271747,0.0021973145216734793,0.002006331100302043,0.0027486535038957587,0.0010031655501510223,0.004558472715365613,0.004577571057502757,0.00334723575350992,0.0016595454141275917,0.002735083629219367,0.0031527342164816407,0.001769109587440679,0.00230034505162386,0.004367991881945154,0.0024450903815053694,0.0026551721450139513,0.005466649142781893,0.002984869840855168,0.0037347310637135464,0.002200832637330322,0.0036754256854982063,0.002256619899888821,0.0027883579520229795,0.0014695671686581098,0.0011061960801014015,0.00047695596547761565,0.0005814942592809284,0.004037791598152958,0.0016881929273333072,0.004262951000190862,0.001647985891255109,0.003593503849488878,0.003783984682909339,0.0009709999212884641,0.0009860775598177877,0.0013791013374821661,0.002321453745564913,0.0001467556816854218,0.002266169070957393,0.0012514439979338897,0.001065989044023205,0.0028094666459640323,0.003908123906800773,0.0040895581571036375,0.0044936388696895195,0.0010393518826213987,0.0035703848037439145,0.0005166604136048365,0.0007267421771134167,0.0008202235359952258,0.0017148300887351135,0.0009564248707101177,0.0015811416937751063,0.0015756132263143544,0.0011252944222385451,0.003454286987068121,0.0040815167498879975,0.005382716954968655,0.0064069911990607305,0.0014057384988839707,0.00021661540687128653,0.00040056259692904106,0.0007800164999170259,0.0012760708075317852,0.0009137048948770331,0.0036105918398221127,0.0012911484460611088,0.0010413622344253096,0.003597021965145721,0.0015238466673636753,0.0007764983842601832,0.0006694471507019857,0.001951046425694521,0.0006372815218394258,0.0005438001629576167,0.0013142674918060725,0.003042164867266599,0.002811476997767943,0.0025747580728575567,0.005426442106703696,0.001428354956677957,0.0006407996374962685,0.0020771960013898656,0.0030059785347962224,0.0012132473136596024,0.0010795589186995969,0.0013047183207375006,0.00022716975384181465,0.000657887627829503,0.0013162778436099833,0.003955869762143632,0.002317433041957093,0.002264158719153482,0.0012072162582478733,0.0012529517617868215,0.0015545045323733016,0.000919233362337785,0.0022335008541438574,0.0013600029953450225,0.003760363049213398,0.0018691245896851946,0.0008523891648577822,0.0047037206331981,0.0032919510789024,0.005796346838623111,0.0037648863407721937,0.003179371377883447,0.0005558622737810784,0.0005397794593497984,0.000782026851720935,0.0006217012953591249,0.0013539719399332916,0.0026838196582196668,0.0014057384988839707,0.0026627109642786122,0.003242697459706607,0.005541032159526558,0.002361158193692134,0.0047132698042666715,0.0005533493340261902,0.0006639186832412339,0.00011056934921504363,0.0006503488085648421,0.0014459455349621689,0.0007971044902502604,0.003601042668753541,0.0009287825334063568,0.0026893481256804186,0.0037327207119096373,0.0015982296841083408,0.0005015827750755111,0.002406893697231082,0.001024274244092075,0.0020334708496548264,0.0006121521242905548,0.002210381808398894,0.0014193083735603625,0.0008393218781323694,0.001020253540484255,0.003660348046968881,0.002315422690153184,0.0036146125434299327,0.0019741654714394846,0.0002211386984300838,0.0002879828959100883,0.000831783058867705,0.0010835796223074168,0.0029084764723065933,0.003435188644930977,0.0024395619140446176,0.001588680513039769,0.000823741651652065,0.0016424574237943572,0.0019817042907041473,0.0034693646255974445,0.0004709249100658848,0.002172687712075584,0.0011368539451110278,0.0010931287933759887,0.0015866701612358598,0.0018671142378812854,0.0016248668455101471,0.0031663040911580325,0.005170624839656166,0.0029029480048458414,0.003866409106869643,0.0019304403197044455,0.0012514439979338897,0.0003090915898511411,0.0011187607788758387,0.000373925435527233,0.001342915005011788,0.001636426368382628,0.00460069010324772,0.003612602191626022,0.0031165478840112643,0.002935616221659377,0.001606773679274958,0.000366386616262572,0.002660700612474703,0.0012911484460611088,0.00017741354669504467,0.0012378741232574979,0.0013791013374821661,0.00033170804764512743,0.0017128197369312027,0.0012569724653946415,0.0005990848375651385,0.0028592228531108023,0.0010755382150917769,0.0012112369618556915,0.001070009747631025,0.0010509114054938814,0.0003508063897822711,0.002349096082868674,0.0014630335252954017,0.0015183181999029235,0.004459462889023052,0.004207666325583342,0.0027044257642097422,0.0032004800718245015,--,--,--
156,0.001964616300370913,0.0007458405192505603,0.002967781850521935,0.002519473398250035,0.002674270487151095,0.0038377615936639273,0.0031984697200205907,0.0021324806759973874,0.001808311447616921,0.00033170804764512743,0.0008895806732301149,0.0006352711700355167,0.0006186857676532612,0.0005588778014869421,0.001327334778531487,0.0031622833875502143,0.001278081159335696,0.0027009076485528995,0.003128107406883745,0.0015695821709026253,0.0017449853657937608,0.0008564098684656022,0.002164646304859944,0.0011403720607678688,0.0019033005703516619,0.0023973445261625103,0.00042719975833084567,0.001542945009500819,0.001590690864843678,0.0018826944643615864,0.006618580726422244,0.00345629733887203,0.0016595454141275917,0.002525504453661764,0.0008277623552598867,0.002412924752642813,0.000574960615918222,0.00024023704056722744,0.0008679693913380832,0.001390660860354647,0.0012474232943260697,0.0016097892069808217,0.004615767741777044,0.002674270487151095,0.0022832570612906257,0.0006503488085648421,0.002161128189203103,0.0011921386197185479,0.0008523891648577822,0.005433980925968357,0.0015851623973829262,0.004154392002779731,0.0019857249943119673,0.0031547445682855516,0.005996879431063119,0.006355224640110051,0.0020636261267134737,0.0022375215577516774,0.005027889861578566,0.0007001050157116086,0.001130822889699297,7.99114842054173e-05,0.0011137348993660642,0.0010624709283663623,0.002511934578985372,0.0005015827750755111,0.003545757994146019,0.00650047255794254,0.0017851924018719573,0.0003678943801155056,0.0008523891648577822,0.0013006976171296807,0.0006292401146237858,0.00017188507923429283,0.0006885454928391294,0.0009539119309552296,0.0008925962009359786,0.005407343764566553,0.002881839310904787,0.002975320669786596,0.00160426073952007,0.0013006976171296807,0.0018490210716460963,0.0005654114448496485,0.0016173280262454844,0.000673467854309804,0.0009976370826902687,0.0026456229739453795,0.0016670842333922527,0.0021440401988698683,0.0033055209535787916,0.0042363138387890575,0.0034789137966660163,0.0013047183207375006,0.0003126097055079838,0.0012378741232574979,0.0008925962009359786,0.0005302302882812249,0.0009996474344941796,0.0027963993592386178,0.0036085814880182036,0.0035246493002049663,0.0031240867032759252,0.0020294501460470064,0.001239884475061407,0.0034181006545977426,0.0026094366414750013,0.0006026029532219812,0.0007875553191816903,0.0029924086601198305,0.0016268771973140563,0.0020983046953309183,0.0019148600932241445,0.0023345210322903275,0.00334723575350992,0.003862388403261823,0.0018731452932930145,0.0021973145216734793,0.0012836096267964479,0.0015489760649125498,0.000733275820476123,0.000424184230624982,0.00043674892939941923,0.00018897306956752735,0.002681809306415756,0.002525504453661764,0.004316225322994475,0.003139666929756228,0.004264961351994773,0.0014951991541579598,0.0017299077272644372,0.0009584352225140268,0.00023923186466527288,9.147100707789999e-05,0.001840477076479479,0.002460670607985672,0.0027521716195526014,0.0006619083314373213,0.0009212437141416941,0.004241842306249809,0.003654316991557152,0.001844497780087299,0.003559327868822411,0.002660700612474703,0.0010107043694156832,0.0013167804315609606,0.0013750806338743461,0.0008222338877991349,0.0012911484460611088,0.002460670607985672,0.0021440401988698683,0.00649645185433472,0.002117403037468062,0.004665523948923812,0.0015695821709026253,0.0015962193323044317,0.0023898057068978493,0.0010393518826213987,0.0013921686242075806,0.0005282199364773157,0.0008488710492009395,0.0017374465465290981,0.0012971795014728397,0.001065989044023205,0.003021056173325546,0.002735083629219367,0.0010549321091016996,0.0009911034393275623,0.0007875553191816903,0.0029828594890512587,0.0007141774783389794,0.0020887555242623465,0.0013177856074629152,0.001493691390305028,0.0012454129425221606,0.0037648863407721937,0.0031240867032759252,0.003231137936834126,0.0011328332415032078,0.0013655314628057743,0.0009041557238084613,0.00016685919972452,0.0007383016999858959,0.00038699272225264925,0.0016329082527257854,0.0040056259692904,0.005996879431063119,0.005363618612831512,0.0017299077272644372,0.0017203585561958654,0.00046539644260513297,0.0008714875069949259,0.00029200359951790655,0.00042167129087009383,0.0005166604136048365,0.000919233362337785,0.0005608881532908512,0.002511934578985372,0.0016097892069808217,0.003252246630775179,0.004724326739188177,0.001960595596763093,0.004350903891611919,0.0009725076851413959,0.002456649904377852,0.002466199075446424,0.003704073198703922,0.0017032705658626308,0.001432375660285777,0.002101822810987761,0.0030401545154626897,0.003490473319538499,0.002769259609885836,0.002612954757131844,0.003541737290538199,0.002786850188170046,0.0018253994379501554,0.0006523591603687512,0.0003794539029879883,0.0017912234572836881,0.0021782161795363356,0.003194951604363748,0.0033226089439120244,0.003646778172292491,0.0025747580728575567,0.0027009076485528995,0.0017108093851272935,0.0010946365572289205,0.0019033005703516619,0.0015258570191675862,0.0029049583566497506,0.0014745930481678843,0.002105843514595581,0.0019530567774984318,0.003708093902311742,0.0024757482465149958,0.00046338609080122384,0.002331002916633485,0.00021359987916542283,0.0007503638108093576,0.00047394043777175196,0.003238676756098789,0.0013750806338743461,0.000499572423271602,0.003555307165214591,0.004291598513396578,0.002273707890222054,0.0054721776102426446,0.001995274165380539,0.0012147550775125342,0.0026511514414061313,0.0014494636506190116,0.0043689970578471085,0.0005045983027813748,0.0009890930875236532,0.0016117995587847326,0.0006674367988980731,0.0004613757389973147,0.007148811014703469,0.004836906440207128,0.004541384725032379,0.0014112669663447243,0.0031034805972858497,0.00018897306956752735,0.0015489760649125498,0.001285619978600357,0.0001447453298815092,0.0012625009328553934,0.004318235674798384,0.0037784562154485855,0.0013293451303353961,0.00204452778457633,0.003742269882978209,0.0013559822917372025,0.004838916792011039,0.003215557710353825,0.0007362913481819867,0.000865959039534174,0.0012434025907182497,0.000919233362337785,0.0006086340086337121,0.002769259609885836,0.003866409106869643,0.0028612332049147114,0.002876310843444035,0.00019651188883218831,0.00043473857759550663,0.0016630635297844344,0.0010147250730235032,0.00023068786949865736,0.0004292101101347548,0.0006980946639076994,0.0017278973754605263,0.0014972095059618707,0.0018902332836262473,0.0037327207119096373,0.00804140721563945,0.004144842831711159,0.00185605730295978,0.0037573475215075328,0.00025833020680241653,0.00194752831003768,0.0019359687871651973,0.0029486835083847914,0.0009614507502198923,0.004255412180926201,0.004535856257571627,0.0031663040911580325,0.0014685619927561552,0.002582799480073195,0.0029451653927279487,0.0016871877514313526,0.002258127663741753,0.004030252778888296,0.0021877653506049075,0.0025863175957300377,0.005170624839656166,0.0027521716195526014,0.0034673542737935353,0.001991253461772719,0.0035402295266852672,0.00204854848818415,0.002555659730720413,0.0014419248313543489,0.0010338234151606469,0.00042368164267400296,0.0004709249100658848,0.0037744355118407655,0.0016595454141275917,0.004064428759554765,0.0015600329998340535,0.00335527716072556,0.003601042668753541,0.0008905858491320695,0.000869979743141994,0.0013484434724725398,0.0021304703241934765,0.00014424274193053366,0.0021284599723895674,0.001232345655796746,0.0010298027115528269,0.002561690786132142,0.003399002312460599,0.003936771420006488,0.004287577809788759,0.0010071862537588405,0.003343717637853079,0.00047695596547761565,0.000715182654240934,0.0007418198156427386,0.001592701216647589,0.0009137048948770331,0.0013981996796193098,0.001531385486628338,0.0010051759019549314,0.003635218649420008,0.003948330942878969,0.0050047708158336025,0.006063221040592145,0.0012876303304042679,0.000208071411704671,0.00039654189332121934,0.0007533793385152213,0.0013258270146785552,0.0008905858491320695,0.003450266283460301,0.001226314600385017,0.0009539119309552296,0.0034733853292052645,0.001327334778531487,0.0007684569770445467,0.0005704373243594248,0.0017168404405390227,0.0005930537821534111,0.0004885154883500983,0.0012609931690024615,0.0028667616723754633,0.0027501612677486922,0.002367189249103863,0.00529074335993978,0.0012971795014728397,0.000566416620751603,0.0017892131054797773,0.0027963993592386178,0.0010187457766313232,0.0010795589186995969,0.0012177706052183997,0.0002231490502339964,0.0007267421771134167,0.0011634911065128324,0.0037729277479878337,0.0021359987916542283,0.00209026328811528,0.001180579096846067,0.0011499212318364423,0.0014494636506190116,0.0008795289142105658,0.0020807141170467083,0.0013941789760114898,0.0037070887264097855,0.0017776535826072963,0.000806653661318834,0.004608228922512381,0.003034626048001938,0.005407343764566553,0.0037211611890371546,0.0030497036865312615,0.0005674217966535576,0.0005628985050947603,0.0006830170253783775,0.0005759657918201766,0.001331355482139307,0.0024812767139757476,0.0014017177952761525,0.002555659730720413,0.0030592528575998333,0.005165096372195414,0.002216412863810623,0.004480571582964105,0.0005588778014869421,0.0006558772760255939,0.00010705123355820093,0.0006619083314373213,0.0014419248313543489,0.0008202235359952258,0.0035402295266852672,0.0008222338877991349,0.0026094366414750013,0.003637229001223919,0.001485649983089388,0.0005015827750755111,0.0022676768348103248,0.0009880879116216969,0.0020229165026842983,0.0006181831797022821,0.0019892431099688083,0.0013715625182175034,0.0007478508710544694,0.0010187457766313232,0.003692513675831439,0.002414935104446722,0.003440717112391729,0.00185203659935196,0.00022515940203790552,0.0003050708862433228,0.0007800164999170259,0.0010835796223074168,0.002660700612474703,0.003126097055079836,0.0025863175957300377,0.0013579926435411116,0.0008373115263284568,0.0015298777227754062,0.0019073212739594819,0.0033281374113727762,0.00044227739686017106,0.002164646304859944,0.0011499212318364423,0.001006181077856886,0.0015218363155597662,0.0019113419775673018,0.0015565148841772108,0.003126097055079836,0.0051138324011957125,0.002811476997767943,0.003643260056635648,0.0018158502668815836,0.0011634911065128324,0.00028345960435129103,0.0011378591210129824,0.00035683744519400193,0.0012795889231886279,0.0015756132263143544,0.0044479033661505695,0.0037176430733803136,0.0030748330840801343,0.0027677518460329023,0.001390660860354647,0.00035683744519400193,0.0024832870657796567,0.001232345655796746,0.00018696271776361822,0.0012187757811203542,0.001228324952188926,0.000341257218713701,0.0015811416937751063,0.0011519315836403515,0.0006005926014180721,0.0027009076485528995,0.0009976370826902687,0.0011061960801014015,0.001074030451238845,0.0010071862537588405,0.00035683744519400193,0.0020952891676250546,0.0014097592024917907,0.0014459455349621689,0.0044479033661505695,0.004024724311427544,0.0026511514414061313,0.003227117233226306,--,--,--
157,0.0019530567774984318,0.0007362913481819867,0.002834093455561928,0.0026757782510040268,0.002618985812543573,0.00384127970932077,0.0028039381785032805,0.0018902332836262473,0.0017816742862151163,0.00036035556085084464,0.0009051608997104159,0.000657887627829503,0.0006418048133982231,0.0006468306929079994,0.0013102467881982525,0.003147205749020889,0.001239884475061407,0.0024471007333092803,0.002885860014512607,0.0014951991541579598,0.0017912234572836881,0.0008946065527398895,0.0022752156540749875,0.0012705423400710333,0.0017831820500680481,0.0024013652297703303,0.0004196609390661847,0.0014705723445600644,0.0016575350623236808,0.0016288875491179654,0.006376333334051106,0.0033587952763824026,0.0016881929273333072,0.002462178371838604,0.0009423524080827486,0.0021897757024088183,0.0005865201387907013,0.0002794389007434728,0.0008679693913380832,0.0013559822917372025,0.001226314600385017,0.0012514439979338897,0.004318235674798384,0.0024717275429071758,0.002309894222692432,0.0006885454928391294,0.002164646304859944,0.0012358637714535887,0.0009116945430731223,0.0051098116975878925,0.0015203285517068343,0.004140822128103339,0.00194350760642986,0.0030557347419429906,0.005552089094448062,0.006370302278639375,0.0020028129846452,0.0022259620348791948,0.004966574131559315,0.0007438301674466477,0.001130822889699297,7.840372035248372e-05,0.0011403720607678688,0.001070009747631025,0.0025863175957300377,0.0004709249100658848,0.0033628159799902226,0.006416540370129302,0.0018671142378812854,0.0003759357873311456,0.0008714875069949259,0.0013464331206686306,0.0006448203411040902,0.00017942389849895726,0.0006905558446430385,0.0009458705237395913,0.0007669492131916131,0.005132428155381879,0.0023877953550939385,0.0025365613885832694,0.0014876603348932989,0.0012609931690024615,0.0019123471534692564,0.0006046133050258903,0.0014841422192364562,0.0006925661964469476,0.0010262845958959842,0.0026627109642786122,0.0016786437562647354,0.0019264196160966255,0.003188920548952019,0.003974968104280776,0.0032331482886380353,0.0013715625182175034,0.00029351136337084013,0.001228324952188926,0.0008810366780634977,0.0005513389822222811,0.0010318130633567377,0.0026320530992689876,0.003639239353027828,0.0032653139175005935,0.002975320669786596,0.0016650738815883435,0.0011559522872481715,0.003399002312460599,0.0024717275429071758,0.0005357587557419802,0.0007935863745934177,0.0029642637348650924,0.001693721394794059,0.0020349786135077583,0.0019188807968319645,0.002422473923711385,0.002926067050590805,0.003593503849488878,0.0015409346576969098,0.0020827244688506174,0.0013484434724725398,0.0015715925227065344,0.0007543845144171758,0.00039402895356633466,0.00042820493423280023,0.00021561023096933196,0.0025998874704064295,0.002422473923711385,0.004070459814966494,0.0031049883611387816,0.004402167862611621,0.0016077788551769126,0.001689700691186239,0.0010468907018860614,0.0002432525682730946,9.800465044060638e-05,0.0018349486090187273,0.002266169070957393,0.0027486535038957587,0.0006940739602998812,0.000749358634907403,0.003797554557585729,0.0036181306590867754,0.0019414972546259492,0.003383422085980298,0.002652156617308086,0.0010031655501510223,0.0012750656316298306,0.001388650508550738,0.0008182131841913132,0.0013524641760803598,0.002212392160202803,0.0020178906231745238,0.006307478784767192,0.001996781929233471,0.004657985129659151,0.001636426368382628,0.0015660640552457826,0.002319443393761004,0.0010413622344253096,0.0013770909856782552,0.0005302302882812249,0.0008508814010048486,0.0018349486090187273,0.0012891380942571997,0.001024274244092075,0.002823036520640424,0.002881839310904787,0.0010891080897681687,0.0010192483645823005,0.0008051458974659004,0.002984869840855168,0.0007036231313684513,0.0021359987916542283,0.0012705423400710333,0.0013770909856782552,0.0011921386197185479,0.00369854473124317,0.002926067050590805,0.0030537243901390815,0.0011328332415032078,0.0014097592024917907,0.0009222488900436504,0.0001814342503028664,0.0007458405192505603,0.0003759357873311456,0.0013921686242075806,0.0038146425479189637,0.005438001629576177,0.005270137253949704,0.00179675192474444,0.0017701147633426336,0.00042719975833084567,0.0008795289142105658,0.00032416922838046647,0.00042368164267400296,0.0005282199364773157,0.0008830470298674068,0.00047695596547761565,0.002351609022623562,0.0014268471928250252,0.003135646226148408,0.004545405428640199,0.0019455179582337691,0.004249381125514472,0.0008850573816713177,0.0024300127429760458,0.002460670607985672,0.003490473319538499,0.001640447071990448,0.001335376185747127,0.0020314604978509156,0.0031014702454819406,0.003252246630775179,0.002784839836366137,0.002622503928200416,0.0035211311845481236,0.0026838196582196668,0.001840477076479479,0.0006543695121726603,0.0004025729487329502,0.0018349486090187273,0.002159117837399192,0.0024511214369171003,0.003385432437784209,0.0034789137966660163,0.0026968869449450796,0.0026531617932100404,0.0016650738815883435,0.0011177556029738842,0.0017851924018719573,0.0015756132263143544,0.0029547145637965205,0.001386640156746827,0.0019414972546259492,0.0019113419775673018,0.0035095716616756426,0.0023918160587017585,0.00038347460659580654,0.002331002916633485,0.00025581726704753185,0.0007523741626132667,0.0004613757389973147,0.002984869840855168,0.0013218063110707352,0.0005035931268794203,0.003534198471273538,0.00429511662905342,0.0017625759440779726,0.004976123302627887,0.0019319480835573773,0.0012705423400710333,0.0025747580728575567,0.001437904127746529,0.004141827304005294,0.0005357587557419802,0.0009880879116216969,0.0016213487298533044,0.0007669492131916131,0.0003930237776643801,0.006725129372029466,0.0044820793468170386,0.004402167862611621,0.0013921686242075806,0.0031411746936091597,0.0001814342503028664,0.0015067586770304425,0.0013197959592668243,0.00012966769135218728,0.0013006976171296807,0.004274510523063345,0.003545757994146019,0.0010187457766313232,0.00189777210289091,0.0035703848037439145,0.0014002100314232189,0.004831377972746376,0.003177863614030515,0.0007247318253095041,0.0009116945430731223,0.0011996774389832106,0.0008981246683967305,0.0005377691075458893,0.0025330432729264267,0.0036296901819592563,0.0027486535038957587,0.0028154977013757614,0.00019249118522437006,0.000415640235458363,0.0017831820500680481,0.0009307928852102659,0.00026536643811610194,0.0004327282257915975,0.0007212137096526648,0.0017545345368623327,0.001428354956677957,0.0016057685033730035,0.0032919510789024,0.007713217283651163,0.004333313313327708,0.0019495386618415891,0.0037327207119096373,0.0002367189249103882,0.0019208911486358737,0.0019796939389002365,0.003236666404294878,0.0009519015791513204,0.0038201710153797155,0.004552944247904861,0.0030019578311884024,0.0014112669663447243,0.002580789128269286,0.002924056698786894,0.0017329232549703009,0.00230034505162386,0.00384127970932077,0.0020294501460470064,0.0024546395525739412,0.0051057909939800725,0.0025365613885832694,0.003188920548952019,0.001739456898333009,0.00354776834594993,0.001996781929233471,0.002416442868299654,0.0014610231734914925,0.0009725076851413959,0.0003759357873311456,0.00042167129087009383,0.003612602191626022,0.0016153176744415753,0.003807103728654301,0.0015067586770304425,0.0031984697200205907,0.0034598154545288726,0.0009328032370141768,0.0008543995166616913,0.0014057384988839707,0.0020294501460470064,0.00015077638529324006,0.0020274397942430956,0.0012589828171985507,0.0010835796223074168,0.0023345210322903275,0.0027903683038268887,0.003816652899722873,0.004375530701209815,0.001028294947699895,0.003339696934245259,0.0004779611413795702,0.0007418198156427386,0.0007001050157116086,0.0015163078480990144,0.0009252644177495141,0.0012474232943260697,0.0013177856074629152,0.0009669792176806441,0.003755337169703622,0.003889025564663629,0.0049132998087557025,0.0059873302599945475,0.0013142674918060725,0.00022013352252812923,0.0004462981004679893,0.0007669492131916131,0.0013504538242764506,0.0009172230105338741,0.0031034805972858497,0.0010107043694156832,0.000816202832387404,0.00354374764234211,0.0012665216364632133,0.0007724776806523649,0.0005548570978791238,0.0015851623973829262,0.0005990848375651385,0.00044830845227189844,0.0012132473136596024,0.0026586902606707923,0.002416442868299654,0.001995274165380539,0.00495149649302999,0.001169019573973586,0.0005186707654087457,0.0017223689079997745,0.002780819132758317,0.0009041557238084613,0.0010835796223074168,0.001216765429316445,0.00022716975384181465,0.0008584202202695113,0.0009363213526710178,0.003381914322127366,0.00194350760642986,0.0020199009749784346,0.0012434025907182497,0.0011499212318364423,0.0014665516409522444,0.0008925962009359786,0.0019626059485670037,0.0014554947060307407,0.003751819054046781,0.0017681044115387245,0.0007021153675155212,0.004367991881945154,0.0027426224484840295,0.005203293056469702,0.0037156327215764028,0.003078351199736977,0.0006267271748689011,0.0005855149628887467,0.0006428099893001776,0.0005513389822222811,0.0013826194531390088,0.002462178371838604,0.0012378741232574979,0.0022470707288202493,0.002926067050590805,0.004972605186971044,0.002200832637330322,0.004428805024013426,0.0005759657918201766,0.0007096541867801821,0.0001030305299503792,0.0006940739602998812,0.0015047483252265317,0.0008830470298674068,0.0033266296475198444,0.0005875253146926593,0.0024988672922599594,0.003660348046968881,0.0014761008120208162,0.0005628985050947603,0.0022772260058788966,0.0010091966055627514,0.0020711649459781364,0.0006352711700355167,0.001850026247548051,0.0013941789760114898,0.0006181831797022821,0.001020253540484255,0.003702062846900011,0.002523494101857855,0.0034140799509899244,0.0017872027536758681,0.00025581726704753185,0.00032215887657655734,0.0007955967263973268,0.0011122271355131323,0.002408904049034993,0.0028456529784344105,0.002735083629219367,0.0009157152466809423,0.0008332908227206386,0.0014876603348932989,0.0019113419775673018,0.003276873440373076,0.0004789663172815248,0.002216412863810623,0.0012720501039239652,0.0010287975356508723,0.0015183181999029235,0.0019530567774984318,0.001335376185747127,0.003181381729687358,0.00510227287832323,0.002784839836366137,0.0036221513626945936,0.0018103217994208318,0.001239884475061407,0.00028044407664542734,0.001251946585884867,0.0003261795801843756,0.0011941489715224587,0.0015866701612358598,0.004200127506318679,0.00374980870224287,0.0030079888866001315,0.0025787787764653767,0.0013283399544334416,0.0003814642547918974,0.002410914400838902,0.0012147550775125342,0.00020957917555760458,0.001175050629385315,0.0011956567353753906,0.0003090915898511411,0.0014534843542268298,0.0009669792176806441,0.0005548570978791238,0.002628534983612145,0.0009900982634256077,0.0011177556029738842,0.0011041857282974923,0.001012714721219594,0.0003794539029879883,0.0020053259244000882,0.0013770909856782552,0.0013006976171296807,0.004306676151925903,0.003738249179370389,0.0024797689501228157,0.0032537543946281125,--,--,--
158,0.002012362155713772,0.0007589078059759731,0.002824544284493356,0.002920035995179074,0.0026551721450139513,0.003961398229604384,0.0025747580728575567,0.0017585552404701527,0.0018480158957441418,0.0003930237776643801,0.0009544145189062068,0.0006980946639076994,0.0006704523266039403,0.0007418198156427386,0.0013177856074629152,0.003240687107902698,0.001224304248581106,0.002513944930789283,0.002880331547051855,0.0015545045323733016,0.00189375139928309,0.0009172230105338741,0.0024471007333092803,0.001437904127746529,0.0017449853657937608,0.002470219779054244,0.0004312204619386674,0.0014685619927561552,0.0017530267730094008,0.0016268771973140563,0.006620591078226153,0.00354776834594993,0.0017721251151465445,0.0025446027957989076,0.001134843593307117,0.002099812459183852,0.0006277323507708557,0.0002945165392727947,0.0008755082106027458,0.001390660860354647,0.001228324952188926,0.0009574300466120723,0.004402167862611621,0.0023707073647607057,0.0024053859333781503,0.0007322706445741685,0.0022199309794674656,0.0013027079689335915,0.0009840672080138786,0.005048998555519619,0.0014951991541579598,0.004184547279838378,0.00194752831003768,0.003227117233226306,0.0054721776102426446,0.006381861801511858,0.0020178906231745238,0.002331002916633485,0.005052516671176462,0.0008257520034559776,0.0011634911065128324,7.639336854857459e-05,0.0012072162582478733,0.0011006676126406496,0.0027406120966801204,0.0004462981004679893,0.003282401907833828,0.006630140249294725,0.0019761758232433955,0.000366386616262572,0.000869979743141994,0.001432375660285777,0.0006845247892313076,0.0001814342503028664,0.000715182654240934,0.0009639636899747787,0.0007116645385840913,0.005132428155381879,0.0020983046953309183,0.0022470707288202493,0.0014474532988151007,0.001239884475061407,0.0020369889653116674,0.0006418048133982231,0.001485649983089388,0.0007247318253095041,0.001081569270503506,0.0027999174748954605,0.0017530267730094008,0.00183846672467557,0.00324621557536345,0.003948330942878969,0.0031642937393541234,0.0014951991541579598,0.00029200359951790655,0.0012609931690024615,0.0009021453720045505,0.0006046133050258903,0.0010911184415720778,0.002567219253592894,0.003809114080458212,0.003196961956167659,0.00325023627897127,0.0013826194531390088,0.001138864296914937,0.0034658465099406018,0.0024852974175835676,0.00048047408113445836,0.0008011251938580821,0.0029828594890512587,0.00179273122113662,0.0020636261267134737,0.0019892431099688083,0.002521483750053944,0.002717995638886134,0.003500022490607071,0.0013177856074629152,0.0021133823338602437,0.0014554947060307407,0.0016690945851961635,0.0007659440372896585,0.0003890030740565584,0.00042820493423280023,0.0002462680959789583,0.002670249783543275,0.0024797689501228157,0.004034273482496116,0.0032235991175694634,0.004690150758521708,0.0017299077272644372,0.00174699571759767,0.0011443927643756888,0.0002281749297437692,0.00010102017814647007,0.0018847048161654955,0.002163138541007012,0.0028476633302383196,0.0007840372035248476,0.000707643834976273,0.0036241617144985045,0.0037251818926449746,0.002096294343527009,0.003336178818588416,0.002749658679797715,0.0010644812801702715,0.0012217913088262197,0.0014419248313543489,0.0008523891648577822,0.0014248368410211144,0.002157107485595283,0.0021093616302524237,0.006267774336639973,0.001959087832910161,0.004779611413795697,0.0017660940597348136,0.0015776235781182653,0.002351609022623562,0.001053926933199745,0.0014534843542268298,0.0005473182786144594,0.0008830470298674068,0.001957077481106252,0.001342915005011788,0.0010850873861603487,0.002720005990690043,0.003126097055079836,0.0011700247498755405,0.0010911184415720778,0.0008523891648577822,0.003085890019001638,0.0007066386590743184,0.002252599196281001,0.0012358637714535887,0.0014248368410211144,0.0013524641760803598,0.00379956490938964,0.002876310843444035,0.003068802028668405,0.0011730402775814042,0.0014761008120208162,0.0009755232128472614,0.0001879678936655728,0.0007895656709855994,0.00039654189332121934,0.0012609931690024615,0.0038910359164675383,0.005388245422429409,0.005447550800644749,0.0019093316257633927,0.0018786737607537664,0.0004292101101347548,0.0009267721816024459,0.00034728827412542837,0.0004407696330072375,0.0005588778014869421,0.0008850573816713177,0.000499572423271602,0.002416442868299654,0.0013539719399332916,0.0031683144429619434,0.0046519540742474205,0.0019932638135766283,0.00425742253273011,0.0008202235359952258,0.002466199075446424,0.0025461105596518412,0.00345629733887203,0.001682161871921578,0.0013197959592668243,0.0020942839917230983,0.0034522766352642117,0.0032080188910891625,0.002872290139836215,0.0026757782510040268,0.003646778172292491,0.002681809306415756,0.0019168704450280537,0.000673467854309804,0.00043473857759550663,0.0019284299679005364,0.002269687186614234,0.002117403037468062,0.003738249179370389,0.0034789137966660163,0.002864751320571554,0.0027124671714253822,0.0017087990333233827,0.0011484134679835088,0.001735436194725189,0.0016670842333922527,0.0031205685876190842,0.001331355482139307,0.0019188807968319645,0.002105843514595581,0.003612602191626022,0.0024335308586328885,0.000341257218713701,0.0023802565358292775,0.0002899932477139974,0.0007754932083582286,0.0004442877486640802,0.002881839310904787,0.001335376185747127,0.0005357587557419802,0.00364476782048858,0.0044976595732973395,0.0015032405613735998,0.004875103124481415,0.00194350760642986,0.0013559822917372025,0.002616975460739664,0.0015047483252265317,0.004128257429328902,0.0005588778014869421,0.0010157302489254578,0.0016992498622548109,0.0008981246683967305,0.0003699047319194147,0.0067980046249212,0.004333313313327708,0.00444991371795448,0.001437904127746529,0.0032597854500398416,0.0001814342503028664,0.0015258570191675862,0.0013715625182175034,0.0001181081684797046,0.0013791013374821661,0.004385079872278387,0.003494494023146319,0.0008332908227206386,0.0018595754186166227,0.00354776834594993,0.0015032405613735998,0.005014319986902174,0.0032100292428930734,0.0007171930060448431,0.0009916060272785396,0.001216765429316445,0.0009096841912692132,0.0005091215943401721,0.002473737894711085,0.003755337169703622,0.0028421348627775678,0.0029451653927279487,0.0001829420141557965,0.00039654189332121934,0.0019073212739594819,0.0008810366780634977,0.00029552171517474926,0.0004442877486640802,0.0007418198156427386,0.0018691245896851946,0.0014876603348932989,0.0014554947060307407,0.003171832558618786,0.007655922257239732,0.004610239274316292,0.002096294343527009,0.003852839232193251,0.00022616457793986008,0.0020274397942430956,0.0020349786135077583,0.0036146125434299327,0.0009689895694845532,0.0038357512418600165,0.004776093298138856,0.003032615696198027,0.0013811116892860752,0.0027124671714253822,0.0030290975805411843,0.0017917260452346654,0.002376738420172435,0.0039232015453300965,0.0019455179582337691,0.0023782461840253667,0.005281696776822185,0.002420463571907474,0.0031683144429619434,0.0016288875491179654,0.0036734153336942955,0.0020294501460470064,0.0024259920393682258,0.0015288725468734499,0.0009725076851413959,0.0003794539029879883,0.000408101416193702,0.003635218649420008,0.0016213487298533044,0.0038241917189875355,0.0016841722237254872,0.0034140799509899244,0.0034216187702545853,0.0009860775598177877,0.0008679693913380832,0.0015087690288343517,0.0019817042907041473,0.00015932038045985558,0.002065636478517383,0.0013293451303353961,0.0011901282679146388,0.002163138541007012,0.0026416022703375595,0.004049351121025439,0.004608228922512381,0.0010584502247585423,0.003555307165214591,0.0004900232522030284,0.000764938861387704,0.0006639186832412339,0.0014972095059618707,0.0009699947453865095,0.0011484134679835088,0.0013218063110707352,0.0010051759019549314,0.004112174614897624,0.004018693256015815,0.004966574131559315,0.006231085416218618,0.001386640156746827,0.0002281749297437692,0.000499572423271602,0.0007955967263973268,0.001437904127746529,0.0009956267308863596,0.0030632735612076533,0.0008966169045437986,0.0006749756181627375,0.003816652899722873,0.0012795889231886279,0.0008126847167305613,0.0005644062689476939,0.001535406190236158,0.0006387892856923594,0.0004312204619386674,0.0012434025907182497,0.0024948465886521394,0.0025446027957989076,0.00189777210289091,0.005029900213382475,0.0011102167837092215,0.0004940439558108502,0.0017339284308722572,0.002889880718120427,0.0008222338877991349,0.0010730252753368887,0.0012529517617868215,0.00023269822130256648,0.0010453829380331278,0.0008257520034559776,0.003297982134314129,0.00190179280649873,0.0020676468303212937,0.001327334778531487,0.0011559522872481715,0.0015756132263143544,0.0009172230105338741,0.0019168704450280537,0.0015660640552457826,0.003969942224771001,0.0019093316257633927,0.000823741651652065,0.0044976595732973395,0.002681809306415756,0.005191733533597219,0.003848818528585431,0.003225106881422397,0.0007036231313684513,0.0006121521242905548,0.0006312504664276984,0.0005438001629576167,0.0014916810385011189,0.002565208901788985,0.0013006976171296807,0.0020334708496548264,0.0029944190119237397,0.004995221644765031,0.0022430500252124293,0.004604208218904561,0.0006026029532219812,0.0007322706445741685,8.393218781323555e-05,0.000749358634907403,0.0015851623973829262,0.0009916060272785396,0.0033799039703234553,0.00045182656792874115,0.002521483750053944,0.003965418933212204,0.0015278673709714953,0.0006418048133982231,0.002408904049034993,0.0010564398729546332,0.002186760174702953,0.0006503488085648421,0.0018178606186854927,0.0014685619927561552,0.0005377691075458893,0.0011137348993660642,0.0039232015453300965,0.0026873377738765077,0.0035608356326753427,0.0017776535826072963,0.0002879828959100883,0.0003397494548607674,0.0008332908227206386,0.001138864296914937,0.0023325106804864184,0.0027903683038268887,0.0031547445682855516,0.0006387892856923594,0.0008885754973281586,0.0015012302095696907,0.002000802632841291,0.00334723575350992,0.000524701820820473,0.00230034505162386,0.0014122721422466789,0.0010489010536899705,0.0016248668455101471,0.0020028129846452,0.001342915005011788,0.003431167941323157,0.005210831875734363,0.002826554636297267,0.0037804665672524964,0.0019414972546259492,0.0013449253568156988,0.00028345960435129103,0.0013941789760114898,0.0003111019416550502,0.0012147550775125342,0.0016384367201865372,0.004102625443829052,0.00394229988746724,0.0031642937393541234,0.002477758598318905,0.0013323606580412616,0.0004060910643897929,0.0024546395525739412,0.0012614957569534388,0.00022515940203790552,0.001175050629385315,0.0011996774389832106,0.0003432675705176101,0.0014705723445600644,0.0009403420562788378,0.0005930537821534111,0.002725534458150795,0.0010091966055627514,0.001123284070434636,0.0011710299257774951,0.0010549321091016996,0.000415640235458363,0.0020113569798118174,0.0013941789760114898,0.001281599274992537,0.004531835553963807,0.003921693781477165,0.002582799480073195,0.00343870676058782,--,--,--
159,0.002099812459183852,0.0007704673288484558,0.002969792202325844,0.0031145375322073534,0.0028039381785032805,0.003848818528585431,0.002557670082524322,0.0016690945851961635,0.0018902332836262473,0.00042167129087009383,0.0010604605765624532,0.0007669492131916131,0.000715182654240934,0.0007704673288484558,0.0013122571400021633,0.00334723575350992,0.0013655314628057743,0.0019741654714394846,0.0025290225693186067,0.0015087690288343517,0.002004823336449111,0.0009076738394653023,0.0026456229739453795,0.0016173280262454844,0.0017816742862151163,0.0026013952342593613,0.00047695596547761565,0.0016097892069808217,0.001854046951155871,0.0016595454141275917,0.005971750033514245,0.0033663340956470653,0.0017278973754605263,0.0026988972967489904,0.0012625009328553934,0.0022355112059477666,0.0006744730302117585,0.0003291951078902393,0.0008905858491320695,0.0014514740024229207,0.001226314600385017,0.0008428399937892104,0.004241842306249809,0.002273707890222054,0.002466199075446424,0.000764938861387704,0.0021973145216734793,0.001373070282070437,0.0010679993958271142,0.005124889336117216,0.0015695821709026253,0.004392618691543049,0.0020274397942430956,0.0032235991175694634,0.0050087915194414225,0.006213997425885385,0.0021249418567327247,0.002452629200770032,0.005256567379273313,0.0009182281864358304,0.001169019573973586,8.946065527399086e-05,0.0013293451303353961,0.0011122271355131323,0.0029527042119926097,0.000366386616262572,0.003034626048001938,0.006710051733500142,0.002012362155713772,0.0003643762644586629,0.0009157152466809423,0.0014916810385011189,0.0007875553191816903,0.00017741354669504467,0.0007684569770445467,0.0009433575839847032,0.0005588778014869421,0.004882641943746078,0.0018826944643615864,0.0020410096689194874,0.001478111163824727,0.0013333658339432161,0.002155097133791372,0.0007011101916135631,0.0015545045323733016,0.0007322706445741685,0.0011579626390520806,0.0029466731565808806,0.0018103217994208318,0.0017912234572836881,0.0031014702454819406,0.004003615617486491,0.003272852736765256,0.0016268771973140563,0.0003050708862433228,0.0012705423400710333,0.0010071862537588405,0.0006121521242905548,0.0011579626390520806,0.0026013952342593613,0.004136801424495519,0.0032994898981670608,0.0029868801926590787,0.0011484134679835088,0.0012418948268653179,0.0036698972180374528,0.0026395919185336486,0.0004980646594186684,0.0008257520034559776,0.002990900896266897,0.0019188807968319645,0.0021440401988698683,0.002099812459183852,0.002571239957200714,0.00234608055516281,0.003234656052490969,0.0013238166628746443,0.0021782161795363356,0.0015504838287654817,0.0017299077272644372,0.0007895656709855994,0.0004045833005368593,0.00044830845227189844,0.00024425774417504917,0.002666229079935455,0.0024717275429071758,0.00374980870224287,0.0030135173540608833,0.0048600254859520915,0.001886212580018429,0.0019892431099688083,0.0012685319882671225,0.0002347085731064756,0.0001115745251169982,0.001844497780087299,0.002269687186614234,0.0030748330840801343,0.0007036231313684513,0.0005262095846734066,0.0032653139175005935,0.003759357873311442,0.002218423215614534,0.0034065411317252617,0.0027486535038957587,0.0009996474344941796,0.0012454129425221606,0.0015032405613735998,0.000873497858798835,0.001432375660285777,0.0021917860542127274,0.0018731452932930145,0.00615519463562102,0.0020274397942430956,0.005012309635098263,0.0018751556450969237,0.001636426368382628,0.002470219779054244,0.001024274244092075,0.0015183181999029235,0.0005513389822222811,0.000919233362337785,0.002147558314526711,0.0013162778436099833,0.0008714875069949259,0.0028381141591697478,0.0033949816088527807,0.001299692441227726,0.0011474082920815542,0.0009172230105338741,0.003297982134314129,0.0007217162976036404,0.0023802565358292775,0.0013047183207375006,0.001175050629385315,0.001129315125846365,0.0038870152128597183,0.0029124971759144132,0.00345629733887203,0.0013122571400021633,0.001539426893843978,0.0010287975356508723,0.00018997824546948192,0.000831783058867705,0.00040056259692904106,0.0012147550775125342,0.0038030830250464828,0.004862035837756002,0.005392266126037227,0.0019414972546259492,0.0019495386618415891,0.0004960543076147593,0.0009478808755435005,0.0003643762644586629,0.000499572423271602,0.0005769709677221312,0.0009252644177495141,0.00043875928120332836,0.0022335008541438574,0.0010413622344253096,0.0030632735612076533,0.004985672473696459,0.002111371982056333,0.004358442710876582,0.000869979743141994,0.002523494101857855,0.002607426289671092,0.003605063372361361,0.0017640837079309045,0.001428354956677957,0.0020314604978509156,0.0035075613098717318,0.0030708123804723143,0.0029124971759144132,0.002773280313493656,0.0038855074490067865,0.0027330732774154577,0.0020349786135077583,0.0006905558446430385,0.0004407696330072375,0.0020294501460470064,0.002311904574496341,0.002008341452105952,0.0034025204281174417,0.003435188644930977,0.003000450067335469,0.002935616221659377,0.00179675192474444,0.0011941489715224587,0.00180077262835226,0.0016535143587158626,0.0033492461053138307,0.0014228264892172052,0.0019681344160277555,0.0017851924018719573,0.00325023627897127,0.002311904574496341,0.00036035556085084464,0.0025064061115246204,0.00032215887657655734,0.0007679543890935676,0.00047193008596783936,0.0029451653927279487,0.0013770909856782552,0.0005608881532908512,0.003591493497684969,0.004695679225982461,0.001274060455727876,0.004903750637687131,0.0018691245896851946,0.0015409346576969098,0.0028612332049147114,0.001636426368382628,0.0042855674579848485,0.0005634010930457393,0.0010881029138662124,0.0018138399150776727,0.000873497858798835,0.00033170804764512743,0.006477353512197576,0.004142832479907248,0.004671052416384564,0.0014570024698836725,0.003399002312460599,0.00019651188883218831,0.0015449553613047298,0.0014841422192364562,0.00011056934921504363,0.001384629804942918,0.004535856257571627,0.0035668666880870736,0.0006925661964469476,0.0017585552404701527,0.00379956490938964,0.0016233590816572135,0.005342509918890459,0.0034216187702545853,0.0007533793385152213,0.001081569270503506,0.001216765429316445,0.0009172230105338741,0.0006181831797022821,0.0024053859333781503,0.0037176430733803136,0.002823036520640424,0.002967781850521935,0.00021912834662617467,0.00039654189332121934,0.001960595596763093,0.0009880879116216969,0.0003508063897822711,0.0004920336040069376,0.000806653661318834,0.0019148600932241445,0.0014761008120208162,0.0011770609811892242,0.0031587652718933715,0.007564451250161834,0.0049017402858832215,0.0022259620348791948,0.003932750716398668,0.0002477758598318919,0.0021324806759973874,0.002218423215614534,0.0039784862199376166,0.001012714721219594,0.003704073198703922,0.004562493418973433,0.002973310317982687,0.0014494636506190116,0.0028552021495029823,0.003194951604363748,0.0018987772787928646,0.0024511214369171003,0.004020703607819724,0.001957077481106252,0.0024320230947799566,0.00554253992337949,0.002462178371838604,0.003082371903344797,0.0015489760649125498,0.0037880053865171574,0.0021189108013209956,0.002569229605396805,0.00167562822855887,0.0009745180369453068,0.00046539644260513297,0.00045182656792874115,0.003805093376850392,0.0016117995587847326,0.003500022490607071,0.0013559822917372025,0.003192941252559839,0.0034065411317252617,0.0010107043694156832,0.0009328032370141768,0.0015565148841772108,0.0020983046953309183,0.00017942389849895726,0.0020792063531937747,0.0013484434724725398,0.0011785687450421578,0.0020983046953309183,0.002408904049034993,0.003915662726065434,0.0047509639005899815,0.0011328332415032078,0.003906113554996862,0.0005131422979479938,0.0007724776806523649,0.0007056334831723604,0.0015107793806382625,0.001063476104268317,0.001175050629385315,0.0010850873861603487,0.0010051759019549314,0.003852839232193251,0.003976978456084685,0.005021858806166835,0.0065994823842851005,0.0014801215156286362,0.00024526292007700373,0.0005417898111537076,0.0008448503455931195,0.0015258570191675862,0.0010468907018860614,0.0029009376530419306,0.0006558772760255939,0.0005910434303494985,0.003969439636820024,0.0013579926435411116,0.0008905858491320695,0.0006086340086337121,0.0016117995587847326,0.0006523591603687512,0.0004327282257915975,0.0013047183207375006,0.0025938564149947003,0.0019626059485670037,0.0015489760649125498,0.004728347442795995,0.0011539419354442606,0.0005091215943401721,0.0018882229318223382,0.0031049883611387816,0.000865959039534174,0.001053926933199745,0.001349448648374496,0.0002211386984300838,0.0009689895694845532,0.0006980946639076994,0.0029069687084536614,0.0018178606186854927,0.00209026328811528,0.001327334778531487,0.0012132473136596024,0.0017072912694704508,0.0009001350202006413,0.0020410096689194874,0.0017148300887351135,0.004129262605230857,0.001804290744009101,0.0006483384567609295,0.004102625443829052,0.0023802565358292775,0.005352059089959031,0.004144842831711159,0.003444737815999549,0.0007684569770445467,0.0006086340086337121,0.0007001050157116086,0.0005704373243594248,0.0015756132263143544,0.0027943890074347087,0.001074030451238845,0.0017816742862151163,0.0029069687084536614,0.005170624839656166,0.002365178897299954,0.004762523423462464,0.0006046133050258903,0.0007860475553287567,0.00011257970101895276,0.0008182131841913132,0.001697742098401879,0.0010378441187684669,0.0033185882403042044,0.00031864076091971463,0.0025747580728575567,0.00429913733266124,0.0016193383780493936,0.0006925661964469476,0.0025270122175146976,0.0010755382150917769,0.002256619899888821,0.0007362913481819867,0.0018274097897540646,0.001539426893843978,0.0006086340086337121,0.0011212737186307251,0.0038201710153797155,0.0027446328002879404,0.0036754256854982063,0.0017776535826072963,0.000341257218713701,0.0003699047319194147,0.0008946065527398895,0.0011102167837092215,0.002408904049034993,0.0027541819713565122,0.0028436426266304996,0.00041011176799761115,0.0007780061481131167,0.0014876603348932989,0.002138009143458139,0.003579933974812488,0.0005970744857612294,0.002359147841888223,0.0014112669663447243,0.0011026779644445605,0.0017565448886662418,0.0020334708496548264,0.0010679993958271142,0.0034105618353330817,0.005346530622498279,0.002864751320571554,0.003967429285016113,0.0021932938180656593,0.0014554947060307407,0.0003060760621452774,0.0014459455349621689,0.0002899932477139974,0.0012092266100517824,0.0016801515201176672,0.004020703607819724,0.003702062846900011,0.0030461855708744188,0.002576768424661466,0.0013780961615802115,0.00045182656792874115,0.0025446027957989076,0.0013811116892860752,0.00027843372484151474,0.0012112369618556915,0.0011921386197185479,0.00022716975384181465,0.001228324952188926,0.0007629285095837914,0.0004844947847422766,0.002612954757131844,0.0010644812801702715,0.0011881179161107296,0.0012338534196496779,0.0010891080897681687,0.00045182656792874115,0.002151579018134531,0.0014037281470800616,0.0012569724653946415,0.004264961351994773,0.0036698972180374528,0.0026094366414750013,0.00354374764234211,--,--,--
160,0.002151579018134531,0.0007533793385152213,0.0029582326794533632,0.003194951604363748,0.0029009376530419306,0.0037176430733803136,0.0024948465886521394,0.0016308979009218762,0.001957077481106252,0.00045031880407581104,0.0010795589186995969,0.0008141924805834949,0.0007383016999858959,0.0007935863745934177,0.0012529517617868215,0.003337686582441348,0.0014152876699525425,0.0015600329998340535,0.0023023554034277693,0.0015736028745104453,0.002052066603840993,0.0008795289142105658,0.002720005990690043,0.0017414672501369181,0.00174699571759767,0.002666229079935455,0.00047695596547761565,0.0016610531779805236,0.00185203659935196,0.0017168404405390227,0.0055752081401930255,0.0032693346211084134,0.001689700691186239,0.002775290665297565,0.0013826194531390088,0.0022335008541438574,0.0006950791362018358,0.0003643762644586629,0.0008755082106027458,0.001430365308481868,0.0011579626390520806,0.0008126847167305613,0.004211184441240185,0.0021802265313402465,0.002418453220103565,0.0007875553191816903,0.0021932938180656593,0.0014112669663447243,0.001081569270503506,0.004941947321961418,0.0015756132263143544,0.004434836079425157,0.002010351803909863,0.0032024904236284107,0.004735886262060658,0.005889828197504918,0.002147558314526711,0.0024717275429071758,0.005241489740743989,0.0009830620321119223,0.0011328332415032078,9.900982634256095e-05,0.0014132773181486334,0.0010850873861603487,0.003027087228737275,0.0003126097055079838,0.0027104568196214714,0.006686932687755179,0.002052066603840993,0.00035482709339008933,0.000978538740553125,0.0015012302095696907,0.0008523891648577822,0.00017188507923429283,0.0007935863745934177,0.0009021453720045505,0.0004729352618697939,0.004741917317472387,0.0017319180790683463,0.0018465081318912082,0.0014705723445600644,0.001327334778531487,0.0022515940203790465,0.000733275820476123,0.0016384367201865372,0.0007383016999858959,0.001180579096846067,0.0029582326794533632,0.0018193683825384263,0.0016992498622548109,0.0030401545154626897,0.004018693256015815,0.0033266296475198444,0.0016841722237254872,0.0003146200573118929,0.0012494336461299788,0.001065989044023205,0.0006292401146237858,0.0011770609811892242,0.002515955282593192,0.004270489819455525,0.0033075313053827007,0.002784839836366137,0.0009634611020238014,0.0012986872653257715,0.0036563273433610627,0.002672260135347184,0.00048047408113445836,0.0008297727070637959,0.0028913884819733587,0.001959087832910161,0.002142029847065959,0.0021264496205856565,0.0025446027957989076,0.0021782161795363356,0.0029124971759144132,0.001216765429316445,0.0021189108013209956,0.00160024003591225,0.001743477601940829,0.000782026851720935,0.00040056259692904106,0.000449313628173853,0.00023822668876331832,0.002567219253592894,0.002468209427250333,0.003587472794077149,0.002819015817032604,0.004884652295549987,0.001959087832910161,0.0021666566566638547,0.001327334778531487,0.0002347085731064756,0.00012112369618556829,0.0017585552404701527,0.0022772260058788966,0.0030497036865312615,0.0006865351410352168,0.00041212211980152375,0.0030099992384040406,0.003700052495096102,0.0023023554034277693,0.0033587952763824026,0.0027702647857877905,0.0009212437141416941,0.0012368689473555433,0.0015122871444911944,0.0008795289142105658,0.0014077488506878816,0.0021762058277324265,0.001895761751087001,0.006002407898523871,0.0020792063531937747,0.00510227287832323,0.001959087832910161,0.0016907058670881936,0.002507913875377554,0.0009860775598177877,0.0015545045323733016,0.0005262095846734066,0.0009443627598866577,0.0022219413312713748,0.0012931587978650197,0.0007875553191816903,0.0028039381785032805,0.00354776834594993,0.0013675418146096834,0.0011881179161107296,0.0009423524080827486,0.0034025204281174417,0.0007046283072704058,0.002399354877966421,0.0013027079689335915,0.0010755382150917769,0.001070009747631025,0.0038855074490067865,0.0027943890074347087,0.0037191508372332455,0.0014193083735603625,0.0015504838287654817,0.001049906229591925,0.0001879678936655728,0.000843845169691165,0.0003950341294682892,0.0011157452511699733,0.003742269882978209,0.004392618691543049,0.005292753711743689,0.001951046425694521,0.0019359687871651973,0.000515152649751903,0.0009363213526710178,0.0003794539029879883,0.0005352561677910012,0.0005789813195260403,0.0009001350202006413,0.00043473857759550663,0.0020369889653116674,0.0008543995166616913,0.002939134337316218,0.005126899687921125,0.00214956866633062,0.004322256378406204,0.0008925962009359786,0.002513944930789283,0.0025918460631907895,0.0035990323169496317,0.0017449853657937608,0.001428354956677957,0.001959087832910161,0.00369050332402753,0.0029924086601198305,0.0028667616723754633,0.002826554636297267,0.003967429285016113,0.002725534458150795,0.002101822810987761,0.0006980946639076994,0.00044830845227189844,0.0020430200207233983,0.0022812467094867166,0.0018595754186166227,0.00324621557536345,0.0033055209535787916,0.003085890019001638,0.002981351725198325,0.00185203659935196,0.0011976670871793015,0.0017736328789994763,0.0016288875491179654,0.003440717112391729,0.0014554947060307407,0.0019033005703516619,0.0015715925227065344,0.0030099992384040406,0.0022470707288202493,0.000373925435527233,0.0025863175957300377,0.0003643762644586629,0.000733275820476123,0.00048047408113445836,0.0029029480048458414,0.0013675418146096834,0.0005910434303494985,0.0034753956810091736,0.004814289982413143,0.0010986572608367405,0.004724326739188177,0.0017776535826072963,0.0016097892069808217,0.0029547145637965205,0.0017108093851272935,0.00432879002176891,0.0005538519219771658,0.0011177556029738842,0.0018233890861462446,0.0008468606973970304,0.00031663040911580204,0.006225556948757866,0.0038603780514579137,0.004766544127070284,0.0014916810385011189,0.003435188644930977,0.00020003000448903102,0.0015012302095696907,0.0015032405613735998,9.900982634256095e-05,0.0013579926435411116,0.004524296734699144,0.0034522766352642117,0.0005950641339573202,0.0016670842333922527,0.0038910359164675383,0.001693721394794059,0.00555058133059513,0.003496001786999251,0.0007800164999170259,0.0011403720607678688,0.0011881179161107296,0.0009212437141416941,0.0006980946639076994,0.002319443393761004,0.00375382940585069,0.0028361038073658387,0.002922046346982985,0.00025732503090046197,0.0003814642547918974,0.0019495386618415891,0.0010262845958959842,0.00039654189332121934,0.0005397794593497984,0.0008428399937892104,0.001895761751087001,0.0015107793806382625,0.0010986572608367405,0.0031547445682855516,0.007266919183183174,0.005083174536186086,0.002319443393761004,0.003944310239271149,0.00024425774417504917,0.0021877653506049075,0.002353619374427471,0.004171479993112964,0.0010187457766313232,0.00350203284241098,0.00434487283620019,0.0028989273012380214,0.0014459455349621689,0.0029084764723065933,0.0032597854500398416,0.0019530567774984318,0.0024546395525739412,0.003976978456084685,0.0018786737607537664,0.0023862875912410066,0.005537011455918738,0.0023440702033588993,0.0030441752190705097,0.0015107793806382625,0.003864398755065732,0.0021455479627228,0.0026013952342593613,0.0017565448886662418,0.0009689895694845532,0.0005322406400851375,0.00046539644260513297,0.003809114080458212,0.0015374165420400671,0.003236666404294878,0.001226314600385017,0.0030059785347962224,0.003227117233226306,0.0009900982634256077,0.0009267721816024459,0.0015409346576969098,0.0021229315049288155,0.0001914860093224155,0.00204452778457633,0.0013293451303353961,0.001138864296914937,0.002008341452105952,0.002307883870888521,0.0038679168707225747,0.0048560047823442715,0.001175050629385315,0.004077998634231155,0.0005342509918890466,0.000749358634907403,0.0007096541867801821,0.0014208161374132961,0.0011102167837092215,0.0011484134679835088,0.0010011551983471114,0.0011252944222385451,0.00379956490938964,0.0038870152128597183,0.005002760464029692,0.00674422771416661,0.0015374165420400671,0.00024526292007700373,0.0005578726255849875,0.000865959039534174,0.001531385486628338,0.0010509114054938814,0.002713974935278314,0.0004196609390661847,0.0005684269725555122,0.004003615617486491,0.0013675418146096834,0.0009267721816024459,0.0006086340086337121,0.0016117995587847326,0.0006312504664276984,0.00041011176799761115,0.001327334778531487,0.0024355412104367976,0.001640447071990448,0.0013524641760803598,0.00449162851788561,0.0012187757811203542,0.0005131422979479938,0.0019837146425080564,0.0032004800718245015,0.0008830470298674068,0.0010096991935137287,0.0014047333229820162,0.00021359987916542283,0.0009287825334063568,0.0006046133050258903,0.0025883279475339485,0.0017831820500680481,0.002060108011056631,0.0013142674918060725,0.0012549621135907324,0.001808311447616921,0.0008810366780634977,0.002069657182125203,0.0017756432308033854,0.0041609256461424375,0.001634416016578719,0.0005990848375651385,0.003852839232193251,0.0022239516830752856,0.00535004873815512,0.004264961351994773,0.003579933974812488,0.0007810216758189804,0.0005814942592809284,0.0007513689867113121,0.0005704373243594248,0.0016193383780493936,0.0029069687084536614,0.0009519015791513204,0.0015565148841772108,0.0028878703663165178,0.005140469562597517,0.002416442868299654,0.004797201992079909,0.0006066236568298029,0.0007935863745934177,0.00013720651061684824,0.0008523891648577822,0.0017756432308033854,0.001081569270503506,0.003171832558618786,0.00024224739237114004,0.0027044257642097422,0.004522286382895235,0.0016424574237943572,0.0007312654686722139,0.0025787787764653767,0.0010624709283663623,0.002305873519084612,0.0007895656709855994,0.0017660940597348136,0.0015851623973829262,0.0006181831797022821,0.0011941489715224587,0.0037824769190564055,0.0027828294845622277,0.0037327207119096373,0.0017012602140587217,0.0003890030740565584,0.0003930237776643801,0.0009423524080827486,0.0010453829380331278,0.002315422690153184,0.0026456229739453795,0.0025787787764653767,0.0003528167415861802,0.000749358634907403,0.0014570024698836725,0.0021762058277324265,0.0036678868662335436,0.0006558772760255939,0.002357640078035291,0.0014268471928250252,0.001105190904199447,0.0018193683825384263,0.0019319480835573773,0.0009614507502198923,0.00339699196065669,0.005438001629576177,0.0028039381785032805,0.004052869236682282,0.002363168545496043,0.0014876603348932989,0.00032517440428242103,0.0015002250336677344,0.0002708949055768538,0.0011770609811892242,0.0016801515201176672,0.0038834970972028756,0.003587472794077149,0.0029828594890512587,0.002607426289671092,0.001384629804942918,0.0004729352618697939,0.0025541519668674795,0.0014570024698836725,0.00032416922838046647,0.0011770609811892242,0.0011770609811892242,0.00019098342137143648,0.0011423824125717796,0.0006980946639076994,0.00042167129087009383,0.002535053624730336,0.0010946365572289205,0.001224304248581106,0.0012760708075317852,0.0010986572608367405,0.00047695596547761565,0.0022018378132322766,0.0013524641760803598,0.001224304248581106,0.004165448937701235,0.003654316991557152,0.002727544809954706,0.003654316991557152,--,--,--
161,0.002142029847065959,0.0007171930060448431,0.002828564988101176,0.003173842910422695,0.0028974195373850896,0.003504043194214891,0.0023802565358292775,0.0015565148841772108,0.0019304403197044455,0.00046539644260513297,0.0010604605765624532,0.0008277623552598867,0.0007192033578487522,0.0007860475553287567,0.0011956567353753906,0.00320450077543232,0.0014228264892172052,0.001281599274992537,0.0021133823338602437,0.001592701216647589,0.0020254294424391864,0.0008508814010048486,0.0026436126221414686,0.001798762276548349,0.0016650738815883435,0.0026013952342593613,0.00046338609080122384,0.0016690945851961635,0.0018309279054109073,0.001689700691186239,0.005123381572264284,0.0030708123804723143,0.0016138099105886417,0.0027104568196214714,0.0014077488506878816,0.0021440401988698683,0.0006714575025058948,0.00039654189332121934,0.0008604305720734222,0.001388650508550738,0.0010911184415720778,0.0007860475553287567,0.004123734137770105,0.0020807141170467083,0.002317433041957093,0.0007991148420541695,0.00209026328811528,0.0013921686242075806,0.001074030451238845,0.0047092491006588515,0.001546965713108639,0.004371509997601995,0.001960595596763093,0.0031547445682855516,0.004377541053013726,0.005531482988457986,0.002151579018134531,0.002403375581574241,0.00509825217471541,0.000978538740553125,0.0010850873861603487,0.00011609781667579547,0.0014343860120896862,0.0010584502247585423,0.003015527705864794,0.00028597254410617917,0.002412924752642813,0.0065497261771383306,0.002000802632841291,0.00034527792232151924,0.0010011551983471114,0.001478111163824727,0.0008714875069949259,0.00016585402382256545,0.0007895656709855994,0.000877518562406655,0.0004196609390661847,0.004558472715365613,0.0016057685033730035,0.0016992498622548109,0.001428354956677957,0.0013027079689335915,0.002216412863810623,0.0007428249915446931,0.0016248668455101471,0.000707643834976273,0.0011655014583167433,0.0029165178795222332,0.0017851924018719573,0.0016459755394512,0.0029104868241105024,0.003955869762143632,0.0032537543946281125,0.001697742098401879,0.0003146200573118929,0.0012187757811203542,0.001127304774042456,0.0005950641339573202,0.0011443927643756888,0.0023802565358292775,0.004222743964112666,0.003238676756098789,0.0026360738028768076,0.0008488710492009395,0.0013238166628746443,0.0035532968134106818,0.002620493576396505,0.0004844947847422766,0.000806653661318834,0.0027084464678175622,0.00194752831003768,0.0020887555242623465,0.0020711649459781364,0.0024415722658485284,0.002058097659252722,0.0026456229739453795,0.0011594704029050142,0.00199879228103738,0.0015851623973829262,0.0016670842333922527,0.0007694621529465012,0.0003844797824977611,0.0004513239799777656,0.00024023704056722744,0.002418453220103565,0.0024300127429760458,0.0034045307799213526,0.0026013952342593613,0.004737896613864567,0.001959087832910161,0.0022219413312713748,0.0013228114869726897,0.00023068786949865736,0.0001316780431560964,0.0016248668455101471,0.002210381808398894,0.0029642637348650924,0.0006372815218394258,0.00034728827412542837,0.002720005990690043,0.0035628459844792536,0.0022907958805552884,0.0032713449729123226,0.0026571824968178604,0.0008468606973970304,0.0011856049763558415,0.001493691390305028,0.0008543995166616913,0.0013655314628057743,0.0021324806759973874,0.0018656064740283518,0.005739051812211678,0.002060108011056631,0.005021858806166835,0.0019208911486358737,0.001668089409294209,0.002473737894711085,0.0009257670057004914,0.0015565148841772108,0.000499572423271602,0.0009478808755435005,0.0022375215577516774,0.0012625009328553934,0.000749358634907403,0.0027582026749643305,0.003601042668753541,0.0013826194531390088,0.0011795739209441124,0.0009348135888180859,0.00339699196065669,0.0006810066735744649,0.0023405520877020566,0.0012836096267964479,0.0009820568562099678,0.0010413622344253096,0.0037880053865171574,0.0027446328002879404,0.003759357873311442,0.001430365308481868,0.0015047483252265317,0.0010393518826213987,0.00018997824546948192,0.000823741651652065,0.00038548495839971567,0.0010338234151606469,0.003597021965145721,0.003976978456084685,0.005130920391528945,0.0018902332836262473,0.0018635961222244427,0.0005322406400851375,0.0008925962009359786,0.0003759357873311456,0.0005598829773888966,0.0005714425002613793,0.0008564098684656022,0.00042368164267400296,0.0018671142378812854,0.0007056334831723604,0.0028381141591697478,0.005100262526519321,0.0021284599723895674,0.004148360947368,0.0008925962009359786,0.0024511214369171003,0.0024928362368482285,0.003486452615930679,0.0016786437562647354,0.001390660860354647,0.0019244092642927164,0.003706083550507831,0.0028838496627086978,0.0027501612677486922,0.0027561923231604214,0.0038910359164675383,0.002624514280004325,0.0020676468303212937,0.000673467854309804,0.00045031880407581104,0.0020239216785862546,0.0021666566566638547,0.0017243792598036854,0.003084382255148706,0.003147205749020889,0.0030974495418741206,0.002933605869855466,0.0018349486090187273,0.0011519315836403515,0.001697742098401879,0.001535406190236158,0.003399002312460599,0.0014665516409522444,0.0018233890861462446,0.0014077488506878816,0.0027883579520229795,0.0021782161795363356,0.0003814642547918974,0.0025446027957989076,0.0004045833005368593,0.0006950791362018358,0.0004950491317128047,0.002780819132758317,0.0013082364363943434,0.0006026029532219812,0.0033150701246473634,0.004817808098069984,0.0009956267308863596,0.004512737211826663,0.0016630635297844344,0.0016424574237943572,0.0029049583566497506,0.0017012602140587217,0.0042322931351812376,0.0005352561677910012,0.0011137348993660642,0.0018118295632737636,0.0008353011745245477,0.0002975320669786584,0.005932045585387026,0.0035668666880870736,0.0047434250813253205,0.0014761008120208162,0.003385432437784209,0.00020003000448903102,0.0014590128216875834,0.0014610231734914925,8.946065527399086e-05,0.001285619978600357,0.004396639395150869,0.0033226089439120244,0.0005493286304183685,0.0015776235781182653,0.0038337408900561074,0.001682161871921578,0.005493286304183699,0.0034578051027249635,0.0007840372035248476,0.0011579626390520806,0.0011197659547777933,0.0008981246683967305,0.0007629285095837914,0.0022219413312713748,0.0037367414155174573,0.0027677518460329023,0.0028531917976990714,0.0003015527705864801,0.0003699047319194147,0.0018766634089498573,0.0010489010536899705,0.00043473857759550663,0.0005453079268105503,0.000873497858798835,0.0018274097897540646,0.0015238466673636753,0.001028294947699895,0.003089910722609458,0.006881936812734435,0.00500125270017676,0.0022887855287513775,0.0037804665672524964,0.00024425774417504917,0.002172687712075584,0.002376738420172435,0.004220733612308757,0.0010011551983471114,0.0032693346211084134,0.0041272522534269475,0.0027582026749643305,0.0014037281470800616,0.002832585691708996,0.003183392081491267,0.0019027979824006846,0.002357640078035291,0.00384127970932077,0.001794741572940529,0.002331002916633485,0.005340499567086548,0.0022716975384181447,0.002943155040924038,0.0014761008120208162,0.0038221813671836264,0.0020887555242623465,0.002555659730720413,0.0017796639344112054,0.0009212437141416941,0.0005684269725555122,0.0004694171462129547,0.003706083550507831,0.0014494636506190116,0.0029944190119237397,0.0011539419354442606,0.002819015817032604,0.0030175380576687033,0.0009519015791513204,0.0009021453720045505,0.001489670686697208,0.0020847348206545265,0.0002050558839988073,0.001951046425694521,0.0013047183207375006,0.0010946365572289205,0.0019188807968319645,0.0021706773602716747,0.003700052495096102,0.004785642469207428,0.001175050629385315,0.004080008986035066,0.0005387742834478439,0.0007212137096526648,0.0006980946639076994,0.001335376185747127,0.0011207711306797478,0.0011484134679835088,0.0009307928852102659,0.001184599800453887,0.0036105918398221127,0.003738249179370389,0.0048007201077367515,0.006654767058892621,0.0015183181999029235,0.00024023704056722744,0.0005523441581242357,0.0008679693913380832,0.001531385486628338,0.0010167354248274123,0.0025425924439949985,0.0002879828959100883,0.0005302302882812249,0.003915662726065434,0.0013579926435411116,0.0009423524080827486,0.0005855149628887467,0.0015776235781182653,0.0005930537821534111,0.00038548495839971567,0.0013047183207375006,0.0022752156540749875,0.001428354956677957,0.0012036981425910306,0.004251391477318381,0.0012569724653946415,0.0005417898111537076,0.0019284299679005364,0.003194951604363748,0.0008468606973970304,0.0009468756996415459,0.0013941789760114898,0.0002115895273615137,0.0008448503455931195,0.0005513389822222811,0.0023707073647607057,0.0017545345368623327,0.001991253461772719,0.0012418948268653179,0.0012514439979338897,0.0017796639344112054,0.0008393218781323694,0.0020294501460470064,0.00179273122113662,0.004092071096858524,0.0015142974962951035,0.0005724476761633339,0.0036181306590867754,0.0020942839917230983,0.005195754237205039,0.004268479467651616,0.003559327868822411,0.0007945915504953723,0.0005684269725555122,0.0007513689867113121,0.0005548570978791238,0.0016057685033730035,0.0028974195373850896,0.0008468606973970304,0.001384629804942918,0.0027582026749643305,0.004989693177304279,0.0023782461840253667,0.004684622291060956,0.0005855149628887467,0.0007935863745934177,0.00017188507923429283,0.0008679693913380832,0.0018138399150776727,0.0010891080897681687,0.003036636399805847,0.00020003000448903102,0.002780819132758317,0.004572042590042005,0.0015982296841083408,0.0007257370012114621,0.0025064061115246204,0.001020253540484255,0.002248578492673181,0.000806653661318834,0.0016706023490490954,0.0015756132263143544,0.0006312504664276984,0.0012016877907871197,0.0036181306590867754,0.002784839836366137,0.003702062846900011,0.001592701216647589,0.00042368164267400296,0.00042518940652693654,0.0009478808755435005,0.0009725076851413959,0.002163138541007012,0.0025461105596518412,0.0023782461840253667,0.0003261795801843756,0.0007247318253095041,0.0014057384988839707,0.002172687712075584,0.0036754256854982063,0.0006674367988980731,0.002303863167280703,0.0013715625182175034,0.001093631381326966,0.0017851924018719573,0.0018213787343423354,0.0008468606973970304,0.003289940727098489,0.0053711574320961745,0.0027044257642097422,0.003994066446417919,0.0023747280683685257,0.0014725826963639735,0.000332713223547082,0.0014791163397266816,0.00025179656343971013,0.0011368539451110278,0.0016329082527257854,0.0036734153336942955,0.003440717112391729,0.002876310843444035,0.0025883279475339485,0.0013464331206686306,0.00048650513654618574,0.0024948465886521394,0.001467556816854199,0.0003643762644586629,0.0011252944222385451,0.0011403720607678688,0.00017540319489113554,0.0010604605765624532,0.0006619083314373213,0.00037191508372332385,0.0024013652297703303,0.0010584502247585423,0.0012072162582478733,0.001274060455727876,0.0010679993958271142,0.0004920336040069376,0.0021636411289579893,0.0012625009328553934,0.0011901282679146388,0.004016682904211906,0.0035055509580678226,0.0027466431520918495,0.003601042668753541,--,--,--
162,0.0020711649459781364,0.0006598979796334122,0.002582799480073195,0.0030476933347273506,0.0027903683038268887,0.00320450077543232,0.002214402512006714,0.0014459455349621689,0.0018103217994208318,0.0004674067944090421,0.0010011551983471114,0.000806653661318834,0.0006558772760255939,0.0007478508710544694,0.0011368539451110278,0.0029466731565808806,0.001384629804942918,0.001138864296914937,0.0019626059485670037,0.0015660640552457826,0.0019244092642927164,0.0008202235359952258,0.002420463571907474,0.0017872027536758681,0.001535406190236158,0.002406893697231082,0.00043875928120332836,0.001636426368382628,0.0017872027536758681,0.0015851623973829262,0.004611747038169224,0.0027677518460329023,0.0015012302095696907,0.0025043957597207112,0.0013409046532078788,0.0019681344160277555,0.0006036081291239358,0.0004261945824288911,0.0008428399937892104,0.001327334778531487,0.001024274244092075,0.0007589078059759731,0.003970947400672956,0.0019741654714394846,0.002161128189203103,0.0008011251938580821,0.0018902332836262473,0.0013142674918060725,0.0010453829380331278,0.004425286908356585,0.001485649983089388,0.00420213785812259,0.0018751556450969237,0.003078351199736977,0.003934761068202577,0.005130920391528945,0.0021284599723895674,0.002248578492673181,0.004823839153481715,0.0009041557238084613,0.001028294947699895,0.00013921686242075737,0.0013921686242075806,0.0010338234151606469,0.0029165178795222332,0.00028597254410617917,0.002142029847065959,0.00629792961369862,0.00185605730295978,0.0003397494548607674,0.0009820568562099678,0.0014193083735603625,0.0008488710492009395,0.00015831520455790102,0.0007589078059759731,0.0008689745672400377,0.00040056259692904106,0.004333313313327708,0.0015047483252265317,0.0016022503877161608,0.0013524641760803598,0.0012625009328553934,0.00204854848818415,0.0007297577048192803,0.0015142974962951035,0.0006407996374962685,0.0011137348993660642,0.002823036520640424,0.0017052809176665417,0.0016329082527257854,0.0027124671714253822,0.0038126321961150546,0.0030572425057959225,0.0016670842333922527,0.0003050708862433228,0.0011785687450421578,0.0011901282679146388,0.000515152649751903,0.0010604605765624532,0.00219530416986957,0.003994066446417919,0.003093931426217278,0.0025405820921910894,0.0008051458974659004,0.0013177856074629152,0.0033628159799902226,0.0024812767139757476,0.000507111242536263,0.0007609181577798822,0.0024430800297014603,0.0018847048161654955,0.0019817042907041473,0.0019339584353612882,0.002258127663741753,0.0019857249943119673,0.0024320230947799566,0.0011539419354442606,0.0018178606186854927,0.0015087690288343517,0.0015032405613735998,0.0007513689867113121,0.0003578426210959565,0.00045182656792874115,0.0002477758598318919,0.0022199309794674656,0.002361158193692134,0.0031984697200205907,0.002361158193692134,0.004419255852944854,0.001886212580018429,0.00215358936993844,0.001253956937688776,0.00022415422613595096,0.0001432375660285791,0.001443935183158258,0.0020711649459781364,0.002821026168836515,0.0005548570978791238,0.00033371839944903656,0.0023918160587017585,0.0033492461053138307,0.0021837446469970875,0.003139666929756228,0.002406893697231082,0.0007724776806523649,0.0010911184415720778,0.0014514740024229207,0.0008011251938580821,0.0013047183207375006,0.0020616157749095646,0.0017892131054797773,0.005365126376684445,0.0019681344160277555,0.004776093298138856,0.0017585552404701527,0.0015660640552457826,0.002363168545496043,0.0008413322299362785,0.0015258570191675862,0.0004749456136737065,0.0009307928852102659,0.00219932487347739,0.0012207861329242634,0.0007553896903191304,0.0026968869449450796,0.0035573175170185017,0.0013464331206686306,0.0011222788945326814,0.0008946065527398895,0.0032788837921769853,0.0006503488085648421,0.00219932487347739,0.0012514439979338897,0.0008946065527398895,0.0010393518826213987,0.003595514201292789,0.002765741494228993,0.0035744055073517345,0.001342915005011788,0.0014037281470800616,0.0009966319067883141,0.00019550671293023375,0.0007734828565543195,0.00037191508372332385,0.0009689895694845532,0.0033723651510587944,0.0036146125434299327,0.004907771341294951,0.0017585552404701527,0.0017339284308722572,0.0005473182786144594,0.0008182131841913132,0.0003528167415861802,0.0005729502641143094,0.0005548570978791238,0.0007971044902502604,0.00041212211980152375,0.0017223689079997745,0.0005990848375651385,0.0027541819713565122,0.004903750637687131,0.00204854848818415,0.0038357512418600165,0.000869979743141994,0.0023345210322903275,0.002309894222692432,0.0032673242693045043,0.0015640537034418735,0.0013142674918060725,0.0019319480835573773,0.003555307165214591,0.002739104332827187,0.002557670082524322,0.002559680434328233,0.003658337695164972,0.0024280023911721366,0.0019359687871651973,0.0006121521242905548,0.0004442877486640802,0.0019741654714394846,0.0019681344160277555,0.00160426073952007,0.0029124971759144132,0.0029602430312572724,0.0030290975805411843,0.0027963993592386178,0.001743477601940829,0.0010604605765624532,0.0015680744070496935,0.0013770909856782552,0.0032235991175694634,0.0014610231734914925,0.0017243792598036854,0.0012931587978650197,0.0025863175957300377,0.002101822810987761,0.00038699272225264925,0.0023877953550939385,0.00043875928120332836,0.0006543695121726603,0.0005166604136048365,0.002576768424661466,0.0011976670871793015,0.0005950641339573202,0.0031110194165505124,0.004711259452462762,0.0009574300466120723,0.004272500171259434,0.0015258570191675862,0.0016424574237943572,0.002713974935278314,0.0016077788551769126,0.0039985897379767165,0.000506608654585284,0.0010765433909937314,0.0017776535826072963,0.0008393218781323694,0.00028245442844933646,0.005599834949790921,0.0032693346211084134,0.0045966693996399004,0.0014152876699525425,0.00324621557536345,0.00019249118522437006,0.0014193083735603625,0.0013620133471489316,7.99114842054173e-05,0.0011634911065128324,0.004154392002779731,0.003177863614030515,0.0005533493340261902,0.001489670686697208,0.0036317005337631655,0.0015866701612358598,0.005170624839656166,0.0033075313053827007,0.0007629285095837914,0.001134843593307117,0.0010107043694156832,0.0008523891648577822,0.0008106743649266522,0.0021093616302524237,0.0036658765144296345,0.002618985812543573,0.0027582026749643305,0.0003528167415861802,0.0003699047319194147,0.0017449853657937608,0.0010529217572977905,0.00046338609080122384,0.0005091215943401721,0.0009021453720045505,0.0017128197369312027,0.0015163078480990144,0.000964968865876735,0.0029642637348650924,0.006397442027992159,0.0046559747778552405,0.0021359987916542283,0.00344272746419564,0.000249786211635801,0.0020847348206545265,0.0022887855287513775,0.004129262605230857,0.0009634611020238014,0.0030019578311884024,0.003910134258604682,0.0025521416150635703,0.0013238166628746443,0.002626524631808236,0.002967781850521935,0.00174699571759767,0.002161128189203103,0.0036146125434299327,0.0017012602140587217,0.0022676768348103248,0.004957024960490743,0.0022470707288202493,0.0027788087809544077,0.0014459455349621689,0.0036678868662335436,0.0019455179582337691,0.0024320230947799566,0.0017459905416957154,0.000831783058867705,0.0005739554400162675,0.0004613757389973147,0.003494494023146319,0.0013504538242764506,0.002775290665297565,0.0011423824125717796,0.0026320530992689876,0.002784839836366137,0.0008966169045437986,0.0008564098684656022,0.0014037281470800616,0.001987232758164899,0.00022013352252812923,0.00180077262835226,0.0012720501039239652,0.0010468907018860614,0.0018309279054109073,0.00199879228103738,0.0034120695991860135,0.0045393743732284695,0.0011328332415032078,0.003912144610408593,0.0005262095846734066,0.0006865351410352168,0.0006714575025058948,0.0012529517617868215,0.001093631381326966,0.0011770609811892242,0.0008714875069949259,0.001182589448649976,0.003289940727098489,0.0035286700038127863,0.004415737737288013,0.006330597830512156,0.0014208161374132961,0.0002296826935967028,0.0005216862931146093,0.0008488710492009395,0.0015278673709714953,0.0009443627598866577,0.0023822668876331866,0.0002613457345082837,0.0004844947847422766,0.0037096016661646736,0.0013293451303353961,0.0009403420562788378,0.0005357587557419802,0.0015047483252265317,0.0005417898111537076,0.00035482709339008933,0.0012358637714535887,0.002115392685664153,0.0013238166628746443,0.0011041857282974923,0.0040056259692904,0.0012685319882671225,0.0005930537821534111,0.0017183482043919545,0.003087900370805549,0.0007574000421230395,0.0008669642154361286,0.0013197959592668243,0.00021561023096933196,0.0007212137096526648,0.0005357587557419802,0.002258127663741753,0.001735436194725189,0.0018847048161654955,0.0011102167837092215,0.0012016877907871197,0.0016213487298533044,0.0007780061481131167,0.0019208911486358737,0.0017681044115387245,0.003922698957379119,0.0014419248313543489,0.0005684269725555122,0.00340101266426451,0.001995274165380539,0.004888672999157807,0.004154392002779731,0.003385432437784209,0.0008076588372207885,0.0005644062689476939,0.0007036231313684513,0.0005262095846734066,0.0015374165420400671,0.0027677518460329023,0.0007629285095837914,0.001278081159335696,0.002521483750053944,0.004714777568119605,0.0022505888444770902,0.004425286908356585,0.0005438001629576167,0.0007860475553287567,0.00021359987916542283,0.000861938335926354,0.0018118295632737636,0.0010604605765624532,0.0029069687084536614,0.00019098342137143648,0.0027999174748954605,0.0044519240697583895,0.001489670686697208,0.0006724626784078494,0.002307883870888521,0.0009519015791513204,0.002085739996556483,0.0007875553191816903,0.001539426893843978,0.0015142974962951035,0.0006483384567609295,0.0011403720607678688,0.003330147763176687,0.0027501612677486922,0.003587472794077149,0.0014534843542268298,0.00044227739686017106,0.00046539644260513297,0.0009137048948770331,0.0008925962009359786,0.001955067129302341,0.0024586602561817612,0.0022470707288202493,0.00033170804764512743,0.0007056334831723604,0.001335376185747127,0.0021304703241934765,0.003601042668753541,0.0006352711700355167,0.00219932487347739,0.0012444077666202043,0.0010690045717290687,0.001647985891255109,0.0017012602140587217,0.0007287525289173258,0.003093931426217278,0.005145998030058269,0.002571239957200714,0.003793533853977911,0.0022279723866831056,0.0014057384988839707,0.00033070287174317287,0.0013826194531390088,0.0002367189249103882,0.0010891080897681687,0.001542945009500819,0.003391463493195938,0.0032653139175005935,0.002725534458150795,0.002523494101857855,0.001263506108757348,0.0004920336040069376,0.002365178897299954,0.0014112669663447243,0.00039654189332121934,0.0010564398729546332,0.0010835796223074168,0.0001829420141557965,0.0009820568562099678,0.0006543695121726603,0.000341257218713701,0.002214402512006714,0.0009594403984159814,0.001134843593307117,0.0012303353039928352,0.0009996474344941796,0.0005015827750755111,0.0020369889653116674,0.001134843593307117,0.0011539419354442606,0.0038186632515267837,0.003219578413961645,0.0026627109642786122,0.003385432437784209,--,--,--
163,0.001959087832910161,0.0005950641339573202,0.002319443393761004,0.0029124971759144132,0.0025938564149947003,0.0029104868241105024,0.0020314604978509156,0.0012951691496689288,0.0016288875491179654,0.0004694171462129547,0.0009172230105338741,0.0007704673288484558,0.0005940589580553657,0.0007096541867801821,0.0010931287933759887,0.002674270487151095,0.0013770909856782552,0.000964968865876735,0.0018158502668815836,0.0015298777227754062,0.00179675192474444,0.0008051458974659004,0.0021877653506049075,0.0017912234572836881,0.0013921686242075806,0.002212392160202803,0.00041212211980152375,0.00160426073952007,0.0016957317465979699,0.0014343860120896862,0.003984517275349347,0.0024757482465149958,0.0013579926435411116,0.0022832570612906257,0.0012569724653946415,0.001808311447616921,0.0005473182786144594,0.0004608731510463357,0.0008277623552598867,0.0012685319882671225,0.0009443627598866577,0.0007287525289173258,0.003680954152958958,0.0018671142378812854,0.0019857249943119673,0.0007971044902502604,0.0016801515201176672,0.0012494336461299788,0.001012714721219594,0.004052869236682282,0.0014112669663447243,0.004003615617486491,0.0018289175536069981,0.002927574814443737,0.0033703547992548835,0.004649943722443511,0.002101822810987761,0.0020711649459781364,0.004583602112914486,0.000823741651652065,0.0009634611020238014,0.00015831520455790102,0.0013067286725414115,0.0009840672080138786,0.002786850188170046,0.0002744130212336965,0.0018158502668815836,0.005874750558975595,0.0017072912694704508,0.00032215887657655734,0.0010051759019549314,0.0013484434724725398,0.0008126847167305613,0.0001467556816854218,0.0007287525289173258,0.0008363063504265023,0.0003814642547918974,0.004112174614897624,0.0014152876699525425,0.0014208161374132961,0.0012549621135907324,0.0012227964847281742,0.001883699640263541,0.0007307628807212349,0.0013826194531390088,0.000566416620751603,0.0010604605765624532,0.0027009076485528995,0.0015776235781182653,0.0016022503877161608,0.002365178897299954,0.00364476782048858,0.002889880718120427,0.0016499962430590199,0.0003050708862433228,0.001127304774042456,0.0012187757811203542,0.00045986797514438113,0.000978538740553125,0.0020178906231745238,0.0037648863407721937,0.0029411446891201287,0.0023385417358981475,0.000782026851720935,0.0013218063110707352,0.003128107406883745,0.0022928062323591975,0.0005397794593497984,0.0007131723024370248,0.0021304703241934765,0.0018118295632737636,0.0018806841125576755,0.0018274097897540646,0.00204854848818415,0.0018480158957441418,0.002151579018134531,0.0011956567353753906,0.0016233590816572135,0.0014208161374132961,0.0013177856074629152,0.0007237266494075495,0.00032718475608633016,0.00045031880407581104,0.000249786211635801,0.002010351803909863,0.0023501012587706285,0.0030557347419429906,0.002052066603840993,0.0040739779306233365,0.00179675192474444,0.002101822810987761,0.0011665066342186978,0.0002211386984300838,0.00015831520455790102,0.0012569724653946415,0.0018847048161654955,0.0026893481256804186,0.000499572423271602,0.0002899932477139974,0.002004823336449111,0.0031683144429619434,0.002060108011056631,0.003021056173325546,0.0021465531386247547,0.0006810066735744649,0.0009709999212884641,0.001396189327815399,0.0007478508710544694,0.0012474232943260697,0.001886212580018429,0.0016630635297844344,0.004930387799088937,0.00189777210289091,0.004574052941845914,0.0015756132263143544,0.0014449403590602143,0.002216412863810623,0.0007619233336818368,0.0014705723445600644,0.0004407696330072375,0.0009021453720045505,0.0021762058277324265,0.0011594704029050142,0.0007322706445741685,0.0025863175957300377,0.0035211311845481236,0.0013027079689335915,0.0010423674103272641,0.0008468606973970304,0.003087900370805549,0.000616172827898373,0.0020389993171155783,0.0011881179161107296,0.0007991148420541695,0.0009996474344941796,0.0033532668089216507,0.002771269961689745,0.00335527716072556,0.0012645112846593042,0.0012951691496689288,0.000941347232180794,0.00020405070809685275,0.0007011101916135631,0.00034879603797836195,0.0009157152466809423,0.003128107406883745,0.003242697459706607,0.004675073119992384,0.00160024003591225,0.001592701216647589,0.0005493286304183685,0.0007383016999858959,0.00032416922838046647,0.0005694321484574702,0.0005257069967224276,0.0007192033578487522,0.00040056259692904106,0.0015107793806382625,0.0004885154883500983,0.0026054159378671813,0.0047037206331981,0.0019776835870963273,0.0035191208327442144,0.0008297727070637959,0.002202842989134231,0.002142029847065959,0.003042164867266599,0.0014459455349621689,0.001184599800453887,0.0019208911486358737,0.0032653139175005935,0.002580789128269286,0.002365178897299954,0.002376738420172435,0.0034276498256663145,0.0022375215577516774,0.0018063010958130118,0.0005493286304183685,0.00043473857759550663,0.0019148600932241445,0.001743477601940829,0.0014685619927561552,0.0026551721450139513,0.0026757782510040268,0.0029622533830611815,0.0026531617932100404,0.0016595454141275917,0.0009725076851413959,0.0014494636506190116,0.0012227964847281742,0.0030461855708744188,0.0014665516409522444,0.0016288875491179654,0.0011328332415032078,0.0023345210322903275,0.0020143725075176828,0.0004060910643897929,0.002208874044545962,0.0004749456136737065,0.0005970744857612294,0.0005282199364773157,0.0023802565358292775,0.0010986572608367405,0.0005799864954279949,0.0028933988337772696,0.004566011534630274,0.0008966169045437986,0.003976978456084685,0.001396189327815399,0.0016424574237943572,0.0024968569404560485,0.0015163078480990144,0.0036412497048317373,0.0004643912667031784,0.0010463881139350841,0.0017449853657937608,0.0008373115263284568,0.0002744130212336965,0.005012309635098263,0.002784839836366137,0.0044519240697583895,0.001342915005011788,0.003080361551540886,0.00018696271776361822,0.0013750806338743461,0.0012625009328553934,7.237266494075634e-05,0.001022263892288166,0.0038930462682714474,0.002975320669786596,0.0005473182786144594,0.0014037281470800616,0.0034216187702545853,0.0014761008120208162,0.0048047408113445714,0.0031663040911580325,0.0007322706445741685,0.0011177556029738842,0.0009001350202006413,0.0007971044902502604,0.000869979743141994,0.0019776835870963273,0.0035648563362831627,0.0024757482465149958,0.0026511514414061313,0.0004025729487329502,0.00035834520904693204,0.0016057685033730035,0.0010529217572977905,0.0004940439558108502,0.0004674067944090421,0.0009519015791513204,0.0015680744070496935,0.0014725826963639735,0.0008584202202695113,0.0028627409687676433,0.0058249943518288265,0.004443882662542751,0.001991253461772719,0.0030974495418741206,0.00025833020680241653,0.0019817042907041473,0.0021932938180656593,0.0040438226535646875,0.0009172230105338741,0.0026797989546118468,0.003605063372361361,0.002321453745564913,0.001216765429316445,0.002418453220103565,0.002729555161758615,0.0016032555636181153,0.00194350760642986,0.003330147763176687,0.0016138099105886417,0.002204853340938142,0.004552944247904861,0.00219932487347739,0.002616975460739664,0.0014037281470800616,0.00345629733887203,0.0017701147633426336,0.0022867751769474684,0.0016907058670881936,0.0007227214735055949,0.0005855149628887467,0.00045182656792874115,0.003242697459706607,0.0012434025907182497,0.0025446027957989076,0.0011102167837092215,0.002477758598318905,0.0025174630464461258,0.0008106743649266522,0.0007971044902502604,0.0013102467881982525,0.0018751556450969237,0.00023822668876331832,0.001640447071990448,0.0012494336461299788,0.0009820568562099678,0.0017128197369312027,0.001804290744009101,0.003072822732276225,0.004270489819455525,0.0011041857282974923,0.0037287000083018173,0.0005056034786833294,0.0006407996374962685,0.0006468306929079994,0.001186610152257796,0.0010860925620623033,0.0011464031161795996,0.0008086640131227431,0.0011443927643756888,0.002933605869855466,0.003284412259637737,0.004015175140358972,0.005973760385318156,0.0012951691496689288,0.00021762058277324456,0.000491028428104983,0.0008297727070637959,0.0014992198577657798,0.000873497858798835,0.002212392160202803,0.00025380691524361926,0.0004462981004679893,0.003440717112391729,0.0013067286725414115,0.0009403420562788378,0.0004900232522030284,0.0014514740024229207,0.0004824844329383675,0.00033170804764512743,0.0011594704029050142,0.00194752831003768,0.0011212737186307251,0.0009765283887492159,0.0037327207119096373,0.0012569724653946415,0.0006619083314373213,0.0014972095059618707,0.0030059785347962224,0.0006674367988980731,0.0007669492131916131,0.0012464181184241151,0.00021912834662617467,0.0005950641339573202,0.0004960543076147593,0.002147558314526711,0.0016766334044608245,0.0017530267730094008,0.0010051759019549314,0.0011328332415032078,0.0014610231734914925,0.0007056334831723604,0.001808311447616921,0.0017339284308722572,0.0036955292035373045,0.0013006976171296807,0.0005357587557419802,0.003135646226148408,0.0018138399150776727,0.004516757915434483,0.004075988282427246,0.0032080188910891625,0.000823741651652065,0.0005533493340261902,0.0006448203411040902,0.0004920336040069376,0.0014650438770993125,0.002622503928200416,0.0006810066735744649,0.0011785687450421578,0.002252599196281001,0.00440417821441553,0.0021189108013209956,0.004173490344916875,0.0005056034786833294,0.0007553896903191304,0.00025380691524361926,0.0008488710492009395,0.00180077262835226,0.0010413622344253096,0.002735083629219367,0.0001698747274303837,0.002765741494228993,0.004373520349405906,0.0013770909856782552,0.0006005926014180721,0.0020942839917230983,0.000865959039534174,0.001895761751087001,0.0007704673288484558,0.001386640156746827,0.0014514740024229207,0.0006558772760255939,0.0010509114054938814,0.003021056173325546,0.002725534458150795,0.0034713749774013553,0.0013142674918060725,0.00046539644260513297,0.0004885154883500983,0.0008810366780634977,0.0007840372035248476,0.0017278973754605263,0.0023405520877020566,0.0020349786135077583,0.00030708123804723195,0.0006181831797022821,0.0012494336461299788,0.0020751856495859547,0.003492483671342408,0.0006026029532219812,0.0020847348206545265,0.0011031805523955378,0.001035833766964556,0.0014761008120208162,0.0015851623973829262,0.0006523591603687512,0.002828564988101176,0.004903750637687131,0.0024415722658485284,0.0036105918398221127,0.0020847348206545265,0.001342915005011788,0.0003367339271549037,0.0012836096267964479,0.000208071411704671,0.0010262845958959842,0.0014459455349621689,0.003131625522540588,0.002990900896266897,0.0024812767139757476,0.002422473923711385,0.0011680143980716297,0.0005015827750755111,0.0022294801505360375,0.0013534693519823143,0.0004292101101347548,0.0009725076851413959,0.0010167354248274123,0.00019651188883218831,0.0008870677334752268,0.0006312504664276984,0.0003015527705864801,0.0020334708496548264,0.000869979743141994,0.0010911184415720778,0.0011614807547089233,0.0009212437141416941,0.0005015827750755111,0.001875658233047901,0.001012714721219594,0.0011137348993660642,0.0035246493002049663,0.002864751320571554,0.0024988672922599594,0.003173842910422695,--,--,--
164,0.001840477076479479,0.0005533493340261902,0.0020792063531937747,0.002660700612474703,0.0024873077693874767,0.002727544809954706,0.0019399894907730173,0.0011675118101206524,0.0015811416937751063,0.0004729352618697939,0.0008513839889558276,0.000707643834976273,0.0005634010930457393,0.000673467854309804,0.001022263892288166,0.002410914400838902,0.0012434025907182497,0.0009363213526710178,0.001808311447616921,0.0014705723445600644,0.0016881929273333072,0.000831783058867705,0.00194752831003768,0.0016766334044608245,0.001281599274992537,0.0020219113267823437,0.00038347460659580654,0.0015504838287654817,0.0016193383780493936,0.0013635211110018652,0.0036889955601745964,0.0023249718612217557,0.0013409046532078788,0.0021229315049288155,0.0011675118101206524,0.0016097892069808217,0.0005186707654087457,0.0004885154883500983,0.0008141924805834949,0.001184599800453887,0.0008981246683967305,0.0007096541867801821,0.003700052495096102,0.0017851924018719573,0.0018158502668815836,0.0008202235359952258,0.0015565148841772108,0.0011519315836403515,0.0009443627598866577,0.0035703848037439145,0.001338894301403968,0.003848818528585431,0.0017148300887351135,0.0028913884819733587,0.003231137936834126,0.004459462889023052,0.002159117837399192,0.001960595596763093,0.004270489819455525,0.0007468456951525149,0.0008795289142105658,0.00017942389849895726,0.0012132473136596024,0.0009478808755435005,0.002672260135347184,0.0002899932477139974,0.0018103217994208318,0.005649591156937691,0.001689700691186239,0.00033170804764512743,0.0009539119309552296,0.0012665216364632133,0.0007438301674466477,0.0001467556816854218,0.0006905558446430385,0.0008850573816713177,0.0003774435511840757,0.0039825069235454365,0.001342915005011788,0.0014419248313543489,0.001175050629385315,0.001123284070434636,0.0017500112453035354,0.0006885454928391294,0.0012795889231886279,0.0005342509918890466,0.0009880879116216969,0.0025938564149947003,0.0015012302095696907,0.0015715925227065344,0.0022546095480849102,0.0035055509580678226,0.0027466431520918495,0.0015695821709026253,0.0003090915898511411,0.0011041857282974923,0.0012036981425910306,0.00045031880407581104,0.0009172230105338741,0.0018575650668127136,0.00349801213880316,0.002807456294160123,0.002269687186614234,0.0007704673288484558,0.0012494336461299788,0.002920035995179074,0.002157107485595283,0.0005684269725555122,0.000673467854309804,0.0018922436354301582,0.0017108093851272935,0.0017736328789994763,0.0017203585561958654,0.001991253461772719,0.0017701147633426336,0.0020143725075176828,0.001065989044023205,0.0014590128216875834,0.0013715625182175034,0.0011901282679146388,0.0007011101916135631,0.0003015527705864801,0.00042518940652693654,0.0002708949055768538,0.0018882229318223382,0.002357640078035291,0.003087900370805549,0.0018847048161654955,0.003852839232193251,0.0017299077272644372,0.0019414972546259492,0.001024274244092075,0.00021912834662617467,0.0001698747274303837,0.001127304774042456,0.0017660940597348136,0.0025023854079168004,0.00042518940652693654,0.00035834520904693204,0.0019073212739594819,0.003072822732276225,0.001960595596763093,0.0029084764723065933,0.00197316029553753,0.0006312504664276984,0.0008724926828968804,0.0013177856074629152,0.0007116645385840913,0.0012494336461299788,0.0018022803922051918,0.0016057685033730035,0.004673062768188475,0.0017872027536758681,0.004365981530141243,0.0014494636506190116,0.001331355482139307,0.0020942839917230983,0.0007247318253095041,0.0014037281470800616,0.00041212211980152375,0.0009328032370141768,0.00210785386639949,0.001186610152257796,0.0007192033578487522,0.0024757482465149958,0.0033628159799902226,0.0012112369618556915,0.0009880879116216969,0.0007971044902502604,0.0029104868241105024,0.0006000900134670931,0.0019223989124888055,0.0011443927643756888,0.0007840372035248476,0.0010468907018860614,0.003242697459706607,0.0027521716195526014,0.003087900370805549,0.001216765429316445,0.0012052059064439624,0.000861938335926354,0.0002146050550673774,0.0006779911458686012,0.00033020028379219385,0.0009116945430731223,0.0030099992384040406,0.0030039681829923115,0.004402167862611621,0.0015374165420400671,0.0014801215156286362,0.0005628985050947603,0.0006789963217705558,0.00030708123804723195,0.0005608881532908512,0.000506608654585284,0.0006372815218394258,0.0003814642547918974,0.0014343860120896862,0.00046539644260513297,0.002565208901788985,0.004276520874867254,0.0018847048161654955,0.0032653139175005935,0.0007935863745934177,0.00204854848818415,0.002056087307448811,0.002769259609885836,0.0013293451303353961,0.0011026779644445605,0.0019414972546259492,0.0031185582358151734,0.0024908258850443194,0.0022430500252124293,0.0021802265313402465,0.0032080188910891625,0.0020827244688506174,0.0016459755394512,0.0004960543076147593,0.00043674892939941923,0.0017851924018719573,0.001594711568451498,0.0014992198577657798,0.0026627109642786122,0.0024717275429071758,0.0029029480048458414,0.0025747580728575567,0.0015680744070496935,0.000869979743141994,0.0012971795014728397,0.0010911184415720778,0.002832585691708996,0.001478111163824727,0.0015258570191675862,0.0010946365572289205,0.002216412863810623,0.0020254294424391864,0.00042167129087009383,0.0020294501460470064,0.0004885154883500983,0.0005322406400851375,0.000556867449683033,0.0021917860542127274,0.001022263892288166,0.0005895356664965684,0.0026571824968178604,0.004462981004679895,0.0008925962009359786,0.0038282124225953555,0.0013218063110707352,0.0015866701612358598,0.0023269822130256666,0.001436396363893597,0.003243200047657586,0.0004538369197326503,0.0010318130633567377,0.0016957317465979699,0.0008639486877302632,0.00028597254410617917,0.004871585008824574,0.0025903382993378576,0.004179018812377627,0.0013122571400021633,0.0029104868241105024,0.0001698747274303837,0.0013162778436099833,0.0011368539451110278,6.885454928391363e-05,0.0009880879116216969,0.003662358398772792,0.002834093455561928,0.0006121521242905548,0.0014037281470800616,0.0032653139175005935,0.0014208161374132961,0.0044479033661505695,0.0029371239855123087,0.000707643834976273,0.0010720200994349342,0.000823741651652065,0.0007589078059759731,0.0009001350202006413,0.0018806841125576755,0.0035723951555478254,0.002357640078035291,0.0026395919185336486,0.00043674892939941923,0.00039654189332121934,0.0015087690288343517,0.0009689895694845532,0.0005342509918890466,0.00043875928120332836,0.0009840672080138786,0.0014841422192364562,0.001327334778531487,0.0008543995166616913,0.002775290665297565,0.005428452458507605,0.004091065920956569,0.0018731452932930145,0.0027828294845622277,0.00025833020680241653,0.0018309279054109073,0.002096294343527009,0.003934761068202577,0.000861938335926354,0.0025330432729264267,0.003446748167803458,0.002168667008467764,0.0011212737186307251,0.0022546095480849102,0.002525504453661764,0.0014534843542268298,0.0018103217994208318,0.0030039681829923115,0.0015278673709714953,0.002099812459183852,0.00409307627276048,0.002200832637330322,0.0026054159378671813,0.0014494636506190116,0.003288432963245557,0.001590690864843678,0.002138009143458139,0.0016248668455101471,0.0006714575025058948,0.0005588778014869421,0.0004312204619386674,0.002981351725198325,0.001180579096846067,0.002452629200770032,0.0011157452511699733,0.002460670607985672,0.0023229615094178466,0.0007609181577798822,0.0007247318253095041,0.0012338534196496779,0.00175101642120549,0.0002633560863121928,0.0014610231734914925,0.001224304248581106,0.0009519015791513204,0.0016193383780493936,0.0017299077272644372,0.0029582326794533632,0.004035781246349049,0.001074030451238845,0.003431167941323157,0.0004920336040069376,0.0006387892856923594,0.0006292401146237858,0.001134843593307117,0.0010720200994349342,0.0011464031161795996,0.0007609181577798822,0.0011730402775814042,0.0027501612677486922,0.0031587652718933715,0.00369854473124317,0.005640041985869119,0.0012227964847281742,0.00022214387433204183,0.0004473032763699439,0.0007840372035248476,0.0014097592024917907,0.0007955967263973268,0.0020676468303212937,0.000249786211635801,0.00043875928120332836,0.003196961956167659,0.0012474232943260697,0.0009021453720045505,0.00046539644260513297,0.0013695521664135943,0.00045182656792874115,0.00034728827412542837,0.0010795589186995969,0.0017374465465290981,0.0011177556029738842,0.0009689895694845532,0.003612602191626022,0.001232345655796746,0.000764938861387704,0.001335376185747127,0.0028421348627775678,0.0006005926014180721,0.0007679543890935676,0.0011700247498755405,0.00024425774417504917,0.0005513389822222811,0.000499572423271602,0.002010351803909863,0.0016766334044608245,0.0016439651876472908,0.0009594403984159814,0.0010489010536899705,0.0013504538242764506,0.000665426447094164,0.0016233590816572135,0.0016499962430590199,0.003488462967734588,0.001224304248581106,0.0005628985050947603,0.0029562223276494524,0.0018847048161654955,0.004217215496651914,0.00389656438392829,0.002981351725198325,0.0007599129818779277,0.0005513389822222811,0.0005779761436240857,0.0004729352618697939,0.0013921686242075806,0.002456649904377852,0.0006332608182316075,0.0011484134679835088,0.0020751856495859547,0.004179018812377627,0.0019721551196355755,0.0038337408900561074,0.0004885154883500983,0.0007458405192505603,0.00029200359951790655,0.0008141924805834949,0.0017148300887351135,0.0010413622344253096,0.0026013952342593613,0.0001849523659597091,0.0027883579520229795,0.004129262605230857,0.0012931587978650197,0.000548323454516414,0.0019319480835573773,0.0008106743649266522,0.0016967369224999244,0.000715182654240934,0.0012876303304042679,0.0013981996796193098,0.0006714575025058948,0.0009574300466120723,0.002874300491640126,0.002727544809954706,0.0033055209535787916,0.001226314600385017,0.00046338609080122384,0.0004940439558108502,0.0008543995166616913,0.0007036231313684513,0.0015585252359811216,0.0021917860542127274,0.0019761758232433955,0.00028245442844933646,0.0006312504664276984,0.0012016877907871197,0.0019892431099688083,0.0033281374113727762,0.0005970744857612294,0.001959087832910161,0.0010298027115528269,0.0009307928852102659,0.001373070282070437,0.0014630335252954017,0.0005684269725555122,0.002725534458150795,0.0047017102813941905,0.0023501012587706285,0.003389453141392027,0.0019319480835573773,0.0012971795014728397,0.00034226239461565555,0.0012378741232574979,0.00020606105990076187,0.0009689895694845532,0.0013941789760114898,0.0029582326794533632,0.002943155040924038,0.0023958367623095785,0.002273707890222054,0.001095641733130875,0.00046338609080122384,0.002101822810987761,0.0012549621135907324,0.00043473857759550663,0.0009137048948770331,0.0009348135888180859,0.00021762058277324456,0.000865959039534174,0.0006714575025058948,0.00028245442844933646,0.001995274165380539,0.0007991148420541695,0.0010850873861603487,0.0011026779644445605,0.0008755082106027458,0.0004960543076147593,0.00167562822855887,0.0009614507502198923,0.0010624709283663623,0.0033608056281863117,0.002720005990690043,0.002414935104446722,0.003027087228737275,--,--,--
165,0.0017490060694015808,0.0005322406400851375,0.0019379791389691082,0.0025064061115246204,0.0024511214369171003,0.002612954757131844,0.00189375139928309,0.001070009747631025,0.0015585252359811216,0.00048047408113445836,0.0008247468275540196,0.000665426447094164,0.0005377691075458893,0.000657887627829503,0.0009614507502198923,0.002218423215614534,0.0011976670871793015,0.0009423524080827486,0.0018253994379501554,0.001432375660285777,0.0016233590816572135,0.0008413322299362785,0.0017721251151465445,0.0016439651876472908,0.001216765429316445,0.00189777210289091,0.0003759357873311456,0.0015524941805693908,0.00160024003591225,0.001338894301403968,0.0034849448520777454,0.0022314905023399466,0.0013484434724725398,0.0020178906231745238,0.001123284070434636,0.0014650438770993125,0.000506608654585284,0.0005141474738499484,0.0008257520034559776,0.0011443927643756888,0.0009001350202006413,0.0007247318253095041,0.00374980870224287,0.001739456898333009,0.0017052809176665417,0.0008468606973970304,0.0014761008120208162,0.0010966469090328296,0.0009172230105338741,0.0032442052235595407,0.0013122571400021633,0.003809114080458212,0.0016575350623236808,0.0028989273012380214,0.003177863614030515,0.004379048816866658,0.0022470707288202493,0.0019148600932241445,0.004062418407750854,0.0006960843121037903,0.0008277623552598867,0.00020204035629294015,0.001169019573973586,0.0009458705237395913,0.0026320530992689876,0.000299542418782571,0.00180077262835226,0.005512384646320843,0.0016801515201176672,0.00035683744519400193,0.0009212437141416941,0.001216765429316445,0.0006925661964469476,0.00015429450095008276,0.0006845247892313076,0.0009403420562788378,0.0003814642547918974,0.003944310239271149,0.0013197959592668243,0.0015067586770304425,0.0011252944222385451,0.0010489010536899705,0.0016620583538824781,0.0006503488085648421,0.0012132473136596024,0.0005056034786833294,0.0009443627598866577,0.0025521416150635703,0.0014761008120208162,0.0015756132263143544,0.0021762058277324265,0.0034638361581366926,0.0027009076485528995,0.0015504838287654817,0.00031864076091971463,0.0011026779644445605,0.0012187757811203542,0.0004407696330072375,0.0008870677334752268,0.0017530267730094008,0.00335527716072556,0.002784839836366137,0.0022546095480849102,0.0007971044902502604,0.0012036981425910306,0.0027979071230915514,0.0020711649459781364,0.0005990848375651385,0.0006523591603687512,0.0017148300887351135,0.001682161871921578,0.0017183482043919545,0.0016650738815883435,0.0020294501460470064,0.0017660940597348136,0.00194350760642986,0.0010453829380331278,0.0013715625182175034,0.0013750806338743461,0.0011082064319053123,0.0007001050157116086,0.00029351136337084013,0.00041865576316423014,0.0003030605344394137,0.0018349486090187273,0.0024259920393682258,0.003196961956167659,0.0017736328789994763,0.003751819054046781,0.0017108093851272935,0.0018233890861462446,0.000923254065945605,0.00022616457793986008,0.0001764083707930901,0.0010413622344253096,0.0017148300887351135,0.0024395619140446176,0.0003759357873311456,0.00044830845227189844,0.0018465081318912082,0.0030497036865312615,0.00189375139928309,0.002876310843444035,0.00185203659935196,0.0006086340086337121,0.0008086640131227431,0.001285619978600357,0.0006940739602998812,0.0012795889231886279,0.0017681044115387245,0.0015489760649125498,0.004533845905767716,0.0017339284308722572,0.004211184441240185,0.0013464331206686306,0.0012504388220319351,0.0020219113267823437,0.0007086490108782276,0.001396189327815399,0.00040056259692904106,0.0009745180369453068,0.00210785386639949,0.0012207861329242634,0.000707643834976273,0.0024797689501228157,0.0033130597728434526,0.0011770609811892242,0.0009709999212884641,0.0007704673288484558,0.0027828294845622277,0.0006131573001925093,0.0018691245896851946,0.0011082064319053123,0.0007840372035248476,0.001074030451238845,0.003219578413961645,0.002834093455561928,0.0028933988337772696,0.0012036981425910306,0.0011559522872481715,0.0008247468275540196,0.00022867751769474823,0.0006895506687410839,0.00032065111272362376,0.0009267721816024459,0.0029562223276494524,0.002929585166247646,0.004205655973779431,0.0015087690288343517,0.0014193083735603625,0.0005970744857612294,0.0006468306929079994,0.000299542418782571,0.0005634010930457393,0.0005101267702421267,0.0005895356664965684,0.0003814642547918974,0.0013941789760114898,0.00045031880407581104,0.0026013952342593613,0.003959890465751452,0.0018253994379501554,0.0030612632094037424,0.0007704673288484558,0.00194350760642986,0.0020178906231745238,0.002582799480073195,0.0012685319882671225,0.001074030451238845,0.0019857249943119673,0.003080361551540886,0.002470219779054244,0.00214956866633062,0.0020389993171155783,0.0030592528575998333,0.001959087832910161,0.0015183181999029235,0.0004613757389973147,0.00044227739686017106,0.0017128197369312027,0.0015218363155597662,0.0015278673709714953,0.002674270487151095,0.002372717716564615,0.0029069687084536614,0.002571239957200714,0.0015012302095696907,0.0008011251938580821,0.0011901282679146388,0.0010031655501510223,0.002722016342493954,0.0015163078480990144,0.0014725826963639735,0.0010795589186995969,0.0021666566566638547,0.00204452778457633,0.0004312204619386674,0.0019148600932241445,0.0005056034786833294,0.00048047408113445836,0.0005895356664965684,0.002069657182125203,0.0009709999212884641,0.0005895356664965684,0.0025425924439949985,0.0044363438432780886,0.0009116945430731223,0.00375382940585069,0.0012760708075317852,0.0015736028745104453,0.0022294801505360375,0.0014002100314232189,0.0029285799903456915,0.00045886279924242657,0.0010413622344253096,0.0017052809176665417,0.0009061660756123704,0.0002899932477139974,0.004810269278805323,0.002525504453661764,0.004062418407750854,0.0013082364363943434,0.0028059485303071896,0.00015831520455790102,0.0013047183207375006,0.0010549321091016996,6.885454928391363e-05,0.0009765283887492159,0.0036105918398221127,0.002786850188170046,0.0006810066735744649,0.0014343860120896862,0.00325023627897127,0.0014172980217564534,0.004200127506318679,0.0028039381785032805,0.0007096541867801821,0.0010453829380331278,0.0008086640131227431,0.0007458405192505603,0.0009423524080827486,0.0018329382572148164,0.003658337695164972,0.00230034505162386,0.0026853274220725986,0.0004694171462129547,0.00043473857759550663,0.0014745930481678843,0.000923254065945605,0.0005759657918201766,0.00042368164267400296,0.0010509114054938814,0.0014650438770993125,0.0012418948268653179,0.0008905858491320695,0.002713974935278314,0.005138459210793608,0.003965418933212204,0.00180077262835226,0.002561690786132142,0.00026536643811610194,0.0017243792598036854,0.0020334708496548264,0.003915662726065434,0.0008373115263284568,0.0024395619140446176,0.0033608056281863117,0.002052066603840993,0.0010870977379642578,0.002161128189203103,0.0023862875912410066,0.0013524641760803598,0.0017148300887351135,0.002824544284493356,0.001478111163824727,0.002058097659252722,0.003807103728654301,0.0022505888444770902,0.002672260135347184,0.0015183181999029235,0.0032004800718245015,0.0014630335252954017,0.002052066603840993,0.0015982296841083408,0.0006448203411040902,0.0005533493340261902,0.0004312204619386674,0.002828564988101176,0.0011539419354442606,0.0024415722658485284,0.0011594704029050142,0.0024873077693874767,0.0021782161795363356,0.0007362913481819867,0.0006749756181627375,0.0011881179161107296,0.0016630635297844344,0.0002879828959100883,0.0013293451303353961,0.0012358637714535887,0.0009458705237395913,0.0015449553613047298,0.0017012602140587217,0.0028974195373850896,0.00389656438392829,0.0010624709283663623,0.003280391556029917,0.0004844947847422766,0.000657887627829503,0.0006312504664276984,0.0011197659547777933,0.0010805640946015514,0.0011921386197185479,0.0007342809963780776,0.0012112369618556915,0.0026511514414061313,0.0031069987129426924,0.003444737815999549,0.005451068916301592,0.0011881179161107296,0.00022867751769474823,0.000424184230624982,0.0007589078059759731,0.0013559822917372025,0.000749358634907403,0.0019817042907041473,0.00024425774417504917,0.00042368164267400296,0.003084382255148706,0.001224304248581106,0.0008925962009359786,0.00044830845227189844,0.0013082364363943434,0.00043473857759550663,0.00036236591265475376,0.0010468907018860614,0.0016248668455101471,0.0011137348993660642,0.0009458705237395913,0.0035990323169496317,0.0012795889231886279,0.0008523891648577822,0.0012016877907871197,0.002771269961689745,0.0005533493340261902,0.0007960993143483058,0.0011318280656012532,0.0002668742019690355,0.0005206811172126548,0.0005131422979479938,0.0019495386618415891,0.0016992498622548109,0.0015736028745104453,0.0009157152466809423,0.0009820568562099678,0.0012891380942571997,0.0006503488085648421,0.0015032405613735998,0.0016097892069808217,0.003286422611441648,0.0012147550775125342,0.0005704373243594248,0.0028612332049147114,0.001955067129302341,0.004018693256015815,0.0038241917189875355,0.0028134873495718523,0.0007372965240839413,0.0005473182786144594,0.0005302302882812249,0.00048047408113445836,0.0013600029953450225,0.0023782461840253667,0.0006141624760944639,0.001129315125846365,0.0019817042907041473,0.004091065920956569,0.0018786737607537664,0.0035990323169496317,0.0004789663172815248,0.0007589078059759731,0.00031663040911580204,0.0007915760227895086,0.0016630635297844344,0.001077548566895686,0.002535053624730336,0.0002231490502339964,0.0028612332049147114,0.004030252778888296,0.0012454129425221606,0.0005091215943401721,0.0018213787343423354,0.000782026851720935,0.0015333958384322471,0.0006789963217705558,0.0012207861329242634,0.0013715625182175034,0.0007131723024370248,0.0008679693913380832,0.0028094666459640323,0.0027828294845622277,0.0032577750982359325,0.0011785687450421578,0.00046338609080122384,0.0005015827750755111,0.0008448503455931195,0.0006598979796334122,0.0014343860120896862,0.0021209211531249047,0.00194752831003768,0.00023068786949865736,0.0006292401146237858,0.0011901282679146388,0.0019817042907041473,0.003272852736765256,0.0005970744857612294,0.001886212580018429,0.0009720050971904187,0.0008649538636322177,0.0013238166628746443,0.001388650508550738,0.00048047408113445836,0.0026968869449450796,0.004577571057502757,0.0023269822130256666,0.0032557647464320216,0.0018711349414891037,0.0012971795014728397,0.00035382191748813477,0.0012187757811203542,0.00020957917555760458,0.0009363213526710178,0.0013921686242075806,0.0028496736820422305,0.002967781850521935,0.0023420598515549902,0.002204853340938142,0.001055937285003656,0.00043674892939941923,0.0020314604978509156,0.0012132473136596024,0.00045031880407581104,0.0008925962009359786,0.0008543995166616913,0.00023269822130256648,0.0008428399937892104,0.0007192033578487522,0.00029200359951790655,0.002000802632841291,0.0007418198156427386,0.0010986572608367405,0.0010644812801702715,0.000865959039534174,0.000499572423271602,0.0015163078480990144,0.0009363213526710178,0.0010584502247585423,0.003280391556029917,0.002620493576396505,0.002372717716564615,0.002920035995179074,--,--,--
166,0.0016555247105197717,0.000515152649751903,0.0018022803922051918,0.0023747280683685257,0.002412924752642813,0.0025174630464461258,0.0018575650668127136,0.0009956267308863596,0.0015163078480990144,0.0004885154883500983,0.0007945915504953723,0.0006217012953591249,0.0005196759413107002,0.0006468306929079994,0.0008946065527398895,0.002060108011056631,0.0011403720607678688,0.0009519015791513204,0.0018480158957441418,0.001384629804942918,0.001546965713108639,0.0008564098684656022,0.001636426368382628,0.001546965713108639,0.0011594704029050142,0.0017851924018719573,0.00037191508372332385,0.0015238466673636753,0.0015756132263143544,0.0013067286725414115,0.0033055209535787916,0.0021304703241934765,0.0013559822917372025,0.0019148600932241445,0.0010850873861603487,0.001342915005011788,0.0004940439558108502,0.0005453079268105503,0.000831783058867705,0.0011137348993660642,0.0008925962009359786,0.0007171930060448431,0.0037804665672524964,0.0017087990333233827,0.0016193383780493936,0.0008830470298674068,0.0013921686242075806,0.0010509114054938814,0.0008905858491320695,0.0029451653927279487,0.0012911484460611088,0.003763378576919262,0.001592701216647589,0.0028552021495029823,0.0031069987129426924,0.004268479467651616,0.002319443393761004,0.0018656064740283518,0.003850828880389342,0.0006523591603687512,0.0007800164999170259,0.00022716975384181465,0.001130822889699297,0.0009519015791513204,0.0025903382993378576,0.0003090915898511411,0.0017912234572836881,0.005393773889890161,0.0016535143587158626,0.0003794539029879883,0.0009001350202006413,0.0011675118101206524,0.0006448203411040902,0.00015831520455790102,0.0006769859699666467,0.0009820568562099678,0.00038347460659580654,0.0038679168707225747,0.0012931587978650197,0.001531385486628338,0.001074030451238845,0.0009840672080138786,0.0016012452118142062,0.0006282349387218313,0.0011710299257774951,0.0004900232522030284,0.0009001350202006413,0.0025023854079168004,0.0014399144795504398,0.001588680513039769,0.0020827244688506174,0.0034160903027938335,0.0026531617932100404,0.0015142974962951035,0.0003261795801843756,0.0010870977379642578,0.0011996774389832106,0.0004407696330072375,0.0008639486877302632,0.0016459755394512,0.0032004800718245015,0.002765741494228993,0.0022314905023399466,0.0007971044902502604,0.0011464031161795996,0.0027104568196214714,0.0020028129846452,0.0006312504664276984,0.0006332608182316075,0.0015218363155597662,0.0016308979009218762,0.0016555247105197717,0.00160024003591225,0.0020294501460470064,0.0017414672501369181,0.0018902332836262473,0.001012714721219594,0.0013027079689335915,0.0013695521664135943,0.0010393518826213987,0.0006980946639076994,0.0002879828959100883,0.00041413247160543287,0.00033020028379219385,0.0017565448886662418,0.002456649904377852,0.003231137936834126,0.0016746230526569154,0.003639239353027828,0.0016841722237254872,0.0017263896116075945,0.0008428399937892104,0.00023269822130256648,0.00018595754186166366,0.0009594403984159814,0.0016670842333922527,0.0022887855287513775,0.00034728827412542837,0.00048047408113445836,0.0017796639344112054,0.0030175380576687033,0.001854046951155871,0.0028572125013068914,0.0017635811199799272,0.0005990848375651385,0.0007684569770445467,0.0012454129425221606,0.000673467854309804,0.0013162778436099833,0.0017243792598036854,0.0014916810385011189,0.004406188566219441,0.0016650738815883435,0.004095086624564389,0.0012549621135907324,0.0011815842727480215,0.0019530567774984318,0.0007217162976036404,0.0013811116892860752,0.0003890030740565584,0.0009880879116216969,0.002105843514595581,0.0012514439979338897,0.0006905558446430385,0.002399354877966421,0.0032482259271673607,0.0011368539451110278,0.0009403420562788378,0.0007438301674466477,0.0026797989546118468,0.0006217012953591249,0.0018253994379501554,0.001070009747631025,0.0007840372035248476,0.0010755382150917769,0.0031758532622266043,0.002868772024179374,0.002717995638886134,0.0011881179161107296,0.0011122271355131323,0.0007860475553287567,0.0002432525682730946,0.0007001050157116086,0.0003111019416550502,0.0009443627598866577,0.002933605869855466,0.002811476997767943,0.003994066446417919,0.0015067586770304425,0.0013579926435411116,0.0006217012953591249,0.0006181831797022821,0.00029351136337084013,0.0005789813195260403,0.0005111319461440812,0.0005548570978791238,0.000366386616262572,0.001373070282070437,0.00044227739686017106,0.002607426289671092,0.003684974856566778,0.0017640837079309045,0.002868772024179374,0.0007553896903191304,0.0018349486090187273,0.001996781929233471,0.002416442868299654,0.0012112369618556915,0.0010549321091016996,0.001991253461772719,0.0030175380576687033,0.0024259920393682258,0.002105843514595581,0.0019073212739594819,0.0029165178795222332,0.00185203659935196,0.0014112669663447243,0.00043674892939941923,0.00045031880407581104,0.0016268771973140563,0.0014570024698836725,0.0015374165420400671,0.002666229079935455,0.0022928062323591975,0.002868772024179374,0.0025270122175146976,0.0014419248313543489,0.0007589078059759731,0.0010911184415720778,0.0009212437141416941,0.002618985812543573,0.0015449553613047298,0.0014152876699525425,0.0010564398729546332,0.0021359987916542283,0.0020369889653116674,0.00045031880407581104,0.0018118295632737636,0.0005111319461440812,0.00044227739686017106,0.0006181831797022821,0.0019776835870963273,0.0009328032370141768,0.0006005926014180721,0.0024259920393682258,0.004318235674798384,0.0009001350202006413,0.003658337695164972,0.001239884475061407,0.0015585252359811216,0.002155097133791372,0.0013484434724725398,0.0026596954365727486,0.0004674067944090421,0.0010413622344253096,0.0017278973754605263,0.0009348135888180859,0.0002975320669786584,0.004730357794599906,0.0024415722658485284,0.00394632059107506,0.001285619978600357,0.0026838196582196668,0.0001467556816854218,0.0013082364363943434,0.0009880879116216969,7.237266494075634e-05,0.0009689895694845532,0.003555307165214591,0.002729555161758615,0.0007383016999858959,0.0014459455349621689,0.003231137936834126,0.001388650508550738,0.003992056094614008,0.002735083629219367,0.0007247318253095041,0.0010091966055627514,0.0007724776806523649,0.0007287525289173258,0.0009689895694845532,0.001798762276548349,0.0036774360373021155,0.0022470707288202493,0.002715985287082223,0.0004920336040069376,0.00047695596547761565,0.001436396363893597,0.0008810366780634977,0.0006121521242905548,0.00041413247160543287,0.0011006676126406496,0.0014268471928250252,0.0011655014583167433,0.0009001350202006413,0.002620493576396505,0.004886662647353898,0.00384127970932077,0.0017299077272644372,0.0023802565358292775,0.00027391043328271747,0.0016193383780493936,0.0019761758232433955,0.0038774660417911465,0.0008011251938580821,0.0023229615094178466,0.003293961430706309,0.001964616300370913,0.0010413622344253096,0.002058097659252722,0.0022430500252124293,0.0012645112846593042,0.0016173280262454844,0.0026360738028768076,0.001428354956677957,0.0020254294424391864,0.003549778697753839,0.002264158719153482,0.0027029180003568104,0.0015600329998340535,0.003078351199736977,0.0013579926435411116,0.0019892431099688083,0.0015685769950006707,0.0006217012953591249,0.0005473182786144594,0.00043674892939941923,0.0026797989546118468,0.001127304774042456,0.002408904049034993,0.0011675118101206524,0.0024948465886521394,0.00204854848818415,0.000715182654240934,0.0006292401146237858,0.0011579626390520806,0.0015756132263143544,0.0003080864139491865,0.0012147550775125342,0.001224304248581106,0.0009267721816024459,0.0014821318674325453,0.0016595454141275917,0.0028552021495029823,0.0037573475215075328,0.0010453829380331278,0.003133635874344497,0.0004789663172815248,0.0006845247892313076,0.0006277323507708557,0.0011026779644445605,0.0010785537427976406,0.0012132473136596024,0.0007116645385840913,0.0012072162582478733,0.0025385717403871785,0.003068802028668405,0.003238676756098789,0.00524500785640083,0.0011539419354442606,0.00024526292007700373,0.00040508588848783833,0.0007247318253095041,0.0013142674918060725,0.000715182654240934,0.00190179280649873,0.0002462680959789583,0.000408101416193702,0.002979341373394416,0.0011901282679146388,0.0008830470298674068,0.0004407696330072375,0.0012549621135907324,0.0004327282257915975,0.0003910134258604675,0.0010107043694156832,0.001531385486628338,0.0010870977379642578,0.0009116945430731223,0.0035648563362831627,0.0012836096267964479,0.0009096841912692132,0.0011061960801014015,0.002722016342493954,0.0005091215943401721,0.0008212287118971803,0.0010850873861603487,0.0003015527705864801,0.0005035931268794203,0.0005166604136048365,0.0018731452932930145,0.0017223689079997745,0.0015238466673636753,0.0008830470298674068,0.000919233362337785,0.001228324952188926,0.0006352711700355167,0.001388650508550738,0.0015776235781182653,0.0031004650695799843,0.0011881179161107296,0.0005950641339573202,0.002720005990690043,0.0019379791389691082,0.0038377615936639273,0.0037347310637135464,0.0026797989546118468,0.0007011101916135631,0.0005417898111537076,0.0005131422979479938,0.0004844947847422766,0.0013197959592668243,0.002305873519084612,0.0006026029532219812,0.001129315125846365,0.0018882229318223382,0.003969439636820024,0.0017872027536758681,0.003387442789588118,0.00047695596547761565,0.0007840372035248476,0.00033170804764512743,0.0007764983842601832,0.001590690864843678,0.0011082064319053123,0.0024757482465149958,0.00025732503090046197,0.002868772024179374,0.0038950566200753583,0.0011901282679146388,0.0004643912667031784,0.0017183482043919545,0.0007629285095837914,0.0014007126193741962,0.0006448203411040902,0.0011675118101206524,0.0013409046532078788,0.0007398094638388295,0.0008086640131227431,0.002763731142425084,0.0027999174748954605,0.003187412785099087,0.001130822889699297,0.00046539644260513297,0.000499572423271602,0.000823741651652065,0.0006292401146237858,0.001327334778531487,0.0020410096689194874,0.0019495386618415891,0.00019651188883218831,0.0006312504664276984,0.001169019573973586,0.0019701447678316646,0.003181381729687358,0.0006101417724866422,0.0018118295632737636,0.0009126997189750786,0.0007955967263973268,0.0012705423400710333,0.0013102467881982525,0.0004045833005368593,0.0026948765931411704,0.004462981004679895,0.0022847648251435593,0.0031205685876190842,0.0018118295632737636,0.0013047183207375006,0.00036035556085084464,0.0012132473136596024,0.000208071411704671,0.0009001350202006413,0.0013791013374821661,0.0027330732774154577,0.002965771498718024,0.0022983346998199494,0.0021359987916542283,0.0010192483645823005,0.00042167129087009383,0.0019530567774984318,0.0011710299257774951,0.00045986797514438113,0.0008679693913380832,0.0008031355456619912,0.0002477758598318919,0.0008332908227206386,0.0007513689867113121,0.00029552171517474926,0.0019761758232433955,0.000707643834976273,0.0011177556029738842,0.001024274244092075,0.0008508814010048486,0.0004960543076147593,0.001384629804942918,0.0009212437141416941,0.0010468907018860614,0.00320450077543232,0.0025290225693186067,0.0023229615094178466,0.002824544284493356,--,--,--
167,0.0015585252359811216,0.0005015827750755111,0.0016726127008530062,0.0022676768348103248,0.002368697012956795,0.0024430800297014603,0.0018329382572148164,0.0009383317044749286,0.0014534843542268298,0.0004940439558108502,0.0007589078059759731,0.0005759657918201766,0.0005091215943401721,0.0006387892856923594,0.0008202235359952258,0.0019319480835573773,0.0010720200994349342,0.0009689895694845532,0.0018751556450969237,0.0013293451303353961,0.0014570024698836725,0.000877518562406655,0.001542945009500819,0.001388650508550738,0.0011102167837092215,0.0016861825755293963,0.0003678943801155056,0.0014650438770993125,0.0015489760649125498,0.0012625009328553934,0.0031527342164816407,0.0020239216785862546,0.0013600029953450225,0.0018138399150776727,0.0010489010536899705,0.0012454129425221606,0.0004844947847422766,0.0005814942592809284,0.0008353011745245477,0.0010911184415720778,0.0008755082106027458,0.0006905558446430385,0.00379554420578182,0.001697742098401879,0.0015585252359811216,0.0009287825334063568,0.0013067286725414115,0.0010107043694156832,0.000865959039534174,0.002670249783543275,0.0012720501039239652,0.0037116120179685828,0.0015238466673636753,0.002761720790621173,0.0030135173540608833,0.0041312729570347675,0.0023802565358292775,0.0018103217994208318,0.003635218649420008,0.0006141624760944639,0.0007322706445741685,0.00025380691524361926,0.0010986572608367405,0.0009614507502198923,0.0025425924439949985,0.00032215887657655734,0.0017796639344112054,0.00529074335993978,0.0016097892069808217,0.00039855224512513193,0.0008870677334752268,0.0011197659547777933,0.0006005926014180721,0.00016032555636181015,0.0006714575025058948,0.0010117095453176378,0.0003814642547918974,0.003751819054046781,0.0012665216364632133,0.0015183181999029235,0.0010187457766313232,0.0009252644177495141,0.0015685769950006707,0.0006217012953591249,0.0011539419354442606,0.0004900232522030284,0.0008564098684656022,0.0024430800297014603,0.0013921686242075806,0.0016117995587847326,0.0019776835870963273,0.0033663340956470653,0.0026054159378671813,0.0014590128216875834,0.00033371839944903656,0.0010564398729546332,0.0011443927643756888,0.0004462981004679893,0.0008448503455931195,0.0015374165420400671,0.003034626048001938,0.0027426224484840295,0.002208874044545962,0.0007684569770445467,0.0010755382150917769,0.0026551721450139513,0.0019495386618415891,0.0006619083314373213,0.0006141624760944639,0.0013177856074629152,0.0015545045323733016,0.0015851623973829262,0.0015258570191675862,0.001991253461772719,0.001697742098401879,0.00185203659935196,0.000964968865876735,0.0012549621135907324,0.0013559822917372025,0.0009860775598177877,0.0006960843121037903,0.00028396219230227004,0.0004111169438995657,0.0003508063897822711,0.001652006594862929,0.0024450903815053694,0.0031909309007559297,0.001590690864843678,0.0035130897773324836,0.0016499962430590199,0.001652006594862929,0.0007840372035248476,0.00023923186466527288,0.0001985222406361009,0.0008810366780634977,0.0016248668455101471,0.002050558839988059,0.0003377391030568583,0.000457857623340472,0.0017052809176665417,0.002973310317982687,0.00183846672467557,0.0028516840338461396,0.0017062860935684963,0.0006005926014180721,0.0007533793385152213,0.0011941489715224587,0.0006468306929079994,0.0013600029953450225,0.0016670842333922527,0.0014343860120896862,0.004291598513396578,0.0015811416937751063,0.004018693256015815,0.0011730402775814042,0.0011262995981405014,0.0018882229318223382,0.000764938861387704,0.0013600029953450225,0.0003794539029879883,0.0009725076851413959,0.002099812459183852,0.0012705423400710333,0.000665426447094164,0.0022390293216046093,0.003169822206814875,0.0010921236174740324,0.0008956117286418441,0.0007192033578487522,0.0026013952342593613,0.0006277323507708557,0.00179273122113662,0.0010338234151606469,0.0007895656709855994,0.0010529217572977905,0.0031110194165505124,0.0028516840338461396,0.002561690786132142,0.0011730402775814042,0.0010755382150917769,0.0007428249915446931,0.00025581726704753185,0.0007096541867801821,0.0003030605344394137,0.0009574300466120723,0.002933605869855466,0.0026511514414061313,0.0037668966925761046,0.0015298777227754062,0.0012951691496689288,0.0006372815218394258,0.0005930537821534111,0.0002899932477139974,0.0006056184809278449,0.0005091215943401721,0.0005377691075458893,0.0003432675705176101,0.0013695521664135943,0.00043473857759550663,0.002582799480073195,0.003454286987068121,0.0017012602140587217,0.002681809306415756,0.0007478508710544694,0.0017203585561958654,0.001995274165380539,0.0022716975384181447,0.0011614807547089233,0.0010433725862292187,0.001959087832910161,0.002929585166247646,0.002357640078035291,0.002115392685664153,0.0017831820500680481,0.002780819132758317,0.0017640837079309045,0.0013218063110707352,0.00042368164267400296,0.00045986797514438113,0.0015278673709714953,0.0014037281470800616,0.0015298777227754062,0.0026395919185336486,0.0022335008541438574,0.002784839836366137,0.0024450903815053694,0.001390660860354647,0.0007438301674466477,0.0009996474344941796,0.0008488710492009395,0.002521483750053944,0.0015640537034418735,0.0013504538242764506,0.001022263892288166,0.0021209211531249047,0.001991253461772719,0.00048047408113445836,0.0017128197369312027,0.000507111242536263,0.00041865576316423014,0.0006428099893001776,0.0019148600932241445,0.0009041557238084613,0.000623711647163034,0.002307883870888521,0.004112174614897624,0.000861938335926354,0.003545757994146019,0.0012112369618556915,0.0015374165420400671,0.00210383316279167,0.001281599274992537,0.0024355412104367976,0.0004814792570364129,0.0010318130633567377,0.0017681044115387245,0.0009458705237395913,0.0003050708862433228,0.004627327264649525,0.0023385417358981475,0.0038262020707914447,0.0012434025907182497,0.0025481209114557504,0.00013368839496000554,0.0013258270146785552,0.0009363213526710178,8.192183600932643e-05,0.0009669792176806441,0.003494494023146319,0.0026627109642786122,0.0007860475553287567,0.001436396363893597,0.0032120395946969825,0.0013368839496000588,0.0038282124225953555,0.0027330732774154577,0.0007533793385152213,0.0009614507502198923,0.0007212137096526648,0.0007096541867801821,0.0009820568562099678,0.0017776535826072963,0.0036296901819592563,0.0021973145216734793,0.002731565513562526,0.000507111242536263,0.0005186707654087457,0.001396189327815399,0.0008543995166616913,0.0006407996374962685,0.00041011176799761115,0.0011368539451110278,0.001373070282070437,0.0010946365572289205,0.0008870677334752268,0.0024893181211913876,0.004673062768188475,0.0037176430733803136,0.0016610531779805236,0.0022430500252124293,0.00028245442844933646,0.0015163078480990144,0.0019264196160966255,0.0038186632515267837,0.0007574000421230395,0.0021802265313402465,0.00324621557536345,0.0019073212739594819,0.000980549092357036,0.0019455179582337691,0.002096294343527009,0.0011891230920126842,0.0015183181999029235,0.0024375515622407085,0.0013750806338743461,0.00199879228103738,0.0033205985921081153,0.0022450603770163384,0.0026948765931411704,0.0015756132263143544,0.002924056698786894,0.001278081159335696,0.00194752831003768,0.001535406190236158,0.0006046133050258903,0.0005417898111537076,0.0004462981004679893,0.0025330432729264267,0.0011006676126406496,0.002357640078035291,0.0011368539451110278,0.0024812767139757476,0.0019264196160966255,0.0006980946639076994,0.0005895356664965684,0.001138864296914937,0.001489670686697208,0.0003231640524785119,0.0011212737186307251,0.0011881179161107296,0.0008981246683967305,0.001430365308481868,0.0016022503877161608,0.002832585691708996,0.0036181306590867754,0.001020253540484255,0.002988890544462988,0.0004749456136737065,0.0007171930060448431,0.0006196909435552157,0.001081569270503506,0.0010654864560722278,0.0012092266100517824,0.0006925661964469476,0.0011614807547089233,0.002412924752642813,0.0030441752190705097,0.003082371903344797,0.005023869157970746,0.001123284070434636,0.00027190008147880834,0.00039000824995851294,0.0006769859699666467,0.001285619978600357,0.0006925661964469476,0.0018233890861462446,0.00025732503090046197,0.0003930237776643801,0.002881839310904787,0.0011484134679835088,0.000877518562406655,0.00043674892939941923,0.0012112369618556915,0.00044830845227189844,0.00043674892939941923,0.0009745180369453068,0.0014630335252954017,0.001035833766964556,0.0008639486877302632,0.0035095716616756426,0.0012418948268653179,0.0009328032370141768,0.0010468907018860614,0.0026933688292882386,0.0004709249100658848,0.000843845169691165,0.0010308078874547814,0.00034527792232151924,0.000499572423271602,0.0005131422979479938,0.0017816742862151163,0.0017449853657937608,0.0014972095059618707,0.000861938335926354,0.000861938335926354,0.0011710299257774951,0.0006196909435552157,0.0012836096267964479,0.0015585252359811216,0.002931595518051557,0.0011443927643756888,0.0006352711700355167,0.002535053624730336,0.0018309279054109073,0.0036698972180374528,0.003627679830155347,0.002576768424661466,0.0006503488085648421,0.0005342509918890466,0.0005262095846734066,0.0004824844329383675,0.0012705423400710333,0.0022355112059477666,0.0006026029532219812,0.0011403720607678688,0.001794741572940529,0.0038146425479189637,0.0016992498622548109,0.003196961956167659,0.00048650513654618574,0.000823741651652065,0.00033371839944903656,0.0007704673288484558,0.0014992198577657798,0.001134843593307117,0.002424484275515294,0.0002879828959100883,0.002819015817032604,0.0037251818926449746,0.001123284070434636,0.00041413247160543287,0.0016233590816572135,0.0007513689867113121,0.0012986872653257715,0.0006141624760944639,0.001129315125846365,0.0013067286725414115,0.000749358634907403,0.0007800164999170259,0.002739104332827187,0.002777301017101474,0.0030919210744133688,0.0010835796223074168,0.0004694171462129547,0.0004940439558108502,0.0007915760227895086,0.0006086340086337121,0.0012338534196496779,0.0019530567774984318,0.0019857249943119673,0.0001814342503028664,0.0006372815218394258,0.001134843593307117,0.001951046425694521,0.0030537243901390815,0.0006332608182316075,0.001735436194725189,0.0008513839889558276,0.0007237266494075495,0.0012132473136596024,0.001226314600385017,0.0003432675705176101,0.002717995638886134,0.004358442710876582,0.002216412863810623,0.002981351725198325,0.0017565448886662418,0.0013197959592668243,0.0003643762644586629,0.0012207861329242634,0.00020003000448903102,0.0008604305720734222,0.0013524641760803598,0.002612954757131844,0.002935616221659377,0.002260138015545662,0.002069657182125203,0.0009870827357197423,0.0004176505872622756,0.0018656064740283518,0.0011283099499444105,0.0004674067944090421,0.0008413322299362785,0.0007780061481131167,0.0002613457345082837,0.0008393218781323694,0.0007669492131916131,0.0002879828959100883,0.0019208911486358737,0.0006925661964469476,0.0011423824125717796,0.000980549092357036,0.000831783058867705,0.0004844947847422766,0.0012795889231886279,0.0009137048948770331,0.0010298027115528269,0.003139666929756228,0.0024491110851131894,0.002269687186614234,0.002739104332827187,--,--,--
168,0.0014610231734914925,0.0004789663172815248,0.0015142974962951035,0.002101822810987761,0.002303863167280703,0.002311904574496341,0.0017721251151465445,0.0008850573816713177,0.0013750806338743461,0.0004980646594186684,0.0007096541867801821,0.0005377691075458893,0.000499572423271602,0.0006257219989669466,0.0007212137096526648,0.0017585552404701527,0.0009689895694845532,0.0009745180369453068,0.0018922436354301582,0.0012514439979338897,0.0013464331206686306,0.0008966169045437986,0.0014152876699525425,0.0011996774389832106,0.0010413622344253096,0.001535406190236158,0.00035482709339008933,0.0013770909856782552,0.0014972095059618707,0.0011785687450421578,0.0030099992384040406,0.0019113419775673018,0.0013635211110018652,0.001689700691186239,0.0009976370826902687,0.0011177556029738842,0.0004643912667031784,0.0006217012953591249,0.0008332908227206386,0.0010489010536899705,0.0008488710492009395,0.0006523591603687512,0.003783984682909339,0.0016610531779805236,0.0014514740024229207,0.0009498912273474096,0.0012072162582478733,0.0009383317044749286,0.0008222338877991349,0.002359147841888223,0.0012434025907182497,0.003601042668753541,0.001436396363893597,0.002622503928200416,0.0028974195373850896,0.003955869762143632,0.0023802565358292775,0.0017203585561958654,0.00335527716072556,0.0005684269725555122,0.0006714575025058948,0.0002764233730376056,0.0010468907018860614,0.0009574300466120723,0.0024812767139757476,0.0003357287512529457,0.0017660940597348136,0.005165096372195414,0.0015776235781182653,0.00041413247160543287,0.0008584202202695113,0.0010549321091016996,0.0005493286304183685,0.00015831520455790102,0.0006428099893001776,0.0010006526103961341,0.000373925435527233,0.003545757994146019,0.0012187757811203542,0.0015183181999029235,0.0009519015791513204,0.0008468606973970304,0.001511784556540217,0.0006151676519964185,0.0011252944222385451,0.0004885154883500983,0.0007955967263973268,0.002353619374427471,0.0013293451303353961,0.0016022503877161608,0.00183846672467557,0.003227117233226306,0.0024893181211913876,0.0013750806338743461,0.0003377391030568583,0.0010167354248274123,0.0010911184415720778,0.0004538369197326503,0.0008106743649266522,0.0013981996796193098,0.0028094666459640323,0.002624514280004325,0.0021782161795363356,0.000715182654240934,0.0009860775598177877,0.0025446027957989076,0.0018575650668127136,0.0006925661964469476,0.0005895356664965684,0.0011122271355131323,0.0014534843542268298,0.001478111163824727,0.0014193083735603625,0.0019379791389691082,0.0016138099105886417,0.0017414672501369181,0.0008946065527398895,0.0011770609811892242,0.0013258270146785552,0.000919233362337785,0.0006840222012803321,0.0002729052573807629,0.0003975470692231739,0.0003699047319194147,0.0015183181999029235,0.002414935104446722,0.0030708123804723143,0.0014761008120208162,0.0033608056281863117,0.0015791313419711971,0.0015640537034418735,0.0007086490108782276,0.00024124221646918548,0.00021259470326346827,0.0007955967263973268,0.0015585252359811216,0.0017148300887351135,0.00032416922838046647,0.0004729352618697939,0.0016268771973140563,0.002889880718120427,0.0018022803922051918,0.0027788087809544077,0.0015992348600102953,0.0005950641339573202,0.0007287525289173258,0.001129315125846365,0.000616172827898373,0.0013921686242075806,0.001590690864843678,0.0014037281470800616,0.004099107328172209,0.0014474532988151007,0.0038910359164675383,0.001074030451238845,0.0010604605765624532,0.001808311447616921,0.000798109666152215,0.0013258270146785552,0.00036035556085084464,0.000964968865876735,0.0020636261267134737,0.0012665216364632133,0.0006352711700355167,0.0020827244688506174,0.003072822732276225,0.0010157302489254578,0.0008448503455931195,0.0006845247892313076,0.0025310329211225176,0.0006257219989669466,0.0017223689079997745,0.0009916060272785396,0.000816202832387404,0.001035833766964556,0.0029984397155315597,0.0027883579520229795,0.0023938264105056693,0.0011559522872481715,0.001020253540484255,0.0006845247892313076,0.0002678793778709901,0.0007171930060448431,0.00029351136337084013,0.0009539119309552296,0.0028838496627086978,0.0025064061115246204,0.0034713749774013553,0.0015218363155597662,0.0012132473136596024,0.0006468306929079994,0.0005493286304183685,0.00028396219230227004,0.0006282349387218313,0.0005025879509774657,0.0005015827750755111,0.0003090915898511411,0.0013333658339432161,0.0004312204619386674,0.0025023854079168004,0.0031587652718933715,0.0016268771973140563,0.0024586602561817612,0.0007322706445741685,0.0015962193323044317,0.0019796939389002365,0.0020807141170467083,0.0010891080897681687,0.0010011551983471114,0.0019495386618415891,0.0028401245109736586,0.002256619899888821,0.0020847348206545265,0.001634416016578719,0.0025903382993378576,0.0016595454141275917,0.0012227964847281742,0.0004060910643897929,0.00046338609080122384,0.0014152876699525425,0.0013197959592668243,0.001478111163824727,0.002614965108935753,0.002151579018134531,0.002666229079935455,0.0022963243480160402,0.0013067286725414115,0.0007171930060448431,0.0008810366780634977,0.0007609181577798822,0.002359147841888223,0.0015374165420400671,0.0012665216364632133,0.0009689895694845532,0.0020711649459781364,0.0019495386618415891,0.0005262095846734066,0.0015831520455790171,0.0005035931268794203,0.0003844797824977611,0.0006694471507019857,0.0018118295632737636,0.0008584202202695113,0.0006523591603687512,0.00215358936993844,0.00384127970932077,0.0008126847167305613,0.0033266296475198444,0.0011881179161107296,0.001493691390305028,0.0020465381363802392,0.001184599800453887,0.0021917860542127274,0.0004890180763010739,0.0010031655501510223,0.0017736328789994763,0.0009539119309552296,0.0003090915898511411,0.004474540527552376,0.002212392160202803,0.0036678868662335436,0.0012052059064439624,0.00234608055516281,0.0001181081684797046,0.0013197959592668243,0.0008564098684656022,9.147100707789999e-05,0.0009519015791513204,0.0033738729149117262,0.002511934578985372,0.0007875553191816903,0.0014002100314232189,0.0031130297683544216,0.0012665216364632133,0.0036181306590867754,0.002664721316082523,0.0007724776806523649,0.0009076738394653023,0.0006749756181627375,0.0006769859699666467,0.0009916060272785396,0.0017319180790683463,0.0035362088230774472,0.0021209211531249047,0.0026933688292882386,0.0005226914690165639,0.000556867449683033,0.001338894301403968,0.0008086640131227431,0.0006714575025058948,0.0004060910643897929,0.001180579096846067,0.0013238166628746443,0.0010051759019549314,0.0008543995166616913,0.002252599196281001,0.004367991881945154,0.0035171104809403036,0.0015660640552457826,0.0020465381363802392,0.0002879828959100883,0.0013941789760114898,0.0018575650668127136,0.003658337695164972,0.0006940739602998812,0.002010351803909863,0.003143185045413069,0.0018233890861462446,0.0008925962009359786,0.0018022803922051918,0.0019168704450280537,0.0010911184415720778,0.0013981996796193098,0.0021802265313402465,0.0013027079689335915,0.0019399894907730173,0.0029944190119237397,0.002168667008467764,0.0026395919185336486,0.0015982296841083408,0.0027406120966801204,0.0011710299257774951,0.0018635961222244427,0.0014886655107952534,0.0005779761436240857,0.0005282199364773157,0.0004462981004679893,0.002331002916633485,0.0010624709283663623,0.0022716975384181447,0.0011157452511699733,0.002416442868299654,0.0017736328789994763,0.0006694471507019857,0.0005493286304183685,0.0011006676126406496,0.001396189327815399,0.0003397494548607674,0.0010187457766313232,0.001123284070434636,0.0008543995166616913,0.001342915005011788,0.0015183181999029235,0.002773280313493656,0.0034482559316563917,0.0009860775598177877,0.0027677518460329023,0.00046640161850708753,0.0007307628807212349,0.0006046133050258903,0.001022263892288166,0.0010298027115528269,0.001186610152257796,0.0006558772760255939,0.0011082064319053123,0.0022546095480849102,0.0029486835083847914,0.002929585166247646,0.004684622291060956,0.001077548566895686,0.0002985372428806164,0.0003643762644586629,0.0006277323507708557,0.0012494336461299788,0.0006523591603687512,0.0017032705658626308,0.0002633560863121928,0.0003774435511840757,0.0027370939810232777,0.0010870977379642578,0.0008584202202695113,0.0004327282257915975,0.0011499212318364423,0.00046539644260513297,0.00047695596547761565,0.0009157152466809423,0.0013559822917372025,0.0010011551983471114,0.0008297727070637959,0.00339297125704887,0.001186610152257796,0.0009594403984159814,0.0009745180369453068,0.002618985812543573,0.0004292101101347548,0.0008508814010048486,0.000952906755053275,0.00038548495839971567,0.0004940439558108502,0.0005131422979479938,0.0016459755394512,0.0017374465465290981,0.0014514740024229207,0.0008332908227206386,0.000806653661318834,0.0010946365572289205,0.0005990848375651385,0.0011730402775814042,0.0015067586770304425,0.0027330732774154577,0.001077548566895686,0.0006789963217705558,0.0022812467094867166,0.0017183482043919545,0.003433178293127068,0.003435188644930977,0.0024546395525739412,0.0005865201387907013,0.0005473182786144594,0.0005302302882812249,0.0004749456136737065,0.0012052059064439624,0.002117403037468062,0.0005875253146926593,0.0011061960801014015,0.0016670842333922527,0.0035819443266163972,0.001590690864843678,0.0029506938601887005,0.0004920336040069376,0.0008543995166616913,0.00033371839944903656,0.0007533793385152213,0.0013941789760114898,0.0011539419354442606,0.0023440702033588993,0.00032065111272362376,0.002765741494228993,0.003480924148469927,0.0010298027115528269,0.0003678943801155056,0.0015012302095696907,0.0007267421771134167,0.0011996774389832106,0.0005739554400162675,0.0010891080897681687,0.0012494336461299788,0.0007362913481819867,0.0007267421771134167,0.0026893481256804186,0.0027029180003568104,0.0029466731565808806,0.0010262845958959842,0.0004749456136737065,0.0004885154883500983,0.0007589078059759731,0.0005910434303494985,0.0011177556029738842,0.0018178606186854927,0.001995274165380539,0.00016786437562647458,0.0006503488085648421,0.0010911184415720778,0.0019093316257633927,0.002880331547051855,0.0006543695121726603,0.001634416016578719,0.0007945915504953723,0.0006397944615943139,0.0011368539451110278,0.0010891080897681687,0.00027843372484151474,0.0026853274220725986,0.004179018812377627,0.0021324806759973874,0.0028019278266993713,0.0016630635297844344,0.0013122571400021633,0.0003673917921645266,0.0012122421377576478,0.00019651188883218831,0.0008126847167305613,0.0012986872653257715,0.0024852974175835676,0.002920035995179074,0.0021762058277324265,0.00199879228103738,0.0009373265285729741,0.0004045833005368593,0.0017414672501369181,0.0010644812801702715,0.0004789663172815248,0.0008011251938580821,0.0007438301674466477,0.0002744130212336965,0.0008428399937892104,0.0007553896903191304,0.0002899932477139974,0.00183846672467557,0.0006674367988980731,0.0011539419354442606,0.000923254065945605,0.0007955967263973268,0.00046338609080122384,0.0011760558052872697,0.0009021453720045505,0.0009976370826902687,0.0030592528575998333,0.002319443393761004,0.002212392160202803,0.002666229079935455,--,--,--
169,0.0013655314628057743,0.0004442877486640802,0.0014057384988839707,0.0019414972546259492,0.00219530416986957,0.0021802265313402465,0.0016595454141275917,0.0008523891648577822,0.001285619978600357,0.0004960543076147593,0.0006724626784078494,0.0005015827750755111,0.0005367639316439347,0.0006121521242905548,0.0006714575025058948,0.001592701216647589,0.000869979743141994,0.0010298027115528269,0.0019033005703516619,0.0011881179161107296,0.0012474232943260697,0.0009076738394653023,0.0013197959592668243,0.001070009747631025,0.0009840672080138786,0.0014017177952761525,0.00035834520904693204,0.0013027079689335915,0.0014399144795504398,0.001134843593307117,0.0028954091855811787,0.001808311447616921,0.0013449253568156988,0.0015545045323733016,0.0009554196948081631,0.0009996474344941796,0.0004473032763699439,0.0006493436326628875,0.000806653661318834,0.0010011551983471114,0.0007955967263973268,0.0006257219989669466,0.003639239353027828,0.0016138099105886417,0.0013770909856782552,0.0009725076851413959,0.0011137348993660642,0.0009096841912692132,0.0007764983842601832,0.0021344910278012965,0.0011956567353753906,0.0034045307799213526,0.0013333658339432161,0.0024948465886521394,0.0027582026749643305,0.0037307103601057264,0.002311904574496341,0.0016499962430590199,0.0030748330840801343,0.0005322406400851375,0.0006257219989669466,0.000299542418782571,0.0009976370826902687,0.0009423524080827486,0.002353619374427471,0.0003261795801843756,0.0017223689079997745,0.0049630560159024725,0.0014208161374132961,0.00044227739686017106,0.0008257520034559776,0.001022263892288166,0.0005779761436240857,0.00015077638529324006,0.0006141624760944639,0.0009157152466809423,0.0003699047319194147,0.0033035106017748807,0.0011730402775814042,0.0014419248313543489,0.0009041557238084613,0.0007780061481131167,0.0014389093036484835,0.0006015977773200266,0.0010946365572289205,0.0004940439558108502,0.0007096541867801821,0.002216412863810623,0.001281599274992537,0.0015851623973829262,0.0017223689079997745,0.0030572425057959225,0.002357640078035291,0.001274060455727876,0.00033170804764512743,0.0009765283887492159,0.0010468907018860614,0.00046539644260513297,0.000774488032456274,0.0012760708075317852,0.0025918460631907895,0.002509924227181463,0.002159117837399192,0.0006980946639076994,0.000923254065945605,0.002406893697231082,0.0017872027536758681,0.0007267421771134167,0.0005739554400162675,0.0009956267308863596,0.0013504538242764506,0.0013524641760803598,0.001335376185747127,0.00183846672467557,0.0015545045323733016,0.0016766334044608245,0.0008564098684656022,0.0011082064319053123,0.0013067286725414115,0.000865959039534174,0.0006694471507019857,0.0002613457345082837,0.0003844797824977611,0.0003643762644586629,0.0013791013374821661,0.0022887855287513775,0.0028421348627775678,0.0014152876699525425,0.0031587652718933715,0.0015122871444911944,0.001493691390305028,0.0006950791362018358,0.00023822668876331832,0.00023269822130256648,0.0007247318253095041,0.0014630335252954017,0.001485649983089388,0.0003357287512529457,0.0004025729487329502,0.0015258570191675862,0.002761720790621173,0.0017831820500680481,0.0026853274220725986,0.001531385486628338,0.0005950641339573202,0.0006970894880057449,0.0010338234151606469,0.0005814942592809284,0.0014268471928250252,0.0014534843542268298,0.0013620133471489316,0.003811124432262121,0.0013620133471489316,0.0036241617144985045,0.0009725076851413959,0.0010338234151606469,0.0017203585561958654,0.0008584202202695113,0.0012705423400710333,0.00034879603797836195,0.0009157152466809423,0.001996781929233471,0.0012052059064439624,0.0006196909435552157,0.001957077481106252,0.002933605869855466,0.0009353161767690632,0.0008076588372207885,0.0006428099893001776,0.0024948465886521394,0.0006217012953591249,0.0015620433516379626,0.0009403420562788378,0.000861938335926354,0.0010051759019549314,0.0028974195373850896,0.0026456229739453795,0.0021400194952620483,0.0011403720607678688,0.0009614507502198923,0.0006292401146237858,0.00028396219230227004,0.0006749756181627375,0.00029200359951790655,0.0009287825334063568,0.002727544809954706,0.002351609022623562,0.0031984697200205907,0.0014841422192364562,0.0011443927643756888,0.000673467854309804,0.000524701820820473,0.0002744130212336965,0.0006513539844667966,0.0004900232522030284,0.000457857623340472,0.00028245442844933646,0.0012549621135907324,0.00044227739686017106,0.0023862875912410066,0.002876310843444035,0.0015695821709026253,0.002307883870888521,0.0007096541867801821,0.001489670686697208,0.001895761751087001,0.0018806841125576755,0.0010011551983471114,0.0009554196948081631,0.0018847048161654955,0.0026360738028768076,0.0021455479627228,0.002008341452105952,0.0015012302095696907,0.0024797689501228157,0.0015791313419711971,0.0011559522872481715,0.00039855224512513193,0.0004729352618697939,0.0013409046532078788,0.001232345655796746,0.001396189327815399,0.0024948465886521394,0.002054076955644902,0.002507913875377554,0.00214956866633062,0.0012609931690024615,0.0007131723024370248,0.0007780061481131167,0.0006925661964469476,0.0021897757024088183,0.0014459455349621689,0.0011941489715224587,0.0009267721816024459,0.0019837146425080564,0.0018997824546948192,0.0004749456136737065,0.0014610231734914925,0.0004960543076147593,0.00036236591265475376,0.0006458255170060448,0.0017203585561958654,0.0008106743649266522,0.0006428099893001776,0.0020143725075176828,0.0035362088230774472,0.0007362913481819867,0.003072822732276225,0.0011519315836403515,0.0014630335252954017,0.0019857249943119673,0.0010564398729546332,0.002000802632841291,0.0005035931268794203,0.0009423524080827486,0.0017851924018719573,0.0009614507502198923,0.0002975320669786584,0.004184547279838378,0.0020751856495859547,0.003500022490607071,0.0011403720607678688,0.00215358936993844,0.00011056934921504363,0.0013047183207375006,0.0007875553191816903,0.00010102017814647007,0.0009172230105338741,0.0031411746936091597,0.0023249718612217557,0.0007684569770445467,0.0013750806338743461,0.0030059785347962224,0.001180579096846067,0.0034065411317252617,0.0025541519668674795,0.000831783058867705,0.0008564098684656022,0.0006387892856923594,0.0006277323507708557,0.0009267721816024459,0.0016957317465979699,0.0034025204281174417,0.002056087307448811,0.0025787787764653767,0.0005166604136048365,0.0005724476761633339,0.001327334778531487,0.0007860475553287567,0.0006905558446430385,0.0004176505872622756,0.0011976670871793015,0.0012514439979338897,0.0009498912273474096,0.000816202832387404,0.0020792063531937747,0.004123734137770105,0.003185402433295176,0.0014630335252954017,0.0018786737607537664,0.00028597254410617917,0.0012951691496689288,0.001804290744009101,0.0033587952763824026,0.0006619083314373213,0.001850026247548051,0.0030290975805411843,0.0017912234572836881,0.000831783058867705,0.001634416016578719,0.0017490060694015808,0.0010091966055627514,0.0012931587978650197,0.0019530567774984318,0.0012876303304042679,0.0018138399150776727,0.0026933688292882386,0.0020028129846452,0.002525504453661764,0.0015982296841083408,0.0025521416150635703,0.0010911184415720778,0.0017872027536758681,0.0014514740024229207,0.0005533493340261902,0.0005533493340261902,0.00043674892939941923,0.002142029847065959,0.001012714721219594,0.0021666566566638547,0.0010298027115528269,0.002269687186614234,0.0016706023490490954,0.0006428099893001776,0.0005186707654087457,0.001077548566895686,0.0013504538242764506,0.0003593503849488866,0.0009594403984159814,0.0010644812801702715,0.0008182131841913132,0.0013082364363943434,0.0014610231734914925,0.0026873377738765077,0.00325023627897127,0.0009212437141416941,0.002561690786132142,0.0004759507895756611,0.000764938861387704,0.0005910434303494985,0.0009458705237395913,0.0009709999212884641,0.0011655014583167433,0.0005990848375651385,0.0010584502247585423,0.0020616157749095646,0.002878321195247946,0.002735083629219367,0.00434889353980801,0.0010564398729546332,0.0003146200573118929,0.0003367339271549037,0.0005814942592809284,0.0012132473136596024,0.0006352711700355167,0.0015866701612358598,0.00028396219230227004,0.000366386616262572,0.002614965108935753,0.0010338234151606469,0.000861938335926354,0.00044830845227189844,0.0010966469090328296,0.00048047408113445836,0.0004920336040069376,0.0008468606973970304,0.0012494336461299788,0.0010549321091016996,0.0007991148420541695,0.00324621557536345,0.001130822889699297,0.0009443627598866577,0.0009137048948770331,0.002519473398250035,0.0003910134258604675,0.0009021453720045505,0.0008649538636322177,0.0004292101101347548,0.000499572423271602,0.0005262095846734066,0.0015585252359811216,0.0017183482043919545,0.0014268471928250252,0.0008126847167305613,0.0007553896903191304,0.001028294947699895,0.0005855149628887467,0.0010870977379642578,0.0014228264892172052,0.0025270122175146976,0.001020253540484255,0.0006789963217705558,0.002050558839988059,0.001652006594862929,0.0032080188910891625,0.0032235991175694634,0.002317433041957093,0.0005257069967224276,0.0005814942592809284,0.000566416620751603,0.00044227739686017106,0.0011499212318364423,0.002006331100302043,0.0005704373243594248,0.0011252944222385451,0.0015409346576969098,0.0033055209535787916,0.0014761008120208162,0.0027029180003568104,0.0005166604136048365,0.0009157152466809423,0.00033020028379219385,0.0007398094638388295,0.0012876303304042679,0.0011252944222385451,0.002204853340938142,0.00033020028379219385,0.0026436126221414686,0.003280391556029917,0.0009574300466120723,0.0003462830982234738,0.0014002100314232189,0.0007021153675155212,0.0011207711306797478,0.0005548570978791238,0.0010378441187684669,0.0012092266100517824,0.0007398094638388295,0.0006925661964469476,0.002523494101857855,0.0025637011379360513,0.0027501612677486922,0.0009519015791513204,0.0004789663172815248,0.00048047408113445836,0.0007383016999858959,0.0005895356664965684,0.0010011551983471114,0.0016575350623236808,0.0019932638135766283,0.00016384367201865285,0.0006598979796334122,0.0010489010536899705,0.0019188807968319645,0.0027009076485528995,0.0006503488085648421,0.0015163078480990144,0.0007724776806523649,0.0005895356664965684,0.0010795589186995969,0.000980549092357036,0.00024425774417504917,0.0025330432729264267,0.003944310239271149,0.0020410096689194874,0.002618985812543573,0.001531385486628338,0.0012705423400710333,0.00036889955601746016,0.0012217913088262197,0.0001945015370282792,0.000782026851720935,0.001224304248581106,0.002309894222692432,0.0028019278266993713,0.0021264496205856565,0.00194350760642986,0.0008895806732301149,0.0003950341294682892,0.0016193383780493936,0.0010147250730235032,0.00048650513654618574,0.0007589078059759731,0.0007267421771134167,0.0002633560863121928,0.0008564098684656022,0.0007458405192505603,0.00029351136337084013,0.001735436194725189,0.0006428099893001776,0.0011423824125717796,0.0008413322299362785,0.0007362913481819867,0.00045182656792874115,0.001095641733130875,0.0008508814010048486,0.000964968865876735,0.0029562223276494524,0.002155097133791372,0.0021400194952620483,0.002565208901788985,--,--,--
170,0.0012720501039239652,0.0004176505872622756,0.0013142674918060725,0.0018103217994208318,0.00210785386639949,0.002099812459183852,0.0015565148841772108,0.0008373115263284568,0.0012052059064439624,0.0004960543076147593,0.0006448203411040902,0.00046539644260513297,0.0005759657918201766,0.0006066236568298029,0.0006387892856923594,0.0014665516409522444,0.0007780061481131167,0.0011006676126406496,0.0019208911486358737,0.0011252944222385451,0.0011614807547089233,0.0009287825334063568,0.0012378741232574979,0.0009594403984159814,0.0009328032370141768,0.0012951691496689288,0.0003759357873311456,0.0012514439979338897,0.0013981996796193098,0.0010870977379642578,0.0028039381785032805,0.0017183482043919545,0.001342915005011788,0.0014419248313543489,0.0009172230105338741,0.0009157152466809423,0.00043674892939941923,0.0006810066735744649,0.0008031355456619912,0.0009745180369453068,0.0007513689867113121,0.0005990848375651385,0.0035130897773324836,0.0016057685033730035,0.0013293451303353961,0.0009900982634256077,0.0010489010536899705,0.0009001350202006413,0.0007383016999858959,0.0019319480835573773,0.0011579626390520806,0.0032442052235595407,0.0012911484460611088,0.0023782461840253667,0.002607426289671092,0.003555307165214591,0.0022812467094867166,0.0016022503877161608,0.0028456529784344105,0.0005081164184382175,0.0005930537821534111,0.00033170804764512743,0.0009539119309552296,0.0009423524080827486,0.0022546095480849102,0.00033170804764512743,0.0017203585561958654,0.004776093298138856,0.001281599274992537,0.0004729352618697939,0.0008257520034559776,0.0010051759019549314,0.0005970744857612294,0.0001467556816854218,0.0005950641339573202,0.0008639486877302632,0.0003643762644586629,0.003139666929756228,0.0011464031161795996,0.001386640156746827,0.000869979743141994,0.0007322706445741685,0.0013791013374821661,0.0006000900134670931,0.001070009747631025,0.0005166604136048365,0.0006387892856923594,0.002117403037468062,0.0012378741232574979,0.0015982296841083408,0.0016459755394512,0.002975320669786596,0.002260138015545662,0.0011921386197185479,0.00033020028379219385,0.0009554196948081631,0.0010071862537588405,0.0004729352618697939,0.0007513689867113121,0.0011770609811892242,0.002403375581574241,0.0024717275429071758,0.0021706773602716747,0.0006960843121037903,0.0008714875069949259,0.002307883870888521,0.0017490060694015808,0.0007669492131916131,0.0005684269725555122,0.0008850573816713177,0.001274060455727876,0.0012529517617868215,0.0012795889231886279,0.00174699571759767,0.0014821318674325453,0.0016288875491179654,0.0008428399937892104,0.0010549321091016996,0.0013102467881982525,0.000831783058867705,0.0006674367988980731,0.00025581726704753185,0.000374930611429191,0.0003643762644586629,0.0012760708075317852,0.0022199309794674656,0.0025978771186025203,0.001373070282070437,0.002990900896266897,0.0014514740024229207,0.0014494636506190116,0.0006885454928391294,0.0002462680959789583,0.00025079138753775557,0.000665426447094164,0.0013791013374821661,0.001281599274992537,0.0003432675705176101,0.0003357287512529457,0.0014419248313543489,0.002674270487151095,0.0017756432308033854,0.002664721316082523,0.0014735878722659298,0.0005970744857612294,0.0006744730302117585,0.0009574300466120723,0.000556867449683033,0.0014650438770993125,0.0013368839496000588,0.0013539719399332916,0.00354374764234211,0.0013047183207375006,0.0034482559316563917,0.0008810366780634977,0.0010252794199940296,0.0016499962430590199,0.0009287825334063568,0.0012378741232574979,0.0003432675705176101,0.0008795289142105658,0.0019530567774984318,0.001129315125846365,0.0006066236568298029,0.0018656064740283518,0.002821026168836515,0.000877518562406655,0.0007810216758189804,0.0006101417724866422,0.002466199075446424,0.0006227064712610794,0.001437904127746529,0.0009061660756123704,0.0009363213526710178,0.0009765283887492159,0.0028612332049147114,0.0025637011379360513,0.0019264196160966255,0.001138864296914937,0.0009137048948770331,0.0005814942592809284,0.0003015527705864801,0.0006332608182316075,0.00029351136337084013,0.0009348135888180859,0.0026395919185336486,0.0022772260058788966,0.002981351725198325,0.0014705723445600644,0.0010931287933759887,0.0007056334831723604,0.0005111319461440812,0.0002708949055768538,0.0006820118494764195,0.00048348960884032205,0.0004292101101347548,0.00025581726704753185,0.0011901282679146388,0.0004613757389973147,0.0023269822130256666,0.002624514280004325,0.0015163078480990144,0.002168667008467764,0.0006960843121037903,0.0013921686242075806,0.001840477076479479,0.0017087990333233827,0.0009328032370141768,0.0009328032370141768,0.0018656064740283518,0.0025174630464461258,0.0020676468303212937,0.0019666266521748237,0.001396189327815399,0.002414935104446722,0.0015203285517068343,0.0011061960801014015,0.00039654189332121934,0.00048650513654618574,0.0012589828171985507,0.0011710299257774951,0.0013449253568156988,0.002410914400838902,0.0019741654714394846,0.0023822668876331866,0.0020430200207233983,0.0012227964847281742,0.0007096541867801821,0.0006940739602998812,0.0006352711700355167,0.002065636478517383,0.001390660860354647,0.001129315125846365,0.0008925962009359786,0.0019379791389691082,0.0018922436354301582,0.00044227739686017106,0.001373070282070437,0.0004900232522030284,0.00034879603797836195,0.0006227064712610794,0.0016670842333922527,0.000774488032456274,0.0006468306929079994,0.0019053109221555727,0.003280391556029917,0.0007056334831723604,0.002872290139836215,0.0011122271355131323,0.0014494636506190116,0.0019626059485670037,0.0009443627598866577,0.0018329382572148164,0.0005272147605753612,0.0008956117286418441,0.0018289175536069981,0.0009860775598177877,0.00029351136337084013,0.003929232600741826,0.001957077481106252,0.00335527716072556,0.0010870977379642578,0.0019892431099688083,0.0001030305299503792,0.0013006976171296807,0.0007383016999858959,0.00011257970101895276,0.0009021453720045505,0.002872290139836215,0.0021741954759285156,0.0007533793385152213,0.0013921686242075806,0.002918025643375165,0.0011026779644445605,0.0032100292428930734,0.0024812767139757476,0.0009021453720045505,0.0008202235359952258,0.0006066236568298029,0.0005855149628887467,0.000877518562406655,0.0016861825755293963,0.0033321581149805962,0.0020274397942430956,0.0025330432729264267,0.0005166604136048365,0.0005990848375651385,0.0013218063110707352,0.0007669492131916131,0.0007131723024370248,0.00043473857759550663,0.001226314600385017,0.0012052059064439624,0.0009021453720045505,0.0007669492131916131,0.0019776835870963273,0.0038950566200753583,0.002881839310904787,0.001384629804942918,0.0017414672501369181,0.000290998423615952,0.0011976670871793015,0.0017736328789994763,0.0031622833875502143,0.0006352711700355167,0.0017148300887351135,0.0029486835083847914,0.0017721251151465445,0.0007704673288484558,0.001478111163824727,0.0015962193323044317,0.000944865347837635,0.0011941489715224587,0.0017299077272644372,0.0012760708075317852,0.0017203585561958654,0.0024450903815053694,0.0019053109221555727,0.0024471007333092803,0.001590690864843678,0.0023973445261625103,0.0010318130633567377,0.00174699571759767,0.0014313704843838225,0.0005357587557419802,0.0005855149628887467,0.00043674892939941923,0.001987232758164899,0.0009709999212884641,0.002115392685664153,0.0009614507502198923,0.002204853340938142,0.0015866701612358598,0.0006181831797022821,0.0004960543076147593,0.001065989044023205,0.0013258270146785552,0.00037844872708603025,0.0009116945430731223,0.0010147250730235032,0.0008011251938580821,0.001281599274992537,0.0014208161374132961,0.002626524631808236,0.0031130297683544216,0.000865959039534174,0.002376738420172435,0.0004930387799088956,0.0008182131841913132,0.0005895356664965684,0.0008885754973281586,0.000923254065945605,0.0011539419354442606,0.0005533493340261902,0.001024274244092075,0.0019073212739594819,0.002830575339905087,0.002555659730720413,0.004062418407750854,0.0010549321091016996,0.0003442727464195647,0.00031763558501776007,0.0005493286304183685,0.001184599800453887,0.0006372815218394258,0.0015067586770304425,0.0003090915898511411,0.00034728827412542837,0.002535053624730336,0.0009916060272785396,0.0008755082106027458,0.0004694171462129547,0.0010604605765624532,0.00048650513654618574,0.0005322406400851375,0.0007915760227895086,0.0011941489715224587,0.0010986572608367405,0.0008011251938580821,0.003128107406883745,0.0010946365572289205,0.0009383317044749286,0.0008639486877302632,0.002473737894711085,0.00035834520904693204,0.0009634611020238014,0.0007885604950836449,0.0004729352618697939,0.0005056034786833294,0.0005206811172126548,0.0014761008120208162,0.0017223689079997745,0.0014343860120896862,0.0007971044902502604,0.0007131723024370248,0.0009765283887492159,0.0005835046110848376,0.0010011551983471114,0.0013695521664135943,0.0023747280683685257,0.0009765283887492159,0.0006789963217705558,0.0018424874282833882,0.0015982296841083408,0.0030019578311884024,0.0030632735612076533,0.00219530416986957,0.00047193008596783936,0.0006217012953591249,0.0006046133050258903,0.000415640235458363,0.0011061960801014015,0.0019148600932241445,0.0005684269725555122,0.0011403720607678688,0.0014248368410211144,0.0030748330840801343,0.0013921686242075806,0.0024968569404560485,0.0005493286304183685,0.0009709999212884641,0.00033020028379219385,0.0007418198156427386,0.0011996774389832106,0.0010946365572289205,0.0021133823338602437,0.0003774435511840757,0.0025174630464461258,0.003130117758687656,0.0008966169045437986,0.00032416922838046647,0.0013142674918060725,0.0006925661964469476,0.0010489010536899705,0.0005417898111537076,0.0009936163790824504,0.001182589448649976,0.0007669492131916131,0.0006789963217705558,0.0023918160587017585,0.002470219779054244,0.002569229605396805,0.0008946065527398895,0.0004900232522030284,0.0004749456136737065,0.0007267421771134167,0.0005855149628887467,0.0009212437141416941,0.001539426893843978,0.0020369889653116674,0.00016786437562647458,0.0006639186832412339,0.0010147250730235032,0.001960595596763093,0.002569229605396805,0.0006598979796334122,0.0014193083735603625,0.0007513689867113121,0.0005453079268105503,0.0010298027115528269,0.0008870677334752268,0.00021762058277324456,0.0024259920393682258,0.0037764458636446764,0.0019837146425080564,0.0024852974175835676,0.0014152876699525425,0.0012549621135907324,0.0003774435511840757,0.0012494336461299788,0.0001945015370282792,0.0007669492131916131,0.0011614807547089233,0.00219530416986957,0.002739104332827187,0.0021209211531249047,0.0018882229318223382,0.0008584202202695113,0.00038699272225264925,0.0015258570191675862,0.0009795439164550813,0.0004980646594186684,0.0007267421771134167,0.0007116645385840913,0.00025581726704753185,0.0008795289142105658,0.0007247318253095041,0.00028597254410617917,0.0016329082527257854,0.0006217012953591249,0.0011443927643756888,0.000774488032456274,0.0006830170253783775,0.00045031880407581104,0.0010192483645823005,0.0008106743649266522,0.0009443627598866577,0.002918025643375165,0.0020334708496548264,0.0020827244688506174,0.0024546395525739412,--,--,--
171,0.0020807141170467083,0.0008277623552598867,0.0034276498256663145,0.002571239957200714,0.002868772024179374,0.004041812301760778,0.003231137936834126,0.0024053859333781503,0.00215358936993844,0.00030708123804723195,0.0010157302489254578,0.0007383016999858959,0.0006277323507708557,0.000566416620751603,0.0013524641760803598,0.0034276498256663145,0.001437904127746529,0.002311904574496341,0.0028974195373850896,0.0017299077272644372,0.0018786737607537664,0.0008543995166616913,0.0021264496205856565,0.0012052059064439624,0.001955067129302341,0.0026476333257492886,0.00041413247160543287,0.0016746230526569154,0.0017565448886662418,0.0018826944643615864,0.0064944415025308105,0.002918025643375165,0.001854046951155871,0.002880331547051855,0.0007764983842601832,0.0027466431520918495,0.000582499435182883,0.00022716975384181465,0.0009157152466809423,0.0014097592024917907,0.0012016877907871197,0.0016173280262454844,0.004306676151925903,0.0027406120966801204,0.0026300427474650768,0.0007875553191816903,0.002464188723642513,0.0013258270146785552,0.0008126847167305613,0.005451068916301592,0.0017545345368623327,0.0041905783352501075,0.0020983046953309183,0.0027923786556307995,0.006324566775100427,0.0062863700908261395,0.002208874044545962,0.002361158193692134,0.005188215417940376,0.0007754932083582286,0.0012016877907871197,8.946065527399086e-05,0.0013067286725414115,0.0012092266100517824,0.0023918160587017585,0.0006277323507708557,0.0033703547992548835,0.007148811014703469,0.0019113419775673018,0.00046539644260513297,0.0010489010536899705,0.0013600029953450225,0.0007895656709855994,0.0002211386984300838,0.000823741651652065,0.001012714721219594,0.0007212137096526648,0.0058822893782402574,0.003011507002256974,0.003137656577952317,0.0017490060694015808,0.0014514740024229207,0.0020178906231745238,0.0006724626784078494,0.001840477076479479,0.0007589078059759731,0.0011559522872481715,0.0024546395525739412,0.0019093316257633927,0.002351609022623562,0.0033723651510587944,0.004726337090992086,0.004056889940290102,0.0012514439979338897,0.0003794539029879883,0.0015278673709714953,0.001065989044023205,0.00039654189332121934,0.0010584502247585423,0.002878321195247946,0.0035115820134795517,0.004161930822044392,0.002826554636297267,0.002307883870888521,0.0012092266100517824,0.0037211611890371546,0.0028361038073658387,0.0006066236568298029,0.0009267721816024459,0.00335125645711774,0.0016610531779805236,0.0023440702033588993,0.0018766634089498573,0.002624514280004325,0.003650798875900309,0.0038739479261343038,0.0020771960013898656,0.002311904574496341,0.0014610231734914925,0.0016459755394512,0.000756394866221085,0.000506608654585284,0.0005950641339573202,0.0001945015370282792,0.0026360738028768076,0.0024375515622407085,0.004224754315916575,0.0030708123804723143,0.004323764142259136,0.0014665516409522444,0.0019053109221555727,0.0008704823310929713,0.00032215887657655734,0.00011056934921504363,0.0019666266521748237,0.002807456294160123,0.002765741494228993,0.0006468306929079994,0.0007955967263973268,0.003858367699654003,0.0035306803556166954,0.0018178606186854927,0.003999594913878671,0.0028848548386106523,0.0008905858491320695,0.0013514590001784052,0.001437904127746529,0.000816202832387404,0.0011785687450421578,0.002511934578985372,0.0021324806759973874,0.006404980847256821,0.0024320230947799566,0.004797201992079909,0.0017052809176665417,0.0018892281077242928,0.0028592228531108023,0.0010946365572289205,0.001489670686697208,0.0006372815218394258,0.0009041557238084613,0.0018329382572148164,0.0010262845958959842,0.001012714721219594,0.003345727989656988,0.0026436126221414686,0.0011358487692090732,0.0011016727885426042,0.0008488710492009395,0.0030175380576687033,0.0007860475553287567,0.0023134123383492747,0.0014268471928250252,0.0014097592024917907,0.0010187457766313232,0.003936771420006488,0.0035573175170185017,0.0037402595311742982,0.0012589828171985507,0.0015218363155597662,0.001074030451238845,0.00017741354669504467,0.000790570846887554,0.0004312204619386674,0.0017545345368623327,0.0039865276271532565,0.005813434828956344,0.005201282704665791,0.0017585552404701527,0.0016535143587158626,0.00047695596547761565,0.0009574300466120723,0.00033371839944903656,0.00042820493423280023,0.0005940589580553657,0.0010318130633567377,0.0004844947847422766,0.0027426224484840295,0.0015756132263143544,0.0033150701246473634,0.00524902856000865,0.0020847348206545265,0.004467001708287713,0.0009574300466120723,0.002670249783543275,0.002363168545496043,0.004013164788555063,0.0016746230526569154,0.0016535143587158626,0.002168667008467764,0.003137656577952317,0.0037251818926449746,0.0025843072439261285,0.0027999174748954605,0.003635218649420008,0.0029622533830611815,0.002092273639919189,0.0007398094638388295,0.0003890030740565584,0.0018063010958130118,0.0021093616302524237,0.0029466731565808806,0.0024430800297014603,0.0038453004129285883,0.0027330732774154577,0.0028421348627775678,0.0017605655922740618,0.001129315125846365,0.002269687186614234,0.001652006594862929,0.0032175680621577343,0.0014630335252954017,0.0019264196160966255,0.00183846672467557,0.0034371989967348863,0.0023958367623095785,0.0005111319461440812,0.0028572125013068914,0.0001733928430872264,0.0008458555214950741,0.0005015827750755111,0.003793533853977911,0.0015067586770304425,0.0004844947847422766,0.003662358398772792,0.004653964426051331,0.0022279723866831056,0.005161075668587594,0.0020294501460470064,0.001074030451238845,0.0023480909069667193,0.0015866701612358598,0.004711259452462762,0.0006694471507019857,0.001105190904199447,0.001850026247548051,0.0006257219989669466,0.0004312204619386674,0.007823786632866207,0.0054168929356351245,0.004579581409306666,0.0014343860120896862,0.00354374764234211,0.00021561023096933196,0.0019073212739594819,0.0013293451303353961,0.00015077638529324006,0.0012971795014728397,0.004304665800121992,0.0040895581571036375,0.0013981996796193098,0.0023898057068978493,0.00429511662905342,0.001338894301403968,0.005369147080292264,0.0032537543946281125,0.0009519015791513204,0.000869979743141994,0.0012986872653257715,0.001028294947699895,0.0008106743649266522,0.0027541819713565122,0.0040895581571036375,0.002819015817032604,0.0028954091855811787,0.00026888455377294465,0.0005608881532908512,0.0015776235781182653,0.0011519315836403515,0.0002211386984300838,0.0005186707654087457,0.0007116645385840913,0.0017278973754605263,0.0017681044115387245,0.0018711349414891037,0.004049351121025439,0.008476145793234956,0.004007133733143334,0.0019666266521748237,0.004270489819455525,0.00026536643811610194,0.0023249718612217557,0.0020807141170467083,0.0028878703663165178,0.0010679993958271142,0.003967429285016113,0.004707238748854942,0.003288432963245557,0.001808311447616921,0.0026054159378671813,0.0029602430312572724,0.001957077481106252,0.0023918160587017585,0.004350903891611919,0.0024893181211913876,0.0026054159378671813,0.005491275952379788,0.002720005990690043,0.0038186632515267837,0.002006331100302043,0.00365280922770422,0.0023938264105056693,0.0025174630464461258,0.0015047483252265317,0.0011655014583167433,0.00045986797514438113,0.0006257219989669466,0.0040056259692904,0.0015047483252265317,0.004009144084947243,0.0016057685033730035,0.0032080188910891625,0.003692513675831439,0.0009956267308863596,0.0009840672080138786,0.0013600029953450225,0.002311904574496341,0.00016585402382256545,0.002157107485595283,0.0011423824125717796,0.0011197659547777933,0.002727544809954706,0.00385484958399716,0.00385484958399716,0.004718798271727423,0.0010147250730235032,0.0034371989967348863,0.0005397794593497984,0.0008182131841913132,0.0008564098684656022,0.0016575350623236808,0.0008991298442986868,0.0018158502668815836,0.001134843593307117,0.001390660860354647,0.0031758532622266043,0.0038814867453989665,0.005361608261027603,0.006313509840178921,0.0016077788551769126,0.00026586902606708096,0.00046640161850708753,0.0008413322299362785,0.0011921386197185479,0.0008508814010048486,0.00324621557536345,0.0007780061481131167,0.0010795589186995969,0.0037648863407721937,0.0014172980217564534,0.0007383016999858959,0.0006925661964469476,0.00180077262835226,0.0005628985050947603,0.0005970744857612294,0.0012112369618556915,0.0027406120966801204,0.0022983346998199494,0.0019892431099688083,0.005073625365117514,0.0016288875491179654,0.0005684269725555122,0.002092273639919189,0.002990900896266897,0.0013177856074629152,0.0011775635691402015,0.0014685619927561552,0.00023068786949865736,0.0006312504664276984,0.0013675418146096834,0.0034216187702545853,0.0022219413312713748,0.0021973145216734793,0.0011137348993660642,0.0013539719399332916,0.0015866701612358598,0.0010091966055627514,0.002273707890222054,0.0012609931690024615,0.0034874577918326335,0.0017490060694015808,0.000623711647163034,0.004535856257571627,0.003490473319538499,0.005560130501663702,0.003696534379439259,0.003219578413961645,0.0005684269725555122,0.0004824844329383675,0.0008297727070637959,0.0006181831797022821,0.0013579926435411116,0.002723524106346886,0.0010966469090328296,0.0024491110851131894,0.003173842910422695,0.005438001629576177,0.002353619374427471,0.004552944247904861,0.0005015827750755111,0.0007458405192505603,0.0001849523659597091,0.0006352711700355167,0.0015163078480990144,0.0007971044902502604,0.003143185045413069,0.0009061660756123704,0.0027466431520918495,0.0036105918398221127,0.0016595454141275917,0.0005654114448496485,0.0024320230947799566,0.0010870977379642578,0.0020093466280079082,0.0006277323507708557,0.0022390293216046093,0.0014514740024229207,0.0008810366780634977,0.0011212737186307251,0.0033281374113727762,0.0023289925648295757,0.00369854473124317,0.0019626059485670037,0.00020606105990076187,0.00028597254410617917,0.0009041557238084613,0.0011212737186307251,0.0025958667667986095,0.003391463493195938,0.00179675192474444,0.001232345655796746,0.0007704673288484558,0.0017072912694704508,0.0020314604978509156,0.003504043194214891,0.0005262095846734066,0.002365178897299954,0.0011283099499444105,0.0012368689473555433,0.001588680513039769,0.0017449853657937608,0.0011403720607678688,0.0031758532622266043,0.005527462284850166,0.0027501612677486922,0.00379956490938964,0.001955067129302341,0.0013027079689335915,0.00034527792232151924,0.0012006826148851651,0.0003643762644586629,0.0012589828171985507,0.001634416016578719,0.004501177688954182,0.003612602191626022,0.0031205685876190842,0.002918025643375165,0.001561038175736008,0.0003699047319194147,0.002670249783543275,0.0013971945037173552,0.00019651188883218831,0.0011403720607678688,0.001493691390305028,0.0002668742019690355,0.0017449853657937608,0.0010835796223074168,0.00044830845227189844,0.0027104568196214714,0.0011956567353753906,0.0013162778436099833,0.001123284070434636,0.0011403720607678688,0.0003678943801155056,0.0022847648251435593,0.0013635211110018652,0.0014554947060307407,0.0043946290433469586,0.003898574735732201,0.002620493576396505,0.002834093455561928,--,--,--
172,0.0019379791389691082,0.000749358634907403,0.0029527042119926097,0.002468209427250333,0.0028154977013757614,0.0038759582779382146,0.003076340847933066,0.0022676768348103248,0.002004823336449111,0.00030708123804723195,0.0008755082106027458,0.0006639186832412339,0.0005960693098592748,0.0005704373243594248,0.0012795889231886279,0.0031492161008247997,0.0013197959592668243,0.0025446027957989076,0.0030195484094726124,0.0016329082527257854,0.0017108093851272935,0.0008564098684656022,0.0019626059485670037,0.0011770609811892242,0.001854046951155871,0.0024812767139757476,0.00041011176799761115,0.0015278673709714953,0.001689700691186239,0.0018253994379501554,0.006527109719344344,0.0030517140383351706,0.001652006594862929,0.0024450903815053694,0.0007684569770445467,0.0022907958805552884,0.000515152649751903,0.0002296826935967028,0.0008810366780634977,0.0013027079689335915,0.0011976670871793015,0.001743477601940829,0.004356432359072671,0.0027009076485528995,0.002365178897299954,0.0007533793385152213,0.002315422690153184,0.0012227964847281742,0.0008277623552598867,0.005184194714332558,0.0017012602140587217,0.0040895581571036375,0.0019264196160966255,0.0029411446891201287,0.006311499488375012,0.006370302278639375,0.0020792063531937747,0.00210785386639949,0.004838916792011039,0.0006865351410352168,0.001180579096846067,8.946065527399086e-05,0.0012418948268653179,0.001130822889699297,0.0023345210322903275,0.000623711647163034,0.0034181006545977426,0.00670251291423548,0.0017681044115387245,0.00044227739686017106,0.0009709999212884641,0.0012720501039239652,0.0006257219989669466,0.00021762058277324456,0.0007116645385840913,0.0010107043694156832,0.000865959039534174,0.005664668795467015,0.0028954091855811787,0.0030195484094726124,0.0016193383780493936,0.0013047183207375006,0.0017490060694015808,0.0006026029532219812,0.0016555247105197717,0.0007589078059759731,0.0010338234151606469,0.002414935104446722,0.0017756432308033854,0.002212392160202803,0.003423629122058496,0.004306676151925903,0.0034482559316563917,0.0012132473136596024,0.00033170804764512743,0.001327334778531487,0.0009594403984159814,0.0003643762644586629,0.0009554196948081631,0.0025998874704064295,0.00334723575350992,0.0036085814880182036,0.002918025643375165,0.002305873519084612,0.0011403720607678688,0.0034638361581366926,0.002473737894711085,0.0005910434303494985,0.0008584202202695113,0.0030441752190705097,0.0016077788551769126,0.0020771960013898656,0.0017640837079309045,0.002513944930789283,0.0037191508372332455,0.0038739479261343038,0.0019223989124888055,0.001957077481106252,0.0013142674918060725,0.0015409346576969098,0.0007865501432797323,0.00044227739686017106,0.0005282199364773157,0.00019098342137143648,0.0024988672922599594,0.0024375515622407085,0.0042478733616615385,0.0031090090647466016,0.0040855374534958175,0.0014610231734914925,0.0016329082527257854,0.0009147100707789877,0.00031009676575309564,0.0001115745251169982,0.0017776535826072963,0.002525504453661764,0.002620493576396505,0.000715182654240934,0.0008508814010048486,0.004077998634231155,0.0033532668089216507,0.0017701147633426336,0.0035990323169496317,0.002745637976189895,0.0009383317044749286,0.001432375660285777,0.0013750806338743461,0.0007780061481131167,0.0012549621135907324,0.0024430800297014603,0.0022199309794674656,0.006381861801511858,0.0022430500252124293,0.004531835553963807,0.0015183181999029235,0.0017183482043919545,0.0024797689501228157,0.0010574450488565878,0.0014343860120896862,0.0005779761436240857,0.0008564098684656022,0.0018022803922051918,0.0011137348993660642,0.0010966469090328296,0.0030632735612076533,0.002515955282593192,0.0010911184415720778,0.0010413622344253096,0.0007553896903191304,0.002967781850521935,0.0007543845144171758,0.002157107485595283,0.0013177856074629152,0.001478111163824727,0.0011137348993660642,0.0037859950347132482,0.0032331482886380353,0.0031758532622266043,0.0011137348993660642,0.001437904127746529,0.0009850723839158332,0.00018042907440091183,0.0007543845144171758,0.0003699047319194147,0.0016173280262454844,0.0040438226535646875,0.005618933291928065,0.005170624839656166,0.001798762276548349,0.0015811416937751063,0.00043473857759550663,0.0008966169045437986,0.0003528167415861802,0.0004292101101347548,0.0005608881532908512,0.0009709999212884641,0.0005186707654087457,0.0024812767139757476,0.0016213487298533044,0.0033628159799902226,0.004419255852944854,0.0018847048161654955,0.00425742253273011,0.0009860775598177877,0.0024355412104367976,0.0022928062323591975,0.0035608356326753427,0.0014554947060307407,0.0014821318674325453,0.002168667008467764,0.003188920548952019,0.0036412497048317373,0.0026360738028768076,0.0026456229739453795,0.0033266296475198444,0.002677788602807936,0.0018575650668127136,0.0006845247892313076,0.0003890030740565584,0.0017374465465290981,0.0020410096689194874,0.002920035995179074,0.002771269961689745,0.0037900157383210682,0.0025843072439261285,0.002559680434328233,0.0016097892069808217,0.0010835796223074168,0.0019530567774984318,0.0015791313419711971,0.002973310317982687,0.0014801215156286362,0.0017776535826072963,0.0018575650668127136,0.0036241617144985045,0.0025023854079168004,0.00042368164267400296,0.0025481209114557504,0.00020606105990076187,0.0008116795408286068,0.0004824844329383675,0.0032748630885691653,0.0012971795014728397,0.00045031880407581104,0.0035055509580678226,0.004245863009857629,0.0022772260058788966,0.0049630560159024725,0.001895761751087001,0.0010604605765624532,0.002361158193692134,0.0013675418146096834,0.004392618691543049,0.0006066236568298029,0.0010041707260529768,0.0016308979009218762,0.0006086340086337121,0.00045031880407581104,0.007373970416741375,0.00495149649302999,0.004367991881945154,0.0013811116892860752,0.003131625522540588,0.00017942389849895726,0.0016308979009218762,0.0012434025907182497,0.0001412272142246665,0.001274060455727876,0.004062418407750854,0.00379554420578182,0.0014630335252954017,0.002269687186614234,0.003921693781477165,0.0013006976171296807,0.004918828276216456,0.0031034805972858497,0.0008795289142105658,0.0008222338877991349,0.001224304248581106,0.0009594403984159814,0.0006810066735744649,0.0028361038073658387,0.003917673077869345,0.002769259609885836,0.002727544809954706,0.00025581726704753185,0.0004920336040069376,0.0016288875491179654,0.0010453829380331278,0.0002211386984300838,0.0004900232522030284,0.0006960843121037903,0.0016439651876472908,0.0016329082527257854,0.002058097659252722,0.003658337695164972,0.007690600825857178,0.003929232600741826,0.0018213787343423354,0.00385484958399716,0.0002477758598318919,0.0019776835870963273,0.001991253461772719,0.002990900896266897,0.001020253540484255,0.003738249179370389,0.004688140406717799,0.0031165478840112643,0.0015600329998340535,0.0023345210322903275,0.0027828294845622277,0.0017721251151465445,0.002311904574496341,0.003965418933212204,0.0021932938180656593,0.0025270122175146976,0.004976123302627887,0.0026797989546118468,0.00354374764234211,0.0019837146425080564,0.003488462967734588,0.00210383316279167,0.002410914400838902,0.0014580076457856271,0.0010931287933759887,0.0003890030740565584,0.0004920336040069376,0.00369050332402753,0.0014992198577657798,0.003858367699654003,0.0015680744070496935,0.003076340847933066,0.0034371989967348863,0.0008428399937892104,0.0008332908227206386,0.0013067286725414115,0.0020847348206545265,0.00015831520455790102,0.002006331100302043,0.0011177556029738842,0.001065989044023205,0.002622503928200416,0.003391463493195938,0.0038317305382521982,0.004280038990524097,0.0009498912273474096,0.0031527342164816407,0.0005035931268794203,0.0007704673288484558,0.0007780061481131167,0.0014876603348932989,0.0008202235359952258,0.0016308979009218762,0.0014193083735603625,0.0012665216364632133,0.0035055509580678226,0.0038241917189875355,0.004829367620942467,0.005851631513230631,0.0014172980217564534,0.00023722151286136375,0.00042719975833084567,0.000774488032456274,0.0012609931690024615,0.0007955967263973268,0.00324621557536345,0.0009328032370141768,0.0011061960801014015,0.0034673542737935353,0.0011976670871793015,0.0007513689867113121,0.0005417898111537076,0.00160426073952007,0.0004824844329383675,0.0005131422979479938,0.001169019573973586,0.0027124671714253822,0.002555659730720413,0.002204853340938142,0.005096241822911501,0.0015736028745104453,0.0005262095846734066,0.00175101642120549,0.0026873377738765077,0.0010986572608367405,0.0012187757811203542,0.0013017027930316352,0.00023269822130256648,0.0006543695121726603,0.001285619978600357,0.0036256694783514364,0.0021782161795363356,0.002065636478517383,0.0010564398729546332,0.0011996774389832106,0.0014248368410211144,0.0009669792176806441,0.002065636478517383,0.0012795889231886279,0.0033608056281863117,0.0017243792598036854,0.0006066236568298029,0.004522286382895235,0.0033246192957159353,0.005191733533597219,0.0036241617144985045,0.003032615696198027,0.000548323454516414,0.0005357587557419802,0.0007212137096526648,0.0005644062689476939,0.001274060455727876,0.002468209427250333,0.0012112369618556915,0.002620493576396505,0.0030557347419429906,0.005037439032647138,0.0021189108013209956,0.004234303486985147,0.0005282199364773157,0.0007131723024370248,0.0001698747274303837,0.0006428099893001776,0.0014745930481678843,0.0007553896903191304,0.0032557647464320216,0.0009383317044749286,0.0026893481256804186,0.003276873440373076,0.0014474532988151007,0.0005357587557419802,0.002200832637330322,0.0010298027115528269,0.0019806991148021928,0.0006181831797022821,0.0019168704450280537,0.0013675418146096834,0.0008413322299362785,0.0010891080897681687,0.003492483671342408,0.002507913875377554,0.003381914322127366,0.0017545345368623327,0.00019651188883218831,0.00031864076091971463,0.0008141924805834949,0.001134843593307117,0.002376738420172435,0.0030572425057959225,0.002099812459183852,0.001443935183158258,0.000873497858798835,0.0015258570191675862,0.0019033005703516619,0.003339696934245259,0.0004709249100658848,0.0022928062323591975,0.0011398694728168915,0.0010825744464054605,0.0014951991541579598,0.0017545345368623327,0.0013082364363943434,0.0031130297683544216,0.005491275952379788,0.0027044257642097422,0.0034201110064016535,0.00179675192474444,0.001134843593307117,0.0003050708862433228,0.001180579096846067,0.00034728827412542837,0.001184599800453887,0.0015756132263143544,0.004472530175748467,0.003843290061124679,0.0031411746936091597,0.002817005465228695,0.0013750806338743461,0.0003528167415861802,0.002424484275515294,0.0013017027930316352,0.00020405070809685275,0.0011539419354442606,0.001278081159335696,0.0003015527705864801,0.0017545345368623327,0.001175050629385315,0.0005166604136048365,0.0025461105596518412,0.0009996474344941796,0.0011730402775814042,0.0010986572608367405,0.0010624709283663623,0.000366386616262572,0.0019701447678316646,0.0012951691496689288,0.001436396363893597,0.004524296734699144,0.0038759582779382146,0.002720005990690043,0.002918025643375165,--,--,--
173,0.0019093316257633927,0.0007398094638388295,0.0027501612677486922,0.0025405820921910894,0.0028612332049147114,0.003980496571741527,0.0031069987129426924,0.002212392160202803,0.002006331100302043,0.00032215887657655734,0.0008373115263284568,0.000623711647163034,0.0005895356664965684,0.0005950641339573202,0.0012514439979338897,0.0030572425057959225,0.0012665216364632133,0.0026873377738765077,0.0032235991175694634,0.0016861825755293963,0.0016881929273333072,0.000861938335926354,0.0019857249943119673,0.001216765429316445,0.0018158502668815836,0.0024355412104367976,0.0004196609390661847,0.0014665516409522444,0.0016610531779805236,0.0018575650668127136,0.006919630909057745,0.0033608056281863117,0.0016917110429901499,0.002315422690153184,0.0008639486877302632,0.002058097659252722,0.0005056034786833294,0.0002367189249103882,0.000873497858798835,0.0012931587978650197,0.0012378741232574979,0.0017892131054797773,0.004574052941845914,0.002668239431739364,0.0022812467094867166,0.0007533793385152213,0.0022963243480160402,0.001228324952188926,0.0008639486877302632,0.005058045138637213,0.0016690945851961635,0.004167459289505144,0.001895761751087001,0.003187412785099087,0.006288380442630049,0.006630140249294725,0.00209026328811528,0.00209026328811528,0.004667031712776746,0.000673467854309804,0.0011785687450421578,9.147100707789999e-05,0.0011881179161107296,0.0011177556029738842,0.0024471007333092803,0.0006448203411040902,0.0035648563362831627,0.006786445102048717,0.0017585552404701527,0.00041413247160543287,0.0009554196948081631,0.0012931587978650197,0.0005835046110848376,0.00021561023096933196,0.0006845247892313076,0.0010489010536899705,0.0009519015791513204,0.006023516592464924,0.002924056698786894,0.003080361551540886,0.0016213487298533044,0.0011675118101206524,0.0017168404405390227,0.000556867449683033,0.0015695821709026253,0.0007704673288484558,0.000978538740553125,0.0025521416150635703,0.0017681044115387245,0.0021359987916542283,0.0038146425479189637,0.004226764667720486,0.0033185882403042044,0.0012625009328553934,0.0003030605344394137,0.0012705423400710333,0.0009076738394653023,0.0003774435511840757,0.0009458705237395913,0.002515955282593192,0.00339699196065669,0.00345629733887203,0.0032235991175694634,0.0021741954759285156,0.001127304774042456,0.003389453141392027,0.0024320230947799566,0.0005628985050947603,0.0008202235359952258,0.0028592228531108023,0.0016117995587847326,0.00199879228103738,0.0017816742862151163,0.0025330432729264267,0.0037251818926449746,0.003969439636820024,0.0018329382572148164,0.0019208911486358737,0.0012434025907182497,0.0015142974962951035,0.0008172080082893586,0.00040709624029174746,0.0004824844329383675,0.00020204035629294015,0.0026094366414750013,0.002460670607985672,0.004425286908356585,0.0033110494210395434,0.004217215496651914,0.0015660640552457826,0.0015489760649125498,0.0009468756996415459,0.0003196459368216692,0.00011559522872481645,0.0017339284308722572,0.0023862875912410066,0.0025385717403871785,0.0008141924805834949,0.0009423524080827486,0.00434487283620019,0.003381914322127366,0.0018349486090187273,0.003440717112391729,0.0027406120966801204,0.0010011551983471114,0.0014544895301287861,0.0013409046532078788,0.0007860475553287567,0.0013449253568156988,0.002515955282593192,0.002319443393761004,0.006555757232550061,0.0021917860542127274,0.004552944247904861,0.0015203285517068343,0.0016213487298533044,0.0023134123383492747,0.0010644812801702715,0.001428354956677957,0.0005739554400162675,0.0008508814010048486,0.0018615857704205319,0.0012434025907182497,0.0012418948268653179,0.0029527042119926097,0.002624514280004325,0.0011474082920815542,0.001051916581395836,0.0007418198156427386,0.0029984397155315597,0.0007574000421230395,0.0021359987916542283,0.0012836096267964479,0.0015851623973829262,0.0012911484460611088,0.00389656438392829,0.0031527342164816407,0.0029411446891201287,0.0010489010536899705,0.0014057384988839707,0.0009584352225140268,0.00018595754186166366,0.0007599129818779277,0.000366386616262572,0.0015374165420400671,0.004276520874867254,0.005771720029025214,0.005334971099625796,0.0019626059485670037,0.0016268771973140563,0.00042518940652693654,0.0009001350202006413,0.00034728827412542837,0.0004292101101347548,0.0005608881532908512,0.0009634611020238014,0.0005910434303494985,0.0023938264105056693,0.0017278973754605263,0.0034753956810091736,0.004241842306249809,0.0018309279054109073,0.004228775019524395,0.0009689895694845532,0.002363168545496043,0.002307883870888521,0.003341707286049168,0.0014268471928250252,0.0014097592024917907,0.0022355112059477666,0.0035226389484010554,0.00369854473124317,0.0027486535038957587,0.002620493576396505,0.0032919510789024,0.002567219253592894,0.0017565448886662418,0.0006714575025058948,0.00039855224512513193,0.0017168404405390227,0.0021249418567327247,0.002786850188170046,0.0032060085392852534,0.00394632059107506,0.0026757782510040268,0.0025365613885832694,0.0015831520455790171,0.0010644812801702715,0.0017128197369312027,0.0015489760649125498,0.0028989273012380214,0.0014590128216875834,0.0017776535826072963,0.0020983046953309183,0.003856859935801071,0.0026094366414750013,0.0004060910643897929,0.0024335308586328885,0.00022515940203790552,0.0008297727070637959,0.00047193008596783936,0.0029602430312572724,0.0012147550775125342,0.000457857623340472,0.003545757994146019,0.004276520874867254,0.002315422690153184,0.004907771341294951,0.0019093316257633927,0.0010755382150917769,0.0024320230947799566,0.0013162778436099833,0.0042398319544459,0.0005739554400162675,0.0009639636899747787,0.001539426893843978,0.0006830170253783775,0.0004613757389973147,0.007438804262417468,0.004894201466618559,0.004413727385484102,0.0014152876699525425,0.003038646751609756,0.0001698747274303837,0.0014916810385011189,0.0012474232943260697,0.0001316780431560964,0.0012836096267964479,0.0041388117762994284,0.0037900157383210682,0.0013715625182175034,0.0022219413312713748,0.0037764458636446764,0.0013524641760803598,0.004739906965668478,0.003093931426217278,0.0008508814010048486,0.0008222338877991349,0.0012207861329242634,0.0009498912273474096,0.0005875253146926593,0.0029165178795222332,0.004062418407750854,0.0029029480048458414,0.002769259609885836,0.0002477758598318919,0.000457857623340472,0.0016917110429901499,0.0009765283887492159,0.00022716975384181465,0.0004749456136737065,0.0007096541867801821,0.0016861825755293963,0.0016861825755293963,0.0021877653506049075,0.0036774360373021155,0.007686580122249358,0.0040855374534958175,0.0018158502668815836,0.003702062846900011,0.00024124221646918548,0.0018711349414891037,0.0019721551196355755,0.003225106881422397,0.0009634611020238014,0.0038146425479189637,0.004965066367706382,0.0031034805972858497,0.0015142974962951035,0.002357640078035291,0.002739104332827187,0.0016967369224999244,0.0022676768348103248,0.003848818528585431,0.0019681344160277555,0.002424484275515294,0.004812279630609232,0.0027426224484840295,0.003486452615930679,0.0020711649459781364,0.003612602191626022,0.002050558839988059,0.0024355412104367976,0.0014474532988151007,0.0010509114054938814,0.0003508063897822711,0.00044227739686017106,0.003559327868822411,0.001531385486628338,0.003864398755065732,0.0017490060694015808,0.0032557647464320216,0.003440717112391729,0.0008488710492009395,0.0007764983842601832,0.0013142674918060725,0.0019128497414202337,0.00015932038045985558,0.0019857249943119673,0.001138864296914937,0.0010870977379642578,0.0026913584774843277,0.0032120395946969825,0.004049351121025439,0.004308686503729812,0.0009478808755435005,0.003171832558618786,0.0005121371220460393,0.0007629285095837914,0.0007192033578487522,0.0014228264892172052,0.0007915760227895086,0.0014459455349621689,0.0016308979009218762,0.0012227964847281742,0.004091065920956569,0.003970947400672956,0.004695679225982461,0.005727994877290175,0.0013162778436099833,0.0002231490502339964,0.0004025729487329502,0.0007513689867113121,0.0013238166628746443,0.0008182131841913132,0.003341707286049168,0.0009996474344941796,0.0010378441187684669,0.0035532968134106818,0.0012072162582478733,0.0008011251938580821,0.0004558472715365629,0.0015183181999029235,0.0004824844329383675,0.0004729352618697939,0.001182589448649976,0.0025978771186025203,0.002769259609885836,0.0024355412104367976,0.00519374388540113,0.0015982296841083408,0.000499572423271602,0.0016213487298533044,0.0026511514414061313,0.0009840672080138786,0.0012253094244830606,0.0012238016606301288,0.0002462680959789583,0.0007609181577798822,0.001226314600385017,0.00374578799863505,0.0022505888444770902,0.0020887555242623465,0.0010946365572289205,0.001130822889699297,0.0014132773181486334,0.0009916060272785396,0.0019379791389691082,0.0013655314628057743,0.00339699196065669,0.0018118295632737636,0.0006845247892313076,0.004673062768188475,0.0033090390692356326,0.005161075668587594,0.003751819054046781,0.003078351199736977,0.0005714425002613793,0.0005814942592809284,0.000665426447094164,0.0005533493340261902,0.0012720501039239652,0.002422473923711385,0.001388650508550738,0.0026511514414061313,0.003078351199736977,0.004974615538774953,0.0020827244688506174,0.004245863009857629,0.0005397794593497984,0.0006810066735744649,0.00013921686242075737,0.0006694471507019857,0.0015142974962951035,0.0008141924805834949,0.003391463493195938,0.0009096841912692132,0.002723524106346886,0.0033949816088527807,0.0014057384988839707,0.0005503338063203266,0.0021455479627228,0.001020253540484255,0.002035983789409713,0.0006181831797022821,0.001808311447616921,0.0014002100314232189,0.0007991148420541695,0.0011655014583167433,0.003751819054046781,0.002677788602807936,0.003336178818588416,0.0016992498622548109,0.000208071411704671,0.00034527792232151924,0.0007860475553287567,0.0011539419354442606,0.0023269822130256666,0.002931595518051557,0.0025481209114557504,0.0014972095059618707,0.0009519015791513204,0.0015278673709714953,0.001895761751087001,0.00335125645711774,0.0004674067944090421,0.0022505888444770902,0.001184599800453887,0.001022263892288166,0.0014685619927561552,0.0017721251151465445,0.0015142974962951035,0.0033587952763824026,0.005681756785800247,0.0028039381785032805,0.0034482559316563917,0.0017072912694704508,0.0010931287933759887,0.0002930087754198611,0.001224304248581106,0.0003357287512529457,0.001186610152257796,0.00160024003591225,0.0045549545997087704,0.004157910118436572,0.0034598154545288726,0.0027044257642097422,0.0013122571400021633,0.0003432675705176101,0.0023405520877020566,0.0012549621135907324,0.00020957917555760458,0.0011484134679835088,0.001226314600385017,0.0004176505872622756,0.0018213787343423354,0.0012549621135907324,0.0005875253146926593,0.002618985812543573,0.0009348135888180859,0.0011157452511699733,0.0011368539451110278,0.0010509114054938814,0.00038699272225264925,0.00185605730295978,0.0012378741232574979,0.0014474532988151007,0.004760513071658553,0.00425340182912229,0.0029069687084536614,0.0030919210744133688,--,--,--
174,0.001987232758164899,0.0007724776806523649,0.002771269961689745,0.002807456294160123,0.002924056698786894,0.004129262605230857,0.002926067050590805,0.0021093616302524237,0.002099812459183852,0.00035834520904693204,0.0008956117286418441,0.0006694471507019857,0.0006196909435552157,0.0006925661964469476,0.0012645112846593042,0.003179371377883447,0.0012589828171985507,0.002834093455561928,0.003276873440373076,0.0017796639344112054,0.001804290744009101,0.0008810366780634977,0.0021706773602716747,0.0013941789760114898,0.00179675192474444,0.002519473398250035,0.00043473857759550663,0.0014821318674325453,0.0017640837079309045,0.0019188807968319645,0.007290038228928137,0.0036241617144985045,0.0017892131054797773,0.0024355412104367976,0.0010795589186995969,0.002000802632841291,0.0005523441581242357,0.00024526292007700373,0.0008830470298674068,0.0013449253568156988,0.0012454129425221606,0.0015183181999029235,0.004756994956001712,0.0025938564149947003,0.0023918160587017585,0.0007971044902502604,0.002368697012956795,0.0013027079689335915,0.0009403420562788378,0.005066086545852853,0.0016535143587158626,0.004228775019524395,0.0019073212739594819,0.0034276498256663145,0.006295919261894711,0.0066567774106965315,0.0021249418567327247,0.0022259620348791948,0.004787652821011337,0.0007639336854857494,0.0012227964847281742,8.946065527399086e-05,0.0012645112846593042,0.0011539419354442606,0.002626524631808236,0.0006217012953591249,0.0035151001291363945,0.007079956465419557,0.0018751556450969237,0.00039654189332121934,0.0009519015791513204,0.001388650508550738,0.0006292401146237858,0.00021762058277324456,0.0007171930060448431,0.001074030451238845,0.0009157152466809423,0.006107448780278161,0.0026913584774843277,0.002834093455561928,0.00160024003591225,0.0011484134679835088,0.0018575650668127136,0.0005930537821534111,0.0016057685033730035,0.000806653661318834,0.0010413622344253096,0.002723524106346886,0.0018615857704205319,0.0020792063531937747,0.0039272222489379165,0.004260940648386953,0.003293961430706309,0.0014002100314232189,0.0003050708862433228,0.0013122571400021633,0.0009348135888180859,0.00043875928120332836,0.0010147250730235032,0.0024757482465149958,0.003605063372361361,0.0034371989967348863,0.003612602191626022,0.0019148600932241445,0.001127304774042456,0.0034789137966660163,0.0024873077693874767,0.0005111319461440812,0.0008297727070637959,0.002889880718120427,0.0017168404405390227,0.00204854848818415,0.0018711349414891037,0.0026395919185336486,0.0035723951555478254,0.0039272222489379165,0.001640447071990448,0.0019892431099688083,0.0013620133471489316,0.0016288875491179654,0.0008277623552598867,0.0004091065920956566,0.0004844947847422766,0.00023269822130256648,0.002720005990690043,0.002555659730720413,0.00444589301434666,0.0034753956810091736,0.0045469131924931305,0.001693721394794059,0.0016308979009218762,0.0010468907018860614,0.00030054759468452555,0.0001181081684797046,0.001798762276548349,0.002307883870888521,0.0026627109642786122,0.000923254065945605,0.0009383317044749286,0.004241842306249809,0.0035246493002049663,0.0020028129846452,0.0034276498256663145,0.0028667616723754633,0.0010795589186995969,0.0013971945037173552,0.0014057384988839707,0.0008297727070637959,0.0014208161374132961,0.002511934578985372,0.002460670607985672,0.006561285700010813,0.0021782161795363356,0.004711259452462762,0.0016650738815883435,0.0016424574237943572,0.0023707073647607057,0.0010805640946015514,0.0015258570191675862,0.0005950641339573202,0.0008925962009359786,0.001995274165380539,0.0013162778436099833,0.0013293451303353961,0.002872290139836215,0.0028974195373850896,0.0012418948268653179,0.0011338384174051624,0.0007955967263973268,0.003126097055079836,0.0007639336854857494,0.0022716975384181447,0.0012529517617868215,0.0016746230526569154,0.0015067586770304425,0.004045330417417621,0.003143185045413069,0.0030039681829923115,0.0010966469090328296,0.0014761008120208162,0.0010212587163862096,0.00019098342137143648,0.0008126847167305613,0.00039855224512513193,0.0014343860120896862,0.004425286908356585,0.005853641865034542,0.0055792288438008455,0.00209026328811528,0.00175101642120549,0.00043674892939941923,0.0009574300466120723,0.0003678943801155056,0.000449313628173853,0.0005960693098592748,0.000978538740553125,0.0006407996374962685,0.002513944930789283,0.0016861825755293963,0.003549778697753839,0.004423276556552674,0.00189375139928309,0.004266971703798682,0.0009076738394653023,0.002416442868299654,0.002416442868299654,0.0033532668089216507,0.001493691390305028,0.0014132773181486334,0.002331002916633485,0.003955869762143632,0.003706083550507831,0.0028552021495029823,0.0026893481256804186,0.003454286987068121,0.0025903382993378576,0.0018480158957441418,0.0006960843121037903,0.0004327282257915975,0.0018213787343423354,0.002266169070957393,0.002555659730720413,0.003637229001223919,0.003997584562074762,0.0028612332049147114,0.002620493576396505,0.001652006594862929,0.0010986572608367405,0.001682161871921578,0.0016499962430590199,0.0030954391900702097,0.0014112669663447243,0.0017892131054797773,0.002357640078035291,0.004035781246349049,0.0026853274220725986,0.00037191508372332385,0.0024988672922599594,0.00025581726704753185,0.0008604305720734222,0.0004538369197326503,0.0028913884819733587,0.0012434025907182497,0.0004980646594186684,0.003692513675831439,0.004524296734699144,0.0021209211531249047,0.0049057609894910415,0.0019379791389691082,0.0011710299257774951,0.0025003750561128912,0.0014002100314232189,0.004277023462818231,0.0005940589580553657,0.0009996474344941796,0.001634416016578719,0.000823741651652065,0.0004538369197326503,0.007640844618710408,0.004798709755932841,0.004512737211826663,0.0014761008120208162,0.0031758532622266043,0.00017188507923429283,0.0015203285517068343,0.0013047183207375006,0.00012011852028361372,0.0013715625182175034,0.0042936088652004885,0.0037880053865171574,0.0012147550775125342,0.002212392160202803,0.0037920260901249773,0.0014685619927561552,0.004968584483363224,0.0031451953972169797,0.0008448503455931195,0.0009096841912692132,0.0012529517617868215,0.0009709999212884641,0.0005684269725555122,0.0029049583566497506,0.004282049342328006,0.0030557347419429906,0.0029527042119926097,0.0002367189249103882,0.00043875928120332836,0.0018178606186854927,0.0009423524080827486,0.00025581726704753185,0.00048650513654618574,0.0007307628807212349,0.0018233890861462446,0.0017831820500680481,0.0020731752977820456,0.003643260056635648,0.007709699167994322,0.004390608339739139,0.0019761758232433955,0.003858367699654003,0.00023269822130256648,0.002012362155713772,0.0020294501460470064,0.0036296901819592563,0.0009880879116216969,0.003944310239271149,0.005251038911812561,0.003181381729687358,0.0014951991541579598,0.002523494101857855,0.002874300491640126,0.0017585552404701527,0.002351609022623562,0.003997584562074762,0.0018997824546948192,0.002359147841888223,0.005048998555519619,0.0026551721450139513,0.0035321881194696272,0.001995274165380539,0.0037729277479878337,0.00210785386639949,0.0024832870657796567,0.0015288725468734499,0.001065989044023205,0.0003678943801155056,0.0004407696330072375,0.0036296901819592563,0.0015504838287654817,0.00395034129468288,0.0019857249943119673,0.0035668666880870736,0.003433178293127068,0.0009076738394653023,0.0007971044902502604,0.0014268471928250252,0.0018766634089498573,0.00016886955152842914,0.002058097659252722,0.0012207861329242634,0.0012052059064439624,0.0025425924439949985,0.003171832558618786,0.004373520349405906,0.004581591761110577,0.000980549092357036,0.00344272746419564,0.0005272147605753612,0.0007860475553287567,0.0006845247892313076,0.0014172980217564534,0.0008428399937892104,0.0013600029953450225,0.0016881929273333072,0.001278081159335696,0.004514747563630572,0.004150371299171911,0.004783632117403517,0.006052164105670639,0.0013981996796193098,0.00022867751769474823,0.000457857623340472,0.000782026851720935,0.0014268471928250252,0.0009096841912692132,0.0033799039703234553,0.0009116945430731223,0.0008925962009359786,0.0038774660417911465,0.001239884475061407,0.0008523891648577822,0.0004694171462129547,0.0014916810385011189,0.0005322406400851375,0.0004613757389973147,0.001232345655796746,0.0024471007333092803,0.0030175380576687033,0.002412924752642813,0.005376685899556926,0.0015585252359811216,0.00048047408113445836,0.001652006594862929,0.0027903683038268887,0.0009076738394653023,0.0012122421377576478,0.0012695371641690788,0.00025380691524361926,0.0009634611020238014,0.0011423824125717796,0.0037367414155174573,0.002252599196281001,0.0021706773602716747,0.001182589448649976,0.001138864296914937,0.0015449553613047298,0.001020253540484255,0.0019113419775673018,0.001489670686697208,0.0036573325192630173,0.0019892431099688083,0.0008604305720734222,0.00489219111481465,0.0033090390692356326,0.005203293056469702,0.0039232015453300965,0.0032577750982359325,0.0006523591603687512,0.0006101417724866422,0.0006598979796334122,0.0005513389822222811,0.0013941789760114898,0.002557670082524322,0.0015107793806382625,0.002464188723642513,0.0032004800718245015,0.005054527022980371,0.002138009143458139,0.004478561231160196,0.0005684269725555122,0.0006960843121037903,0.00011459005282286189,0.0007307628807212349,0.00160024003591225,0.0009348135888180859,0.0035130897773324836,0.0008011251938580821,0.002777301017101474,0.0037729277479878337,0.0014725826963639735,0.0006352711700355167,0.002305873519084612,0.0010755382150917769,0.0021696721843697184,0.0006332608182316075,0.0018022803922051918,0.0014916810385011189,0.0007287525289173258,0.0012836096267964479,0.0040322631306922065,0.0028552021495029823,0.0035226389484010554,0.0017052809176665417,0.00024224739237114004,0.0003643762644586629,0.0008277623552598867,0.001180579096846067,0.0022963243480160402,0.002933605869855466,0.0030401545154626897,0.0012625009328553934,0.001020253540484255,0.0015585252359811216,0.002008341452105952,0.0034522766352642117,0.000515152649751903,0.0023440702033588993,0.0013293451303353961,0.0010413622344253096,0.0016022503877161608,0.0018253994379501554,0.0015831520455790171,0.003662358398772792,0.0058249943518288265,0.002864751320571554,0.0036563273433610627,0.0018691245896851946,0.0012052059064439624,0.0002965268910767038,0.0013750806338743461,0.0003261795801843756,0.0012338534196496779,0.0016650738815883435,0.004501177688954182,0.004396639395150869,0.0036829645047628673,0.002626524631808236,0.0013333658339432161,0.0003678943801155056,0.002412924752642813,0.0013167804315609606,0.0002231490502339964,0.0011579626390520806,0.0012378741232574979,0.0004729352618697939,0.0018766634089498573,0.0012705423400710333,0.0006483384567609295,0.002759710438817264,0.0009614507502198923,0.0011212737186307251,0.0012147550775125342,0.0011026779644445605,0.00042518940652693654,0.0018847048161654955,0.0012665216364632133,0.0014610231734914925,0.005081164184382177,0.004566011534630274,0.003085890019001638,0.0033226089439120244,--,--,--
175,0.002065636478517383,0.0008051458974659004,0.0027943890074347087,0.0030748330840801343,0.002984869840855168,0.0042780286387201875,0.0027370939810232777,0.002004823336449111,0.0021917860542127274,0.0003930237776643801,0.0009544145189062068,0.000715182654240934,0.0006503488085648421,0.0007895656709855994,0.001278081159335696,0.0033035106017748807,0.0012474232943260697,0.002981351725198325,0.003330147763176687,0.0018731452932930145,0.0019223989124888055,0.0008981246683967305,0.002359147841888223,0.0015715925227065344,0.0017796639344112054,0.0026054159378671813,0.00045182656792874115,0.0014992198577657798,0.0018691245896851946,0.0019796939389002365,0.007657932609043643,0.0038834970972028756,0.001886212580018429,0.002555659730720413,0.0012951691496689288,0.00194350760642986,0.0006005926014180721,0.0002548120911455738,0.0008946065527398895,0.0013981996796193098,0.0012529517617868215,0.001239884475061407,0.004932398150892846,0.0025174630464461258,0.0025064061115246204,0.0008428399937892104,0.0024375515622407085,0.0013770909856782552,0.0010167354248274123,0.005069604661509694,0.0016384367201865372,0.0042895881615926685,0.0019223989124888055,0.0036658765144296345,0.006305468432963283,0.006668336933569012,0.002159117837399192,0.002361158193692134,0.004911289456951793,0.0008554046925636459,0.0012665216364632133,8.946065527399086e-05,0.001342915005011788,0.0011921386197185479,0.0028039381785032805,0.0005970744857612294,0.0034578051027249635,0.007366431597476712,0.001991253461772719,0.0003814642547918974,0.0009458705237395913,0.0014841422192364562,0.0006749756181627375,0.00021762058277324456,0.0007478508710544694,0.0010986572608367405,0.000877518562406655,0.006175800741611096,0.0024491110851131894,0.0025787787764653767,0.0015776235781182653,0.001129315125846365,0.0019997974569393364,0.0006312504664276984,0.0016424574237943572,0.0008428399937892104,0.0011041857282974923,0.0028913884819733587,0.0019530567774984318,0.0020219113267823437,0.004026232075280477,0.0042936088652004885,0.0032653139175005935,0.001539426893843978,0.00030708123804723195,0.0013559822917372025,0.0009614507502198923,0.000499572423271602,0.0010835796223074168,0.0024355412104367976,0.0038126321961150546,0.0034140799509899244,0.003994066446417919,0.0016499962430590199,0.0011252944222385451,0.0035668666880870736,0.0025385717403871785,0.00045986797514438113,0.0008373115263284568,0.002920035995179074,0.0018233890861462446,0.002099812459183852,0.001959087832910161,0.0027426224484840295,0.0034160903027938335,0.0038794763935950573,0.0014419248313543489,0.002056087307448811,0.0014801215156286362,0.0017449853657937608,0.0008373115263284568,0.0004111169438995657,0.0004875103124481403,0.0002613457345082837,0.002826554636297267,0.0026511514414061313,0.004461473240826961,0.0036317005337631655,0.004877113476285326,0.0018193683825384263,0.0017128197369312027,0.0011484134679835088,0.0002814492525473819,0.00012011852028361372,0.0018615857704205319,0.0022259620348791948,0.0027883579520229795,0.0010298027115528269,0.0009287825334063568,0.0041312729570347675,0.0036678868662335436,0.002172687712075584,0.0034120695991860135,0.0029919060721688533,0.0011594704029050142,0.0013398994773059242,0.0014705723445600644,0.0008714875069949259,0.0014992198577657798,0.0025064061115246204,0.0026054159378671813,0.006561285700010813,0.002161128189203103,0.004869574657020663,0.0018118295632737636,0.001664068705686389,0.0024300127429760458,0.001095641733130875,0.0016248668455101471,0.000616172827898373,0.0009348135888180859,0.0021264496205856565,0.001388650508550738,0.0014193083735603625,0.0027923786556307995,0.0031683144429619434,0.001335376185747127,0.001216765429316445,0.0008508814010048486,0.0032557647464320216,0.0007704673288484558,0.002406893697231082,0.0012227964847281742,0.0017625759440779726,0.0017223689079997745,0.0041905783352501075,0.003131625522540588,0.003068802028668405,0.0011464031161795996,0.001546965713108639,0.0010840822102583941,0.0001945015370282792,0.000865959039534174,0.0004292101101347548,0.001331355482139307,0.004566011534630274,0.0059300352335831166,0.0058249943518288265,0.002216412863810623,0.0018731452932930145,0.0004462981004679893,0.0010147250730235032,0.0003890030740565584,0.00046991973416393024,0.0006312504664276984,0.0009900982634256077,0.0006905558446430385,0.0026360738028768076,0.001636426368382628,0.0036181306590867754,0.004602197867100652,0.001957077481106252,0.0043011476844651494,0.0008468606973970304,0.002470219779054244,0.0025270122175146976,0.0033643237438431544,0.0015600329998340535,0.0014172980217564534,0.0024280023911721366,0.004383069520474478,0.003708093902311742,0.0029602430312572724,0.0027561923231604214,0.0036201410108906845,0.002614965108935753,0.0019414972546259492,0.0007212137096526648,0.00046539644260513297,0.0019304403197044455,0.002406893697231082,0.002319443393761004,0.004068449463162583,0.0040398019499568675,0.0030441752190705097,0.0027064361160136514,0.0017203585561958654,0.0011328332415032078,0.001652006594862929,0.0017545345368623327,0.0032919510789024,0.0013635211110018652,0.00179675192474444,0.002612954757131844,0.004215205144848003,0.002761720790621173,0.0003397494548607674,0.002559680434328233,0.0002879828959100883,0.0008880729093771814,0.00043574375349746466,0.002824544284493356,0.001274060455727876,0.0005357587557419802,0.0038357512418600165,0.004779611413795697,0.0019223989124888055,0.0049017402858832215,0.0019666266521748237,0.0012665216364632133,0.002573250309004623,0.001485649983089388,0.004316225322994475,0.0006151676519964185,0.0010348285910626014,0.0017319180790683463,0.000964968865876735,0.0004462981004679893,0.007835346155738688,0.0047037206331981,0.004608228922512381,0.0015374165420400671,0.0033130597728434526,0.00017188507923429283,0.0015524941805693908,0.0013579926435411116,0.0001085589974111345,0.0014570024698836725,0.004442374898689818,0.0037804665672524964,0.0010584502247585423,0.002202842989134231,0.003807103728654301,0.0015866701612358598,0.005199272352861882,0.003194951604363748,0.0008393218781323694,0.0009996474344941796,0.0012876303304042679,0.0009900982634256077,0.0005493286304183685,0.0028878703663165178,0.004499669925101249,0.0032004800718245015,0.003135646226148408,0.00022716975384181465,0.0004196609390661847,0.0019455179582337691,0.0009041557238084613,0.00028597254410617917,0.0004980646594186684,0.0007513689867113121,0.001960595596763093,0.0018766634089498573,0.001955067129302341,0.003601042668753541,0.007720756102915826,0.004692161110325619,0.002138009143458139,0.004016682904211906,0.00022415422613595096,0.00215358936993844,0.0020887555242623465,0.004034273482496116,0.0010147250730235032,0.004070459814966494,0.005527462284850166,0.0032597854500398416,0.0014725826963639735,0.0026893481256804186,0.003011507002256974,0.0018213787343423354,0.0024375515622407085,0.004146350595564091,0.0018309279054109073,0.002294313996212131,0.005285214892479028,0.002561690786132142,0.0035764158591556454,0.0019188807968319645,0.0039272222489379165,0.002163138541007012,0.0025290225693186067,0.0016097892069808217,0.0010795589186995969,0.00038548495839971567,0.00043674892939941923,0.003700052495096102,0.0015660640552457826,0.004034273482496116,0.0022219413312713748,0.0038759582779382146,0.0034256394738624053,0.000964968865876735,0.0008182131841913132,0.001542945009500819,0.001844497780087299,0.00017841872259699923,0.0021324806759973874,0.0013027079689335915,0.0013238166628746443,0.0023842772394370975,0.003131625522540588,0.0046976895777863705,0.004853994430540362,0.001012714721219594,0.0037136223697724936,0.0005427949870556621,0.0008086640131227431,0.0006523591603687512,0.0014112669663447243,0.0008966169045437986,0.001274060455727876,0.0017449853657937608,0.001335376185747127,0.004934408502696757,0.004325774494063047,0.004871585008824574,0.006379851449707947,0.0014821318674325453,0.0002367189249103882,0.0005121371220460393,0.0008141924805834949,0.0015278673709714953,0.0010011551983471114,0.0034160903027938335,0.0008222338877991349,0.0007478508710544694,0.00420213785812259,0.0012720501039239652,0.0009021453720045505,0.0004824844329383675,0.0014610231734914925,0.0005799864954279949,0.00045182656792874115,0.0012795889231886279,0.0022928062323591975,0.0032617958018437507,0.0023802565358292775,0.005561638265516634,0.0015142974962951035,0.00045986797514438113,0.001682161871921578,0.002931595518051557,0.0008332908227206386,0.0011976670871793015,0.0013162778436099833,0.0002613457345082837,0.0011634911065128324,0.0010584502247585423,0.0037287000083018173,0.002248578492673181,0.0022470707288202493,0.0012705423400710333,0.0011443927643756888,0.0016766334044608245,0.0010468907018860614,0.0018847048161654955,0.0016138099105886417,0.003921693781477165,0.002168667008467764,0.0010393518826213987,0.0051138324011957125,0.0033055209535787916,0.005239479388940078,0.00409307627276048,0.0034371989967348863,0.0007342809963780776,0.0006372815218394258,0.0006543695121726603,0.0005453079268105503,0.0015203285517068343,0.0026913584774843277,0.0016329082527257854,0.002273707890222054,0.0033226089439120244,0.005128910039725036,0.0021932938180656593,0.004711259452462762,0.0005990848375651385,0.0007131723024370248,9.147100707789999e-05,0.0007915760227895086,0.0016861825755293963,0.0010564398729546332,0.0036337108855670763,0.0006905558446430385,0.002834093455561928,0.004150371299171911,0.0015409346576969098,0.0007212137096526648,0.002468209427250333,0.001130822889699297,0.0023033605793297256,0.0006503488085648421,0.001794741572940529,0.0015791313419711971,0.000657887627829503,0.0014017177952761525,0.004310696855533721,0.003034626048001938,0.0037136223697724936,0.0017108093851272935,0.0002764233730376056,0.0003814642547918974,0.0008714875069949259,0.0012052059064439624,0.002262148367349573,0.002933605869855466,0.0035306803556166954,0.001024274244092075,0.0010911184415720778,0.0015851623973829262,0.0021209211531249047,0.0035532968134106818,0.0005644062689476939,0.0024355412104367976,0.0014750956361188616,0.0010604605765624532,0.0017374465465290981,0.0018766634089498573,0.0016439651876472908,0.003963408581408293,0.005966221566053493,0.002922046346982985,0.0038603780514579137,0.0020349786135077583,0.0013218063110707352,0.00030054759468452555,0.0015258570191675862,0.00031663040911580204,0.001281599274992537,0.0017263896116075945,0.004442374898689818,0.004632855732110277,0.00389656438392829,0.0025481209114557504,0.0013534693519823143,0.0003930237776643801,0.0024852974175835676,0.0013801065133841207,0.0002367189249103882,0.0011675118101206524,0.0012474232943260697,0.000524701820820473,0.0019284299679005364,0.001281599274992537,0.000707643834976273,0.0029009376530419306,0.0009860775598177877,0.001129315125846365,0.0012931587978650197,0.0011539419354442606,0.00046539644260513297,0.0019128497414202337,0.0012971795014728397,0.0014725826963639735,0.005393773889890161,0.004871585008824574,0.0032617958018437507,0.003549778697753839,--,--,--
176,0.002161128189203103,0.000823741651652065,0.002977331021590507,0.0032994898981670608,0.003147205749020889,0.004167459289505144,0.002729555161758615,0.0018997824546948192,0.0022279723866831056,0.0004196609390661847,0.001081569270503506,0.0007895656709855994,0.0007011101916135631,0.0008202235359952258,0.0012836096267964479,0.00343870676058782,0.0014112669663447243,0.0024013652297703303,0.0029451653927279487,0.001798762276548349,0.00204854848818415,0.0008946065527398895,0.0025883279475339485,0.0017640837079309045,0.0018349486090187273,0.0027541819713565122,0.000507111242536263,0.0016650738815883435,0.001995274165380539,0.002006331100302043,0.006938729251194889,0.0036794463891060246,0.0018424874282833882,0.002729555161758615,0.0014248368410211144,0.002111371982056333,0.0006533643362707058,0.0002899932477139974,0.0009172230105338741,0.0014761008120208162,0.0012665216364632133,0.0011061960801014015,0.004737896613864567,0.002420463571907474,0.0025918460631907895,0.0008795289142105658,0.002408904049034993,0.0014570024698836725,0.0011177556029738842,0.0052088215239304535,0.0017319180790683463,0.0045393743732284695,0.0020274397942430956,0.0036658765144296345,0.0057908183711623575,0.006534648538609007,0.0022847648251435593,0.002507913875377554,0.005169117075803233,0.0009554196948081631,0.001281599274992537,0.0001030305299503792,0.0014761008120208162,0.0012112369618556915,0.0030497036865312615,0.0005091215943401721,0.003227117233226306,0.0074729802430839355,0.0020294501460470064,0.00038347460659580654,0.0009880879116216969,0.0015565148841772108,0.0007875553191816903,0.00021561023096933196,0.000806653661318834,0.0010825744464054605,0.0007096541867801821,0.005893848901112738,0.002216412863810623,0.002367189249103863,0.0016173280262454844,0.0012494336461299788,0.00212393668083077,0.0006970894880057449,0.0017052809176665417,0.0008523891648577822,0.0011956567353753906,0.003072822732276225,0.0020219113267823437,0.0019857249943119673,0.003858367699654003,0.004354422007268762,0.003389453141392027,0.001689700691186239,0.00032215887657655734,0.001373070282070437,0.001077548566895686,0.000507111242536263,0.0011594704029050142,0.0024988672922599594,0.004188567983446198,0.0035402295266852672,0.0037116120179685828,0.0013981996796193098,0.001239884475061407,0.0038262020707914447,0.002722016342493954,0.0004844947847422766,0.000869979743141994,0.0029527042119926097,0.0019741654714394846,0.002200832637330322,0.00209026328811528,0.002811476997767943,0.002988890544462988,0.0036241617144985045,0.0014745930481678843,0.002151579018134531,0.001588680513039769,0.0018178606186854927,0.0008689745672400377,0.0004312204619386674,0.0005111319461440812,0.0002613457345082837,0.0028436426266304996,0.0026436126221414686,0.004142832479907248,0.0034140799509899244,0.005083174536186086,0.001996781929233471,0.0019741654714394846,0.0012886355063062224,0.00028898807181204286,0.00013067286725414184,0.0018309279054109073,0.002355629726231382,0.003078351199736977,0.0009328032370141768,0.0007287525289173258,0.0037442802347821182,0.0037271922444488854,0.002303863167280703,0.0035095716616756426,0.0029828594890512587,0.0010946365572289205,0.0013715625182175034,0.0015449553613047298,0.0008966169045437986,0.0015142974962951035,0.0025521416150635703,0.002307883870888521,0.006454234466452612,0.0022335008541438574,0.005138459210793608,0.0019264196160966255,0.00172538443570564,0.002569229605396805,0.0010669942199251596,0.0016957317465979699,0.0006257219989669466,0.0009745180369453068,0.00234608055516281,0.0013579926435411116,0.0011710299257774951,0.0029486835083847914,0.0034693646255974445,0.0014821318674325453,0.001278081159335696,0.0009267721816024459,0.003494494023146319,0.0007945915504953723,0.002561690786132142,0.0013102467881982525,0.0014745930481678843,0.0014554947060307407,0.00429913733266124,0.00320450077543232,0.003486452615930679,0.0012931587978650197,0.0016233590816572135,0.0011464031161795996,0.0001985222406361009,0.0009157152466809423,0.0004327282257915975,0.0012971795014728397,0.004471022411895533,0.005382716954968655,0.0057792588482898765,0.0022546095480849102,0.001964616300370913,0.0005262095846734066,0.0010453829380331278,0.0004045833005368593,0.0005357587557419802,0.0006533643362707058,0.0010453829380331278,0.0006141624760944639,0.002452629200770032,0.0012931587978650197,0.0035151001291363945,0.004985672473696459,0.002096294343527009,0.004438354195081998,0.0009021453720045505,0.0025425924439949985,0.0026054159378671813,0.003549778697753839,0.0016690945851961635,0.0015545045323733016,0.002367189249103863,0.00440417821441553,0.0035532968134106818,0.0030195484094726124,0.002864751320571554,0.003898574735732201,0.0026797989546118468,0.0020731752977820456,0.0007383016999858959,0.0004709249100658848,0.002052066603840993,0.002468209427250333,0.002218423215614534,0.003680954152958958,0.004016682904211906,0.0031909309007559297,0.002975320669786596,0.0018178606186854927,0.001186610152257796,0.001735436194725189,0.001743477601940829,0.0035573175170185017,0.0014685619927561552,0.0018731452932930145,0.002262148367349573,0.0038186632515267837,0.002624514280004325,0.00036035556085084464,0.0026968869449450796,0.00032065111272362376,0.0008870677334752268,0.0004674067944090421,0.0029145075277183224,0.001327334778531487,0.0005628985050947603,0.003797554557585729,0.00499723199656894,0.0016746230526569154,0.004980144006235707,0.00189375139928309,0.0014801215156286362,0.0028552021495029823,0.001634416016578719,0.004502182864856137,0.0006227064712610794,0.0011187607788758387,0.0018731452932930145,0.0009403420562788378,0.00040056259692904106,0.007496099288828899,0.004531835553963807,0.0048600254859520915,0.0015565148841772108,0.0034789137966660163,0.00018897306956752735,0.001588680513039769,0.0014951991541579598,0.0001030305299503792,0.0014725826963639735,0.004632855732110277,0.003898574735732201,0.0009041557238084613,0.0020983046953309183,0.004100615092025141,0.0017203585561958654,0.005560130501663702,0.003440717112391729,0.000877518562406655,0.0010966469090328296,0.0012931587978650197,0.0009976370826902687,0.0006639186832412339,0.002823036520640424,0.0044403645468859086,0.003173842910422695,0.003169822206814875,0.0002613457345082837,0.0004196609390661847,0.0020158802713706146,0.001022263892288166,0.0003432675705176101,0.0005473182786144594,0.000823741651652065,0.0020219113267823437,0.001854046951155871,0.0016233590816572135,0.003585965030224217,0.007675020599376876,0.005014319986902174,0.0022752156540749875,0.004114184966701533,0.0002528017393416647,0.002269687186614234,0.0022832570612906257,0.004442374898689818,0.0010679993958271142,0.003951849058535812,0.0053098417020769235,0.0032024904236284107,0.0015565148841772108,0.0028531917976990714,0.0032024904236284107,0.0019404920787239946,0.0025290225693186067,0.004280038990524097,0.0018635961222244427,0.002372717716564615,0.005613404824467313,0.0026436126221414686,0.003476903444862107,0.0018274097897540646,0.004052869236682282,0.0022676768348103248,0.0027009076485528995,0.0017736328789994763,0.0010835796223074168,0.00047695596547761565,0.00048650513654618574,0.003910134258604682,0.0015736028745104453,0.003692513675831439,0.001840477076479479,0.0036412497048317373,0.0034522766352642117,0.0010011551983471114,0.0009001350202006413,0.0016057685033730035,0.0019837146425080564,0.00020003000448903102,0.002157107485595283,0.001331355482139307,0.0013218063110707352,0.0023229615094178466,0.002864751320571554,0.0045393743732284695,0.0050047708158336025,0.0010966469090328296,0.004112174614897624,0.000566416620751603,0.000823741651652065,0.0007036231313684513,0.0014514740024229207,0.0010011551983471114,0.0013142674918060725,0.0014705723445600644,0.0013067286725414115,0.004621296209237796,0.00429511662905342,0.004943957673765329,0.006805543444185861,0.0015866701612358598,0.0002563198549985074,0.0005608881532908512,0.0008714875069949259,0.0016384367201865372,0.001065989044023205,0.0032557647464320216,0.0005799864954279949,0.0006483384567609295,0.004385079872278387,0.0013675418146096834,0.0009916060272785396,0.0005377691075458893,0.0015565148841772108,0.0006026029532219812,0.00045986797514438113,0.0013504538242764506,0.002456649904377852,0.0026094366414750013,0.0019932638135766283,0.005237469037136169,0.0015545045323733016,0.0004789663172815248,0.001854046951155871,0.0031758532622266043,0.0008850573816713177,0.0011856049763558415,0.0014228264892172052,0.0002477758598318919,0.0010795589186995969,0.000919233362337785,0.0033150701246473634,0.002151579018134531,0.0022832570612906257,0.001274060455727876,0.0012072162582478733,0.0018178606186854927,0.0010298027115528269,0.0020314604978509156,0.0017851924018719573,0.004113179790799578,0.0020792063531937747,0.0008297727070637959,0.004678591235649227,0.0029642637348650924,0.00544151974523302,0.004432825727621246,0.0036794463891060246,0.0008126847167305613,0.0006387892856923594,0.0007287525289173258,0.0005799864954279949,0.0016138099105886417,0.0029527042119926097,0.0013770909856782552,0.0020143725075176828,0.0032140499465008916,0.005356079793566851,0.0023345210322903275,0.004899729934079312,0.0006005926014180721,0.0007780061481131167,0.00012011852028361372,0.000869979743141994,0.0018063010958130118,0.0011026779644445605,0.003591493497684969,0.0005397794593497984,0.002868772024179374,0.004512737211826663,0.001647985891255109,0.0007734828565543195,0.002603405586063272,0.0011594704029050142,0.0023777435960743894,0.0007438301674466477,0.0018213787343423354,0.0016575350623236808,0.0007458405192505603,0.0013921686242075806,0.004188567983446198,0.0030954391900702097,0.003843290061124679,0.0017278973754605263,0.00033170804764512743,0.00041212211980152375,0.0009363213526710178,0.001186610152257796,0.0023822668876331866,0.0029145075277183224,0.0032060085392852534,0.000749358634907403,0.0009614507502198923,0.0015756132263143544,0.0022812467094867166,0.0038221813671836264,0.0006387892856923594,0.002509924227181463,0.001471577520462019,0.001127304774042456,0.001886212580018429,0.0019379791389691082,0.001327334778531487,0.003938781771810397,0.006110966895935004,0.0029868801926590787,0.0040739779306233365,0.002311904574496341,0.0014514740024229207,0.00032517440428242103,0.001576618402216309,0.00029552171517474926,0.001281599274992537,0.0017796639344112054,0.004371509997601995,0.004358442710876582,0.0037613682251153528,0.0026627109642786122,0.0014087540265898361,0.00044227739686017106,0.0025938564149947003,0.0015097742047363062,0.00029552171517474926,0.0012207861329242634,0.0012418948268653179,0.00038699272225264925,0.0016459755394512,0.0010720200994349342,0.0005875253146926593,0.0027788087809544077,0.0010489010536899705,0.0011996774389832106,0.0013620133471489316,0.0011941489715224587,0.0005056034786833294,0.0020771960013898656,0.0013197959592668243,0.0014514740024229207,0.005081164184382177,0.0045549545997087704,0.0032617958018437507,0.00365280922770422,--,--,--
177,0.002258127663741753,0.0008428399937892104,0.0031663040911580325,0.0035286700038127863,0.0033090390692356326,0.004058900292094011,0.002722016342493954,0.00179675192474444,0.002266169070957393,0.00044830845227189844,0.0012092266100517824,0.0008639486877302632,0.0007523741626132667,0.0008488710492009395,0.0012911484460611088,0.0035764158591556454,0.0015756132263143544,0.0018309279054109073,0.0025637011379360513,0.0017278973754605263,0.0021762058277324265,0.0008925962009359786,0.002819015817032604,0.001959087832910161,0.0018882229318223382,0.0029049583566497506,0.000566416620751603,0.0018309279054109073,0.0021229315049288155,0.0020334708496548264,0.006227567300561775,0.0034789137966660163,0.0018022803922051918,0.0029069687084536614,0.0015565148841772108,0.0022792363576828057,0.0007066386590743184,0.00032416922838046647,0.0009423524080827486,0.0015600329998340535,0.0012836096267964479,0.0009689895694845532,0.0045469131924931305,0.0023229615094178466,0.0026838196582196668,0.0009157152466809423,0.0023802565358292775,0.001539426893843978,0.0012207861329242634,0.00535004873815512,0.0018253994379501554,0.004795191640276,0.0021344910278012965,0.0036698972180374528,0.005285214892479028,0.006404980847256821,0.002410914400838902,0.0026586902606707923,0.0054304628103115146,0.0010564398729546332,0.0012986872653257715,0.00011609781667579547,0.0016097892069808217,0.0012338534196496779,0.0033015002499709716,0.0004196609390661847,0.0029984397155315597,0.007583549592298977,0.002065636478517383,0.00038548495839971567,0.0010318130633567377,0.0016288875491179654,0.0009001350202006413,0.00021561023096933196,0.000865959039534174,0.0010690045717290687,0.0005417898111537076,0.005611394472663404,0.0019857249943119673,0.002161128189203103,0.0016595454141275917,0.0013715625182175034,0.0022515940203790465,0.0007639336854857494,0.0017721251151465445,0.000861938335926354,0.0012891380942571997,0.0032537543946281125,0.0020942839917230983,0.001951046425694521,0.00369050332402753,0.004423276556552674,0.0035171104809403036,0.0018424874282833882,0.0003377391030568583,0.001390660860354647,0.0011941489715224587,0.000515152649751903,0.0012378741232574979,0.0025637011379360513,0.004566011534630274,0.0036698972180374528,0.0034296601774702253,0.0011499212318364423,0.0013559822917372025,0.004087547805299727,0.0029084764723065933,0.0005091215943401721,0.0009021453720045505,0.0029868801926590787,0.0021264496205856565,0.002303863167280703,0.0022259620348791948,0.002876310843444035,0.002569229605396805,0.003375883266715637,0.0015122871444911944,0.002252599196281001,0.0016992498622548109,0.0018922436354301582,0.0009001350202006413,0.00045182656792874115,0.0005357587557419802,0.0002613457345082837,0.002868772024179374,0.0026395919185336486,0.0038297201864482874,0.00320450077543232,0.0052947640635476,0.0021762058277324265,0.0022335008541438574,0.0014293601325799116,0.0002965268910767038,0.0001412272142246665,0.0018022803922051918,0.0024873077693874767,0.0033723651510587944,0.0008353011745245477,0.0005262095846734066,0.0033587952763824026,0.0037920260901249773,0.0024395619140446176,0.003612602191626022,0.0029783361974924615,0.0010338234151606469,0.0014037281470800616,0.0016193383780493936,0.0009212437141416941,0.001531385486628338,0.0026013952342593613,0.002006331100302043,0.006357234991913962,0.002305873519084612,0.005411364468174371,0.0020410096689194874,0.0017861975777739136,0.0027104568196214714,0.0010393518826213987,0.0017721251151465445,0.0006372815218394258,0.0010147250730235032,0.002569229605396805,0.001331355482139307,0.000923254065945605,0.0031049883611387816,0.0037744355118407655,0.0016288875491179654,0.0013409046532078788,0.0010031655501510223,0.0037307103601057264,0.0008182131841913132,0.002722016342493954,0.0013941789760114898,0.001186610152257796,0.001186610152257796,0.004411717033680193,0.003282401907833828,0.003906113554996862,0.0014419248313543489,0.0017012602140587217,0.0012082214341498278,0.00020204035629294015,0.0009659740417786895,0.00043875928120332836,0.0012645112846593042,0.004375530701209815,0.004840927143814948,0.005735533696554837,0.0022963243480160402,0.002060108011056631,0.0006046133050258903,0.0010755382150917769,0.00042167129087009383,0.0006015977773200266,0.0006759807940646921,0.0011006676126406496,0.0005377691075458893,0.002273707890222054,0.0009498912273474096,0.0034201110064016535,0.005373167783900084,0.0022375215577516774,0.004575560705698846,0.0009594403984159814,0.002614965108935753,0.0026873377738765077,0.003738249179370389,0.0017776535826072963,0.0016917110429901499,0.002309894222692432,0.004428805024013426,0.0034045307799213526,0.003084382255148706,0.002975320669786596,0.004183039515985447,0.0027466431520918495,0.002206863692742051,0.0007574000421230395,0.0004789663172815248,0.0021762058277324265,0.0025290225693186067,0.0021209211531249047,0.003293961430706309,0.003994066446417919,0.003341707286049168,0.0032482259271673607,0.0019148600932241445,0.0012434025907182497,0.0018233890861462446,0.001735436194725189,0.0038241917189875355,0.0015756132263143544,0.0019530567774984318,0.0019073212739594819,0.0034181006545977426,0.0024873077693874767,0.00038347460659580654,0.0028381141591697478,0.0003508063897822711,0.0008850573816713177,0.000499572423271602,0.0030079888866001315,0.001384629804942918,0.0005895356664965684,0.0037648863407721937,0.005222391398606845,0.001430365308481868,0.005067594309705785,0.0018253994379501554,0.001693721394794059,0.0031411746936091597,0.0017851924018719573,0.004691155934423664,0.000632255642329653,0.001202692966689076,0.0020158802713706146,0.0009172230105338741,0.00035834520904693204,0.007171427472497455,0.004367991881945154,0.005115340165048644,0.0015791313419711971,0.003650798875900309,0.000208071411704671,0.0016248668455101471,0.0016329082527257854,9.750206248962737e-05,0.0014876603348932989,0.004829367620942467,0.004018693256015815,0.0007513689867113121,0.001995274165380539,0.004398147159003801,0.00185605730295978,0.005922496414318454,0.003692513675831439,0.0009172230105338741,0.0011941489715224587,0.0013006976171296807,0.0010071862537588405,0.0007800164999170259,0.0027561923231604214,0.004387090224082298,0.0031451953972169797,0.003215557710353825,0.00029552171517474926,0.00042368164267400296,0.0020887555242623465,0.0011443927643756888,0.0004025729487329502,0.0005950641339573202,0.0008981246683967305,0.0020867451724584374,0.0018289175536069981,0.0012931587978650197,0.0035723951555478254,0.007644865322318228,0.005340499567086548,0.002418453220103565,0.004215205144848003,0.0002814492525473819,0.0023877953550939385,0.0024797689501228157,0.0048524866666874306,0.001123284070434636,0.0038357512418600165,0.005096241822911501,0.0031492161008247997,0.0016439651876472908,0.003023066525129455,0.003399002312460599,0.0020616157749095646,0.002622503928200416,0.004413727385484102,0.0018997824546948192,0.002456649904377852,0.005951143927524169,0.002723524106346886,0.003381914322127366,0.001739456898333009,0.004183039515985447,0.002376738420172435,0.002874300491640126,0.0019404920787239946,0.0010891080897681687,0.0005704373243594248,0.0005377691075458893,0.004125744489574016,0.0015811416937751063,0.0033587952763824026,0.0014630335252954017,0.0034140799509899244,0.0034789137966660163,0.0010413622344253096,0.0009820568562099678,0.0016706023490490954,0.0021249418567327247,0.0002231490502339964,0.0021857549988009983,0.0013620133471489316,0.0013197959592668243,0.002260138015545662,0.002603405586063272,0.0043885979879352294,0.0051630860203915035,0.001180579096846067,0.004514747563630572,0.000590540842398523,0.0008413322299362785,0.0007553896903191304,0.001493691390305028,0.0011072012560033578,0.0013559822917372025,0.0011976670871793015,0.001278081159335696,0.004306676151925903,0.004274510523063345,0.005023869157970746,0.007238271669977458,0.0016917110429901499,0.0002774285489395602,0.0006096391845356666,0.0009307928852102659,0.0017490060694015808,0.0011328332415032078,0.0031034805972858497,0.0003377391030568583,0.0005493286304183685,0.004568021886434185,0.0014650438770993125,0.001081569270503506,0.0005950641339573202,0.0016555247105197717,0.0006257219989669466,0.0004674067944090421,0.0014228264892172052,0.002622503928200416,0.001955067129302341,0.00160024003591225,0.004924859331628185,0.001594711568451498,0.000499572423271602,0.0020239216785862546,0.0034256394738624053,0.0009363213526710178,0.0011730402775814042,0.001531385486628338,0.0002367189249103882,0.0009956267308863596,0.000782026851720935,0.0029104868241105024,0.002056087307448811,0.002321453745564913,0.0012795889231886279,0.0012685319882671225,0.001959087832910161,0.0010147250730235032,0.0021782161795363356,0.001957077481106252,0.004311702031435678,0.0019892431099688083,0.000623711647163034,0.00425340182912229,0.002626524631808236,0.005649591156937691,0.004778103649942765,0.0039232015453300965,0.0008915910250340241,0.0006407996374962685,0.0008031355456619912,0.000616172827898373,0.0017108093851272935,0.003215557710353825,0.0011212737186307251,0.0017585552404701527,0.0031110194165505124,0.0055867676630655064,0.0024757482465149958,0.005090713355450749,0.0006026029532219812,0.0008448503455931195,0.00014876603348933093,0.0009478808755435005,0.0019284299679005364,0.0011519315836403515,0.003551286461606771,0.0003910134258604675,0.0029104868241105024,0.004882641943746078,0.0017605655922740618,0.0008267571793579322,0.0027406120966801204,0.0011881179161107296,0.0024511214369171003,0.0008393218781323694,0.0018480158957441418,0.0017374465465290981,0.0008332908227206386,0.0013811116892860752,0.0040739779306233365,0.0031602730357463034,0.0039784862199376166,0.0017490060694015808,0.0003890030740565584,0.00044227739686017106,0.0010011551983471114,0.0011675118101206524,0.0025064061115246204,0.0028954091855811787,0.002885860014512607,0.0004749456136737065,0.000831783058867705,0.0015695821709026253,0.0024430800297014603,0.004095086624564389,0.000715182654240934,0.0025863175957300377,0.0014655464650502898,0.0011941489715224587,0.0020369889653116674,0.002000802632841291,0.0010031655501510223,0.003921693781477165,0.006261743281228244,0.0030517140383351706,0.004291598513396578,0.0025883279475339485,0.0015831520455790171,0.0003498012138803165,0.0016288875491179654,0.0002744130212336965,0.001285619978600357,0.0018349486090187273,0.0043011476844651494,0.004091065920956569,0.0036296901819592563,0.0027788087809544077,0.001464038701197358,0.0004940439558108502,0.0027044257642097422,0.001640447071990448,0.0003508063897822711,0.001278081159335696,0.0012358637714535887,0.0002477758598318919,0.0013635211110018652,0.0008639486877302632,0.00046539644260513297,0.0026627109642786122,0.0011137348993660642,0.0012720501039239652,0.001428354956677957,0.0012338534196496779,0.0005453079268105503,0.0022420448493104747,0.001342915005011788,0.001432375660285777,0.004772072594531036,0.004238324190592967,0.0032693346211084134,0.0037613682251153528,--,--,--
178,0.002321453745564913,0.000873497858798835,0.0033110494210395434,0.0037156327215764028,0.003399002312460599,0.004015175140358972,0.002731565513562526,0.001735436194725189,0.0022887855287513775,0.0004824844329383675,0.001307733848443366,0.0009061660756123704,0.0007679543890935676,0.0008925962009359786,0.0013464331206686306,0.0036774360373021155,0.001652006594862929,0.0016329082527257854,0.002367189249103863,0.0016917110429901499,0.0022450603770163384,0.0009423524080827486,0.002939134337316218,0.002155097133791372,0.0019414972546259492,0.0030079888866001315,0.0006352711700355167,0.001995274165380539,0.0022259620348791948,0.0020636261267134737,0.0057295026411431065,0.0033703547992548835,0.0017796639344112054,0.0030557347419429906,0.0016610531779805236,0.002414935104446722,0.0007513689867113121,0.0003528167415861802,0.000980549092357036,0.0016861825755293963,0.0013082364363943434,0.000877518562406655,0.004527814850355987,0.002359147841888223,0.0027999174748954605,0.0009689895694845532,0.002321453745564913,0.001652006594862929,0.0013027079689335915,0.005327432280361135,0.0019359687871651973,0.005037439032647138,0.0022887855287513775,0.0037327207119096373,0.005100262526519321,0.006332608182316067,0.0025978771186025203,0.0028361038073658387,0.0056209436437319755,0.0011082064319053123,0.0013102467881982525,0.00013519615881293912,0.001693721394794059,0.0012911484460611088,0.003593503849488878,0.00035683744519400193,0.002832585691708996,0.007552891727289353,0.0020847348206545265,0.0003814642547918974,0.001065989044023205,0.001689700691186239,0.0009860775598177877,0.0002211386984300838,0.0009267721816024459,0.001099662436738695,0.0004538369197326503,0.0055219338173894145,0.0019148600932241445,0.002058097659252722,0.0016992498622548109,0.0014419248313543489,0.002357640078035291,0.0008554046925636459,0.0018233890861462446,0.0008714875069949259,0.001388650508550738,0.003433178293127068,0.002161128189203103,0.0020389993171155783,0.0035191208327442144,0.004574052941845914,0.0036794463891060246,0.0019857249943119673,0.00036035556085084464,0.001432375660285777,0.0012836096267964479,0.0005262095846734066,0.0013102467881982525,0.0026360738028768076,0.004733875910256749,0.0038759582779382146,0.0033035106017748807,0.0011061960801014015,0.0014554947060307407,0.0042936088652004885,0.003036636399805847,0.0005684269725555122,0.0009443627598866577,0.0029165178795222332,0.00230034505162386,0.0024300127429760458,0.0023938264105056693,0.0028838496627086978,0.002424484275515294,0.003284412259637737,0.0016595454141275917,0.002359147841888223,0.0018274097897540646,0.0019455179582337691,0.0009363213526710178,0.0004794689052325038,0.0005684269725555122,0.00026536643811610194,0.0029562223276494524,0.002777301017101474,0.0037709173961839246,0.0030441752190705097,0.005532990752310918,0.0022792363576828057,0.002408904049034993,0.001478111163824727,0.0002930087754198611,0.00015178156119519462,0.00179675192474444,0.0025637011379360513,0.0036241617144985045,0.0007478508710544694,0.00038548495839971567,0.0031185582358151734,0.00394632059107506,0.002567219253592894,0.0037804665672524964,0.0029828594890512587,0.0009900982634256077,0.0013780961615802115,0.0016992498622548109,0.0009765283887492159,0.001588680513039769,0.002763731142425084,0.0018424874282833882,0.006378343685855015,0.0023973445261625103,0.005704875831545211,0.002111371982056333,0.00182640461385211,0.0027979071230915514,0.0010187457766313232,0.00190179280649873,0.0006598979796334122,0.001077548566895686,0.002828564988101176,0.0012971795014728397,0.0007704673288484558,0.0032235991175694634,0.004077998634231155,0.0017711199392445882,0.0014002100314232189,0.001065989044023205,0.0037880053865171574,0.0008523891648577822,0.002880331547051855,0.0014685619927561552,0.0010489010536899705,0.001035833766964556,0.0045509338961009504,0.0035226389484010554,0.004116195318505444,0.0015715925227065344,0.0017736328789994763,0.0012529517617868215,0.00021561023096933196,0.001006181077856886,0.00045031880407581104,0.0013027079689335915,0.004379048816866658,0.00459867975144381,0.005827004703632736,0.002361158193692134,0.0021666566566638547,0.0006830170253783775,0.0011122271355131323,0.00044227739686017106,0.0006513539844667966,0.0007021153675155212,0.001130822889699297,0.0005035931268794203,0.002218423215614534,0.0007212137096526648,0.0034598154545288726,0.005735533696554837,0.002351609022623562,0.004630845380306368,0.0010147250730235032,0.0026586902606707923,0.0027883579520229795,0.0038794763935950573,0.001895761751087001,0.001798762276548349,0.002368697012956795,0.004438354195081998,0.003391463493195938,0.0031663040911580325,0.003082371903344797,0.004469012060091624,0.002807456294160123,0.0022812467094867166,0.0007684569770445467,0.0004940439558108502,0.002248578492673181,0.0025978771186025203,0.002172687712075584,0.003036636399805847,0.003934761068202577,0.003555307165214591,0.00349801213880316,0.001991253461772719,0.0013047183207375006,0.0019264196160966255,0.0017530267730094008,0.004064428759554765,0.001693721394794059,0.0020751856495859547,0.0016630635297844344,0.0032080188910891625,0.0025023854079168004,0.000457857623340472,0.0029562223276494524,0.0003910134258604675,0.0008629435118283086,0.000533245815987092,0.0030994598936780297,0.0014665516409522444,0.0006257219989669466,0.003843290061124679,0.0054244317548997854,0.0013695521664135943,0.0052721476057536135,0.001804290744009101,0.0018902332836262473,0.0033738729149117262,0.0019244092642927164,0.0046861300549138896,0.0006533643362707058,0.0012986872653257715,0.0021877653506049075,0.0009539119309552296,0.00035834520904693204,0.007099054807556701,0.004215205144848003,0.00529878476715542,0.0016630635297844344,0.0038337408900561074,0.00021912834662617467,0.001652006594862929,0.0017263896116075945,9.750206248962737e-05,0.0014951991541579598,0.005066086545852853,0.004104635795632961,0.0007362913481819867,0.001995274165380539,0.004684622291060956,0.0019721551196355755,0.006158712751277863,0.003938781771810397,0.000964968865876735,0.0012836096267964479,0.001281599274992537,0.0010433725862292187,0.0009041557238084613,0.0027064361160136514,0.0045469131924931305,0.0031090090647466016,0.0033949816088527807,0.00034728827412542837,0.0004312204619386674,0.00214956866633062,0.0012474232943260697,0.00046338609080122384,0.0006046133050258903,0.0010031655501510223,0.0021440401988698683,0.001804290744009101,0.0011559522872481715,0.003654316991557152,0.007724776806523646,0.0056802490219473156,0.002561690786132142,0.004320246026602293,0.0003090915898511411,0.002466199075446424,0.0025938564149947003,0.005218370694999025,0.0011976670871793015,0.00374980870224287,0.005018340690509994,0.0031587652718933715,0.0016861825755293963,0.003147205749020889,0.0035703848037439145,0.00214956866633062,0.0026380841546807168,0.0044976595732973395,0.0019837146425080564,0.0026054159378671813,0.006231085416218618,0.0028552021495029823,0.0034713749774013553,0.0017087990333233827,0.004251391477318381,0.0024511214369171003,0.003015527705864794,0.0020952891676250546,0.0010946365572289205,0.0006503488085648421,0.0005970744857612294,0.004322256378406204,0.0016193383780493936,0.003286422611441648,0.0013027079689335915,0.0034256394738624053,0.0035095716616756426,0.0010644812801702715,0.0010720200994349342,0.0017278973754605263,0.0021932938180656593,0.0002633560863121928,0.002212392160202803,0.0014172980217564534,0.0013826194531390088,0.002155097133791372,0.0025501312632596612,0.004419255852944854,0.005357587557419783,0.0012514439979338897,0.004785642469207428,0.0006026029532219812,0.0008604305720734222,0.000816202832387404,0.0015640537034418735,0.0012132473136596024,0.001436396363893597,0.0010986572608367405,0.0012795889231886279,0.004026232075280477,0.004392618691543049,0.005086692651842929,0.00769210858971011,0.0017640837079309045,0.00028898807181204286,0.0006558772760255939,0.0009976370826902687,0.0018369589608226364,0.0011901282679146388,0.0031240867032759252,0.0002613457345082837,0.0004960543076147593,0.004707238748854942,0.0015831520455790171,0.0011730402775814042,0.0006448203411040902,0.0017585552404701527,0.0006558772760255939,0.0004920336040069376,0.0014951991541579598,0.002823036520640424,0.0015600329998340535,0.0013067286725414115,0.00489219111481465,0.0016595454141275917,0.0005628985050947603,0.0020807141170467083,0.003702062846900011,0.0009498912273474096,0.001129315125846365,0.0016238616696081908,0.0002347085731064756,0.0009383317044749286,0.0007131723024370248,0.0028436426266304996,0.002060108011056631,0.0023249718612217557,0.0013122571400021633,0.001281599274992537,0.002060108011056631,0.0010071862537588405,0.0021917860542127274,0.00209026328811528,0.004545405428640199,0.0020028129846452,0.0005282199364773157,0.004095086624564389,0.0024511214369171003,0.0058325331710934875,0.005124889336117216,0.004114184966701533,0.0009840672080138786,0.0006543695121726603,0.0008373115263284568,0.0006558772760255939,0.0018138399150776727,0.0034522766352642117,0.0009880879116216969,0.001682161871921578,0.0031014702454819406,0.005815445180760255,0.0025521416150635703,0.005243500092547898,0.0006332608182316075,0.0008810366780634977,0.00017741354669504467,0.0010318130633567377,0.0020274397942430956,0.0012569724653946415,0.0036065711362142927,0.0003357287512529457,0.0030290975805411843,0.005285214892479028,0.00189375139928309,0.000840327054034324,0.0028421348627775678,0.0012227964847281742,0.002416442868299654,0.000923254065945605,0.0018806841125576755,0.0018289175536069981,0.0009458705237395913,0.001338894301403968,0.004022713959623635,0.0033150701246473634,0.004205655973779431,0.0018103217994208318,0.0004292101101347548,0.0004674067944090421,0.0010549321091016996,0.0011559522872481715,0.0025918460631907895,0.002931595518051557,0.0027486535038957587,0.00033020028379219385,0.0007192033578487522,0.0015811416937751063,0.0025747580728575567,0.004318235674798384,0.0007684569770445467,0.0026476333257492886,0.0014278523687269798,0.0012338534196496779,0.002117403037468062,0.0020219113267823437,0.0007860475553287567,0.003974968104280776,0.006513539844667954,0.0031240867032759252,0.004472530175748467,0.0028154977013757614,0.0017414672501369181,0.00039201860176242206,0.0016499962430590199,0.00025732503090046197,0.0013082364363943434,0.00189375139928309,0.004222743964112666,0.004049351121025439,0.00354776834594993,0.002874300491640126,0.0015067586770304425,0.0005397794593497984,0.0027963993592386178,0.0017364413706271436,0.00039855224512513193,0.0013579926435411116,0.001224304248581106,0.00016786437562647458,0.0011634911065128324,0.0007704673288484558,0.00035834520904693204,0.0027064361160136514,0.0011785687450421578,0.001338894301403968,0.0014514740024229207,0.0012951691496689288,0.0005950641339573202,0.002284262237192582,0.001373070282070437,0.001485649983089388,0.0045433950768362895,0.0040398019499568675,0.003288432963245557,0.0038930462682714474,--,--,--
179,0.00219932487347739,0.0008106743649266522,0.0030497036865312615,0.0035819443266163972,0.003185402433295176,0.0037251818926449746,0.0025501312632596612,0.0015791313419711971,0.0020942839917230983,0.0004844947847422766,0.0012207861329242634,0.000869979743141994,0.000707643834976273,0.0008584202202695113,0.0013067286725414115,0.0034045307799213526,0.001652006594862929,0.0014554947060307407,0.0022219413312713748,0.001652006594862929,0.002115392685664153,0.0009328032370141768,0.0027104568196214714,0.002164646304859944,0.00180077262835226,0.002819015817032604,0.0006086340086337121,0.0019681344160277555,0.0021249418567327247,0.0019073212739594819,0.005073625365117514,0.003085890019001638,0.0016268771973140563,0.0028361038073658387,0.0015756132263143544,0.002264158719153482,0.000699099839809654,0.0003890030740565584,0.0009669792176806441,0.0016308979009218762,0.001226314600385017,0.0008468606973970304,0.004211184441240185,0.002258127663741753,0.002622503928200416,0.000964968865876735,0.0021133823338602437,0.0015962193323044317,0.0012720501039239652,0.004934408502696757,0.0018635961222244427,0.004836906440207128,0.002256619899888821,0.0035668666880870736,0.004512737211826663,0.0058325331710934875,0.002571239957200714,0.0026586902606707923,0.00539578424169407,0.001028294947699895,0.0012454129425221606,0.0001563048527539919,0.00160024003591225,0.001239884475061407,0.0034638361581366926,0.0003432675705176101,0.0024948465886521394,0.007091515988292038,0.0019359687871651973,0.00036035556085084464,0.0010986572608367405,0.0016193383780493936,0.0009519015791513204,0.000208071411704671,0.0008981246683967305,0.0010624709283663623,0.0004312204619386674,0.0053098417020769235,0.0018329382572148164,0.001854046951155871,0.0015982296841083408,0.0014037281470800616,0.00219530416986957,0.000861938335926354,0.001689700691186239,0.0007955967263973268,0.0013333658339432161,0.0033110494210395434,0.0020239216785862546,0.002010351803909863,0.003139666929756228,0.00440417821441553,0.0035226389484010554,0.0019741654714394846,0.00036236591265475376,0.0013770909856782552,0.0013067286725414115,0.0004789663172815248,0.001232345655796746,0.002462178371838604,0.0045092190961698204,0.0037231715408410655,0.003078351199736977,0.0010891080897681687,0.0014650438770993125,0.004052869236682282,0.0028381141591697478,0.0006046133050258903,0.0008981246683967305,0.0025918460631907895,0.0022279723866831056,0.0023365313840942384,0.00230034505162386,0.002670249783543275,0.0022716975384181447,0.002988890544462988,0.0017168404405390227,0.002164646304859944,0.001739456898333009,0.0017585552404701527,0.0009076738394653023,0.00044830845227189844,0.0005654114448496485,0.00026536643811610194,0.0027486535038957587,0.002784839836366137,0.003646778172292491,0.002720005990690043,0.005191733533597219,0.0021877653506049075,0.002365178897299954,0.0013856349808448725,0.000290998423615952,0.00016786437562647458,0.0016097892069808217,0.0023707073647607057,0.003500022490607071,0.0006980946639076994,0.00033371839944903656,0.002717995638886134,0.0037784562154485855,0.0024430800297014603,0.0036698972180374528,0.0027225189304449313,0.0008946065527398895,0.001251946585884867,0.0016439651876472908,0.000923254065945605,0.001535406190236158,0.002571239957200714,0.0017052809176665417,0.005935563701043868,0.0023345210322903275,0.0055219338173894145,0.0019264196160966255,0.0017022653899606763,0.0026436126221414686,0.000941347232180794,0.0018465081318912082,0.0006257219989669466,0.0010489010536899705,0.002817005465228695,0.001232345655796746,0.0007418198156427386,0.0031049883611387816,0.004049351121025439,0.0017299077272644372,0.0013162778436099833,0.0010187457766313232,0.0035839546784203064,0.0008182131841913132,0.002720005990690043,0.0014037281470800616,0.0009539119309552296,0.0009860775598177877,0.00430315803626906,0.0035321881194696272,0.0038910359164675383,0.0014972095059618707,0.0016650738815883435,0.0011956567353753906,0.00022415422613595096,0.0009307928852102659,0.00042518940652693654,0.0012549621135907324,0.0041388117762994284,0.004226764667720486,0.005599834949790921,0.002200832637330322,0.0020254294424391864,0.0006830170253783775,0.0010318130633567377,0.00041212211980152375,0.0006428099893001776,0.0006704523266039403,0.0010489010536899705,0.0004920336040069376,0.001995274165380539,0.0006101417724866422,0.003297982134314129,0.005544550275183399,0.0022867751769474684,0.004318235674798384,0.0009709999212884641,0.0025270122175146976,0.0026300427474650768,0.003658337695164972,0.0017816742862151163,0.0016595454141275917,0.002359147841888223,0.004119713434162285,0.003229127585030217,0.002973310317982687,0.0029049583566497506,0.0042478733616615385,0.002620493576396505,0.002155097133791372,0.0007056334831723604,0.0004844947847422766,0.0021917860542127274,0.002368697012956795,0.0020389993171155783,0.002759710438817264,0.0036296901819592563,0.003494494023146319,0.0033608056281863117,0.0019128497414202337,0.001216765429316445,0.0018158502668815836,0.0016022503877161608,0.0038950566200753583,0.0017032705658626308,0.0019837146425080564,0.0014916810385011189,0.0029486835083847914,0.002414935104446722,0.00048047408113445836,0.002777301017101474,0.0004292101101347548,0.0008031355456619912,0.0005438001629576167,0.0029104868241105024,0.001373070282070437,0.0006086340086337121,0.0036256694783514364,0.005275665721410456,0.0013047183207375006,0.004970594835167135,0.0016766334044608245,0.001895761751087001,0.0031567549200894607,0.00183846672467557,0.00429913733266124,0.0006096391845356666,0.001274060455727876,0.002159117837399192,0.0009519015791513204,0.0003508063897822711,0.00645071635079577,0.003684974856566778,0.005157557552930752,0.0015866701612358598,0.0036678868662335436,0.00021561023096933196,0.0016077788551769126,0.0016329082527257854,8.795289142105728e-05,0.0013504538242764506,0.004808258927001412,0.0038930462682714474,0.0007307628807212349,0.0019148600932241445,0.0044820793468170386,0.0018615857704205319,0.0057908183711623575,0.003805093376850392,0.0009328032370141768,0.0012720501039239652,0.0011710299257774951,0.0009860775598177877,0.0009689895694845532,0.002573250309004623,0.004443882662542751,0.0029718025541297533,0.0032919510789024,0.00039654189332121934,0.00042368164267400296,0.002010351803909863,0.0012514439979338897,0.0004920336040069376,0.0005628985050947603,0.0010604605765624532,0.001995274165380539,0.0017530267730094008,0.0010413622344253096,0.0035648563362831627,0.007137251491830988,0.005510374294516932,0.002422473923711385,0.0039784862199376166,0.00031864076091971463,0.002361158193692134,0.0025023854079168004,0.005141977326450451,0.0011519315836403515,0.0034181006545977426,0.004695679225982461,0.002924056698786894,0.0015756132263143544,0.0029411446891201287,0.0033321581149805962,0.002012362155713772,0.002418453220103565,0.004205655973779431,0.0018997824546948192,0.0025501312632596612,0.005830522819289578,0.002811476997767943,0.0033150701246473634,0.0016670842333922527,0.0040282424270843865,0.0022676768348103248,0.002872290139836215,0.0020379941412136237,0.0009820568562099678,0.000665426447094164,0.0005875253146926593,0.004062418407750854,0.0015142974962951035,0.0030557347419429906,0.0012665216364632133,0.003282401907833828,0.003242697459706607,0.0009745180369453068,0.0010147250730235032,0.001634416016578719,0.0020807141170467083,0.00028345960435129103,0.002050558839988059,0.0014002100314232189,0.0013197959592668243,0.0020334708496548264,0.002355629726231382,0.004070459814966494,0.005090713355450749,0.001226314600385017,0.004604208218904561,0.0005799864954279949,0.0008126847167305613,0.0007935863745934177,0.0015047483252265317,0.0012122421377576478,0.001396189327815399,0.0010338234151606469,0.0012338534196496779,0.003662358398772792,0.004140822128103339,0.004684622291060956,0.00733929184812393,0.001634416016578719,0.0002764233730376056,0.0006267271748689011,0.000978538740553125,0.0018022803922051918,0.001123284070434636,0.0029547145637965205,0.00025732503090046197,0.0004613757389973147,0.004430815375817337,0.0015660640552457826,0.0011770609811892242,0.0006005926014180721,0.0017108093851272935,0.0005950641339573202,0.0004709249100658848,0.0014193083735603625,0.0026586902606707923,0.001335376185747127,0.0011730402775814042,0.004615767741777044,0.0016439651876472908,0.0006352711700355167,0.0018595754186166227,0.0036317005337631655,0.000861938335926354,0.0010232690681901205,0.001553499356471347,0.00024023704056722744,0.0008126847167305613,0.0006674367988980731,0.002739104332827187,0.001991253461772719,0.0021877653506049075,0.0012147550775125342,0.0012092266100517824,0.00190179280649873,0.0009328032370141768,0.0020792063531937747,0.002056087307448811,0.004309691679631767,0.001850026247548051,0.0004885154883500983,0.0038186632515267837,0.0022505888444770902,0.005449058564497681,0.005066086545852853,0.003938781771810397,0.0010041707260529768,0.0006407996374962685,0.0007764983842601832,0.0006217012953591249,0.001743477601940829,0.0033090390692356326,0.0009076738394653023,0.0015866701612358598,0.002826554636297267,0.005502835475252271,0.002422473923711385,0.004999242348372851,0.0005990848375651385,0.0008468606973970304,0.00021762058277324456,0.0010187457766313232,0.0020143725075176828,0.001239884475061407,0.0034296601774702253,0.0003146200573118929,0.0029828594890512587,0.005225909514263686,0.0017831820500680481,0.0007639336854857494,0.002626524631808236,0.0011368539451110278,0.00222093615536942,0.0009076738394653023,0.0017263896116075945,0.0017660940597348136,0.0009554196948081631,0.0012418948268653179,0.0037096016661646736,0.003297982134314129,0.004095086624564389,0.0016746230526569154,0.00045182656792874115,0.0004885154883500983,0.001024274244092075,0.0010413622344253096,0.002361158193692134,0.002811476997767943,0.0025174630464461258,0.0003015527705864801,0.0006141624760944639,0.0014916810385011189,0.002521483750053944,0.004207666325583342,0.0007383016999858959,0.002535053624730336,0.0012836096267964479,0.001198672263081256,0.0019399894907730173,0.0019073212739594819,0.0007212137096526648,0.003696534379439259,0.006278831271561477,0.0029944190119237397,0.004297126980857331,0.002677788602807936,0.001682161871921578,0.0004015677728309956,0.0015514890046674362,0.00022716975384181465,0.0012434025907182497,0.001798762276548349,0.003972957752476865,0.003755337169703622,0.003282401907833828,0.002765741494228993,0.0014112669663447243,0.0005493286304183685,0.0026627109642786122,0.0016801515201176672,0.0004312204619386674,0.001274060455727876,0.0011579626390520806,0.0001814342503028664,0.0010624709283663623,0.0007438301674466477,0.00031663040911580204,0.0025310329211225176,0.0010946365572289205,0.0013067286725414115,0.0013791013374821661,0.001216765429316445,0.0005950641339573202,0.0021143875097621983,0.0012529517617868215,0.0014459455349621689,0.004226764667720486,0.0036734153336942955,0.0031090090647466016,0.0036869852083706873,--,--,--
180,0.0020731752977820456,0.0007438301674466477,0.002780819132758317,0.003444737815999549,0.002965771498718024,0.0034296601774702253,0.002363168545496043,0.0014172980217564534,0.001895761751087001,0.00048650513654618574,0.001129315125846365,0.000831783058867705,0.0006458255170060448,0.0008202235359952258,0.0012645112846593042,0.003126097055079836,0.001647985891255109,0.001274060455727876,0.0020751856495859547,0.0016117995587847326,0.0019817042907041473,0.000919233362337785,0.002473737894711085,0.0021706773602716747,0.001652006594862929,0.002624514280004325,0.0005799864954279949,0.0019379791389691082,0.0020199009749784346,0.001743477601940829,0.004411717033680193,0.0027943890074347087,0.0014745930481678843,0.0026094366414750013,0.001485649983089388,0.002105843514595581,0.0006448203411040902,0.00042518940652693654,0.0009519015791513204,0.0015736028745104453,0.0011403720607678688,0.0008086640131227431,0.0038834970972028756,0.00215358936993844,0.0024395619140446176,0.0009594403984159814,0.00190179280649873,0.001535406190236158,0.0012378741232574979,0.004537364021424559,0.0017831820500680481,0.004627327264649525,0.002218423215614534,0.0033949816088527807,0.003913652374261525,0.0053254219285572245,0.0025405820921910894,0.002473737894711085,0.005161075668587594,0.000944865347837635,0.0011785687450421578,0.00017540319489113554,0.0015032405613735998,0.001186610152257796,0.0033266296475198444,0.0003281899319882847,0.002151579018134531,0.006626119545686905,0.0017816742862151163,0.000341257218713701,0.001129315125846365,0.0015449553613047298,0.0009137048948770331,0.0001945015370282792,0.0008679693913380832,0.0010232690681901205,0.00041011176799761115,0.005088703003646838,0.0017449853657937608,0.0016499962430590199,0.001493691390305028,0.0013635211110018652,0.002028444970145052,0.0008669642154361286,0.0015524941805693908,0.0007171930060448431,0.001278081159335696,0.003183392081491267,0.0018847048161654955,0.0019761758232433955,0.0027521716195526014,0.004228775019524395,0.0033587952763824026,0.001957077481106252,0.0003643762644586629,0.0013218063110707352,0.001327334778531487,0.0004312204619386674,0.0011499212318364423,0.0022847648251435593,0.0042780286387201875,0.0035668666880870736,0.0028456529784344105,0.0010720200994349342,0.0014725826963639735,0.003805093376850392,0.0026340634510728968,0.0006407996374962685,0.0008488710492009395,0.002264158719153482,0.00215358936993844,0.0022355112059477666,0.00219932487347739,0.0024491110851131894,0.0021189108013209956,0.0026893481256804186,0.0017721251151465445,0.001964616300370913,0.001647985891255109,0.0015660640552457826,0.000877518562406655,0.000415640235458363,0.0005628985050947603,0.00026536643811610194,0.0025330432729264267,0.0027923786556307995,0.0035171104809403036,0.0023918160587017585,0.004836906440207128,0.0020942839917230983,0.0023134123383492747,0.0012931587978650197,0.0002899932477139974,0.00018394719005775106,0.0014193083735603625,0.0021706773602716747,0.0033683444474509744,0.0006483384567609295,0.00028245442844933646,0.002311904574496341,0.003605063372361361,0.0023134123383492747,0.0035532968134106818,0.002456649904377852,0.0007991148420541695,0.0011252944222385451,0.0015851623973829262,0.0008679693913380832,0.0014801215156286362,0.0023707073647607057,0.0015640537034418735,0.005481726781311216,0.002269687186614234,0.005328940044214067,0.0017374465465290981,0.0015756132263143544,0.0024832870657796567,0.000861938335926354,0.0017851924018719573,0.0005895356664965684,0.0010167354248274123,0.0027963993592386178,0.0011675118101206524,0.0007116645385840913,0.002979341373394416,0.004016682904211906,0.0016831670478235326,0.0012293301280908806,0.0009689895694845532,0.0033738729149117262,0.000782026851720935,0.0025521416150635703,0.0013333658339432161,0.0008543995166616913,0.0009348135888180859,0.004045330417417621,0.0035362088230774472,0.003660348046968881,0.0014193083735603625,0.0015524941805693908,0.0011368539451110278,0.00023269822130256648,0.0008523891648577822,0.00039855224512513193,0.0012036981425910306,0.0038910359164675383,0.003847310764732499,0.005365126376684445,0.0020334708496548264,0.0018806841125576755,0.0006810066735744649,0.0009498912273474096,0.00038347460659580654,0.0006352711700355167,0.0006372815218394258,0.000964968865876735,0.00048047408113445836,0.0017681044115387245,0.000499572423271602,0.003131625522540588,0.005344520270694368,0.002218423215614534,0.003997584562074762,0.0009267721816024459,0.0023918160587017585,0.002464188723642513,0.0034296601774702253,0.0016630635297844344,0.0015142974962951035,0.0023440702033588993,0.0037920260901249773,0.0030652839130115624,0.002777301017101474,0.002722016342493954,0.004015175140358972,0.0024280023911721366,0.0020254294424391864,0.0006407996374962685,0.0004729352618697939,0.0021304703241934765,0.0021284599723895674,0.0018997824546948192,0.0024797689501228157,0.0033185882403042044,0.0034256394738624053,0.0032140499465008916,0.0018309279054109073,0.001129315125846365,0.001697742098401879,0.0014474532988151007,0.0037176430733803136,0.0017108093851272935,0.0018882229318223382,0.0013197959592668243,0.002681809306415756,0.0023229615094178466,0.0005035931268794203,0.0025903382993378576,0.0004674067944090421,0.0007418198156427386,0.0005533493340261902,0.002715985287082223,0.0012760708075317852,0.0005895356664965684,0.0034045307799213526,0.005119360868656464,0.0012358637714535887,0.004657985129659151,0.001546965713108639,0.00189777210289091,0.002931595518051557,0.00174699571759767,0.003908123906800773,0.0005644062689476939,0.0012454129425221606,0.0021264496205856565,0.0009498912273474096,0.0003432675705176101,0.0057908183711623575,0.003147205749020889,0.0050087915194414225,0.0015107793806382625,0.003494494023146319,0.00020957917555760458,0.0015620433516379626,0.0015333958384322471,7.840372035248372e-05,0.0012016877907871197,0.004541384725032379,0.0036754256854982063,0.0007227214735055949,0.0018274097897540646,0.004268479467651616,0.0017449853657937608,0.005411364468174371,0.0036638661626257236,0.0009001350202006413,0.0012569724653946415,0.0010584502247585423,0.0009287825334063568,0.0010318130633567377,0.0024375515622407085,0.004331805549474776,0.002828564988101176,0.003185402433295176,0.00044830845227189844,0.000415640235458363,0.0018691245896851946,0.0012549621135907324,0.0005206811172126548,0.0005206811172126548,0.0011157452511699733,0.0018424874282833882,0.0016992498622548109,0.0009212437141416941,0.0034713749774013553,0.006534648538609007,0.005328940044214067,0.0022752156540749875,0.0036296901819592563,0.0003281899319882847,0.002256619899888821,0.0024053859333781503,0.005058045138637213,0.0011041857282974923,0.003076340847933066,0.004365981530141243,0.0026838196582196668,0.0014610231734914925,0.002731565513562526,0.003085890019001638,0.0018701297655871491,0.0021932938180656593,0.003906113554996862,0.0018118295632737636,0.0024873077693874767,0.005418903287439034,0.0027582026749643305,0.0031507238646777316,0.0016173280262454844,0.0038030830250464828,0.0020827244688506174,0.002722016342493954,0.00197718099914535,0.0008679693913380832,0.0006789963217705558,0.0005779761436240857,0.003797554557585729,0.0014037281470800616,0.002821026168836515,0.001228324952188926,0.003135646226148408,0.0029642637348650924,0.0008810366780634977,0.0009519015791513204,0.0015409346576969098,0.0019626059485670037,0.0003025579464884347,0.001886212580018429,0.0013791013374821661,0.0012514439979338897,0.0019053109221555727,0.00215358936993844,0.0037136223697724936,0.004816300334217052,0.0012016877907871197,0.004417245501140945,0.0005558622737810784,0.000764938861387704,0.0007669492131916131,0.0014419248313543489,0.0012092266100517824,0.0013524641760803598,0.0009669792176806441,0.001186610152257796,0.003293961430706309,0.0038855074490067865,0.004274510523063345,0.006973407819812335,0.0015012302095696907,0.0002633560863121928,0.0005950641339573202,0.0009574300466120723,0.0017660940597348136,0.0010549321091016996,0.002780819132758317,0.00025581726704753185,0.00042719975833084567,0.004144842831711159,0.001542945009500819,0.001180579096846067,0.0005548570978791238,0.0016610531779805236,0.0005342509918890466,0.00045031880407581104,0.0013409046532078788,0.0024873077693874767,0.0011061960801014015,0.0010393518826213987,0.004333313313327708,0.0016268771973140563,0.0007096541867801821,0.001634416016578719,0.0035532968134106818,0.0007724776806523649,0.0009167204225828968,0.0014801215156286362,0.00024425774417504917,0.0006865351410352168,0.0006217012953591249,0.0026300427474650768,0.0019223989124888055,0.00204854848818415,0.0011137348993660642,0.001134843593307117,0.0017374465465290981,0.0008564098684656022,0.001964616300370913,0.0020178906231745238,0.004065433935456719,0.001689700691186239,0.00044830845227189844,0.003538219174881358,0.0020465381363802392,0.005058045138637213,0.00499723199656894,0.003759357873311442,0.0010212587163862096,0.0006277323507708557,0.000715182654240934,0.0005835046110848376,0.0016706023490490954,0.0031587652718933715,0.0008277623552598867,0.0014876603348932989,0.0025501312632596612,0.005178666246871804,0.0022887855287513775,0.00474543543312923,0.0005608881532908512,0.0008126847167305613,0.0002593353827043711,0.0010031655501510223,0.00199879228103738,0.0012227964847281742,0.00324621557536345,0.00029200359951790655,0.002933605869855466,0.005157557552930752,0.0016690945851961635,0.0006875403169371748,0.0024053859333781503,0.0010489010536899705,0.0020239216785862546,0.0008905858491320695,0.0015660640552457826,0.0017032705658626308,0.0009634611020238014,0.0011443927643756888,0.003391463493195938,0.003276873440373076,0.003976978456084685,0.001535406190236158,0.0004749456136737065,0.0005091215943401721,0.0009916060272785396,0.0009252644177495141,0.0021264496205856565,0.0026853274220725986,0.0022832570612906257,0.0002708949055768538,0.0005111319461440812,0.0014002100314232189,0.002464188723642513,0.004091065920956569,0.0007056334831723604,0.002418453220103565,0.0011378591210129824,0.0011624859306108778,0.0017585552404701527,0.0017912234572836881,0.0006558772760255939,0.0034120695991860135,0.006033065763533496,0.0028612332049147114,0.004114184966701533,0.002535053624730336,0.0016193383780493936,0.0004091065920956566,0.0014504688265209661,0.00019651188883218831,0.0011785687450421578,0.0016992498622548109,0.0037156327215764028,0.00345629733887203,0.0030135173540608833,0.0026551721450139513,0.001313262315904118,0.000556867449683033,0.002523494101857855,0.0016203435539513499,0.00046338609080122384,0.001184599800453887,0.0010870977379642578,0.0001945015370282792,0.0009614507502198923,0.0007171930060448431,0.0002744130212336965,0.0023480909069667193,0.0010071862537588405,0.0012685319882671225,0.0013067286725414115,0.001138864296914937,0.0005950641339573202,0.00194350760642986,0.001130822889699297,0.0014017177952761525,0.003906113554996862,0.00329597178251022,0.002926067050590805,0.0034753956810091736,--,--,--
181,0.0019495386618415891,0.0006960843121037903,0.002513944930789283,0.0031642937393541234,0.0028401245109736586,0.003229127585030217,0.002258127663741753,0.0012795889231886279,0.0018424874282833882,0.0004900232522030284,0.001053926933199745,0.0007609181577798822,0.0006131573001925093,0.0007780061481131167,0.0011901282679146388,0.0028421348627775678,0.0014916810385011189,0.0012378741232574979,0.002060108011056631,0.001546965713108639,0.0018615857704205319,0.0009539119309552296,0.002216412863810623,0.0020369889653116674,0.0015278673709714953,0.002414935104446722,0.0005453079268105503,0.0018711349414891037,0.0019284299679005364,0.0016630635297844344,0.004091065920956569,0.002628534983612145,0.0014534843542268298,0.0024335308586328885,0.0013826194531390088,0.0018922436354301582,0.0006131573001925093,0.0004528317438306957,0.0009328032370141768,0.0014761008120208162,0.001081569270503506,0.0007860475553287567,0.003898574735732201,0.002060108011056631,0.002256619899888821,0.0009820568562099678,0.0017660940597348136,0.0014268471928250252,0.0011594704029050142,0.004013164788555063,0.001697742098401879,0.004443882662542751,0.00209026328811528,0.0033492461053138307,0.00374980870224287,0.005111822049391802,0.0025903382993378576,0.00234608055516281,0.004817808098069984,0.0008604305720734222,0.0010835796223074168,0.0001945015370282792,0.001396189327815399,0.0011403720607678688,0.003192941252559839,0.00034527792232151924,0.0021455479627228,0.006378343685855015,0.0017640837079309045,0.00034728827412542837,0.0010720200994349342,0.0014570024698836725,0.0008413322299362785,0.00019098342137143648,0.0008202235359952258,0.0010710149235329796,0.0004060910643897929,0.004934408502696757,0.0016595454141275917,0.0016610531779805236,0.0014057384988839707,0.0012549621135907324,0.001883699640263541,0.000823741651652065,0.0014399144795504398,0.0006830170253783775,0.0011976670871793015,0.0030572425057959225,0.001794741572940529,0.0019359687871651973,0.0026340634510728968,0.004066439111358674,0.003192941252559839,0.0018635961222244427,0.000366386616262572,0.0012931587978650197,0.0013027079689335915,0.00042167129087009383,0.0010795589186995969,0.00210785386639949,0.003976978456084685,0.0034105618353330817,0.002765741494228993,0.0010509114054938814,0.0013921686242075806,0.0035744055073517345,0.0024873077693874767,0.0006694471507019857,0.0008031355456619912,0.002008341452105952,0.0020334708496548264,0.002115392685664153,0.0020771960013898656,0.002365178897299954,0.0020239216785862546,0.0025365613885832694,0.0016138099105886417,0.0017796639344112054,0.0015866701612358598,0.0014268471928250252,0.0008488710492009395,0.00038548495839971567,0.000533245815987092,0.00028396219230227004,0.0023958367623095785,0.002780819132758317,0.0035321881194696272,0.002208874044545962,0.004585109876767418,0.002012362155713772,0.002142029847065959,0.001138864296914937,0.00028597254410617917,0.0001985222406361009,0.0012760708075317852,0.0020349786135077583,0.0031507238646777316,0.000566416620751603,0.00034728827412542837,0.002206863692742051,0.003488462967734588,0.002208874044545962,0.0034201110064016535,0.002269687186614234,0.0007398094638388295,0.0010177406007293686,0.0014951991541579598,0.0008277623552598867,0.0014745930481678843,0.002273707890222054,0.0015067586770304425,0.00519374388540113,0.002142029847065959,0.0051057909939800725,0.00160426073952007,0.0014524791783248753,0.0023501012587706285,0.0008192183600932677,0.0017032705658626308,0.0005548570978791238,0.0010433725862292187,0.0027104568196214714,0.0011901282679146388,0.0006960843121037903,0.0028381141591697478,0.0038317305382521982,0.001576618402216309,0.0011655014583167433,0.0009137048948770331,0.003181381729687358,0.0007584052180249976,0.002420463571907474,0.001285619978600357,0.0008373115263284568,0.0009900982634256077,0.003912144610408593,0.003492483671342408,0.0033723651510587944,0.0013655314628057743,0.0014534843542268298,0.0010463881139350841,0.00024224739237114004,0.0008212287118971803,0.0003774435511840757,0.0011921386197185479,0.00375382940585069,0.0035668666880870736,0.005067594309705785,0.001960595596763093,0.0017545345368623327,0.0006905558446430385,0.0008830470298674068,0.00036236591265475376,0.000623711647163034,0.0006121521242905548,0.0008755082106027458,0.000457857623340472,0.0016801515201176672,0.0004729352618697939,0.003072822732276225,0.004886662647353898,0.002115392685664153,0.0037287000083018173,0.0008870677334752268,0.0022219413312713748,0.002367189249103863,0.003135646226148408,0.0015333958384322471,0.0014193083735603625,0.002359147841888223,0.0036181306590867754,0.0029562223276494524,0.0026476333257492886,0.002509924227181463,0.0037744355118407655,0.002266169070957393,0.00185605730295978,0.0005835046110848376,0.0004729352618697939,0.0019837146425080564,0.001960595596763093,0.0019304403197044455,0.0024873077693874767,0.003087900370805549,0.0033492461053138307,0.0031165478840112643,0.0017319180790683463,0.0010187457766313232,0.0015298777227754062,0.0013047183207375006,0.0034753956810091736,0.0017168404405390227,0.0017701147633426336,0.001274060455727876,0.0025481209114557504,0.002331002916633485,0.0005206811172126548,0.0023918160587017585,0.00048047408113445836,0.000673467854309804,0.0005809916713299494,0.002507913875377554,0.0011921386197185479,0.0006005926014180721,0.003137656577952317,0.00499723199656894,0.001228324952188926,0.004490120754032677,0.0014665516409522444,0.0018309279054109073,0.0027426224484840295,0.0016575350623236808,0.003486452615930679,0.0005493286304183685,0.001224304248581106,0.0020636261267134737,0.0009709999212884641,0.00035834520904693204,0.005626472111192727,0.002922046346982985,0.004694171462129528,0.0014725826963639735,0.0033075313053827007,0.00019098342137143648,0.0014916810385011189,0.0013941789760114898,7.438301674466546e-05,0.0011614807547089233,0.004262951000190862,0.0035075613098717318,0.0007875553191816903,0.0018213787343423354,0.004077998634231155,0.0016786437562647354,0.005023869157970746,0.0034105618353330817,0.000869979743141994,0.0012072162582478733,0.0009689895694845532,0.0008850573816713177,0.0010604605765624532,0.0023269822130256666,0.004322256378406204,0.0026933688292882386,0.0031547445682855516,0.0004824844329383675,0.00045031880407581104,0.0017545345368623327,0.0011594704029050142,0.0005608881532908512,0.0004885154883500983,0.0011423824125717796,0.001739456898333009,0.0015409346576969098,0.0009076738394653023,0.0033738729149117262,0.006110966895935004,0.004918828276216456,0.002147558314526711,0.003289940727098489,0.0003261795801843756,0.0020942839917230983,0.0022983346998199494,0.004926869683432094,0.0010433725862292187,0.002918025643375165,0.004188567983446198,0.002521483750053944,0.0013504538242764506,0.0025501312632596612,0.0028627409687676433,0.0017072912694704508,0.00204854848818415,0.003538219174881358,0.0017168404405390227,0.002367189249103863,0.004911289456951793,0.0027486535038957587,0.0031205685876190842,0.0016595454141275917,0.0036146125434299327,0.0018882229318223382,0.002555659730720413,0.00190179280649873,0.0008086640131227431,0.0006483384567609295,0.0005513389822222811,0.0035095716616756426,0.001331355482139307,0.0027064361160136514,0.001224304248581106,0.0031049883611387816,0.0027541819713565122,0.0008257520034559776,0.0008714875069949259,0.0014554947060307407,0.0018289175536069981,0.0003261795801843756,0.0016957317465979699,0.0013449253568156988,0.0012132473136596024,0.001804290744009101,0.0020676468303212937,0.003587472794077149,0.004556462363561702,0.0011675118101206524,0.004080008986035066,0.000540784635251753,0.0007574000421230395,0.0007478508710544694,0.0013811116892860752,0.0011891230920126842,0.001338894301403968,0.0009157152466809423,0.0012132473136596024,0.003087900370805549,0.0037402595311742982,0.003940792123614308,0.0065994823842851005,0.0014172980217564534,0.0002668742019690355,0.0005453079268105503,0.0009076738394653023,0.0016670842333922527,0.0009669792176806441,0.002620493576396505,0.000249786211635801,0.0004196609390661847,0.003866409106869643,0.0014761008120208162,0.001134843593307117,0.0005282199364773157,0.0015715925227065344,0.0005015827750755111,0.00046338609080122384,0.0012494336461299788,0.002252599196281001,0.0011006676126406496,0.0010338234151606469,0.004188567983446198,0.0015851623973829262,0.000816202832387404,0.0014610231734914925,0.0033628159799902226,0.0007001050157116086,0.0009116945430731223,0.0013941789760114898,0.00026888455377294465,0.0006407996374962685,0.000623711647163034,0.0024717275429071758,0.0019168704450280537,0.0019284299679005364,0.001065989044023205,0.0010453829380331278,0.0016153176744415753,0.0008126847167305613,0.0017625759440779726,0.0019244092642927164,0.003856859935801071,0.0015962193323044317,0.00048047408113445836,0.003337686582441348,0.0021189108013209956,0.004732368146403815,0.004789160584864269,0.0035151001291363945,0.0009468756996415459,0.000623711647163034,0.0006428099893001776,0.0005608881532908512,0.001588680513039769,0.002969792202325844,0.000774488032456274,0.0014534843542268298,0.0023501012587706285,0.004918828276216456,0.0021284599723895674,0.004377541053013726,0.0005438001629576167,0.0007971044902502604,0.000299542418782571,0.000964968865876735,0.0019053109221555727,0.0012147550775125342,0.003093931426217278,0.0003015527705864801,0.0029486835083847914,0.004875103124481415,0.0015756132263143544,0.0006302452905257439,0.0022279723866831056,0.0009840672080138786,0.0018118295632737636,0.0008297727070637959,0.0014590128216875834,0.0016439651876472908,0.0009709999212884641,0.0010489010536899705,0.003225106881422397,0.0032653139175005935,0.0037804665672524964,0.001436396363893597,0.0004709249100658848,0.000515152649751903,0.0009594403984159814,0.0008353011745245477,0.00194350760642986,0.0025174630464461258,0.002216412863810623,0.00025179656343971013,0.0005282199364773157,0.0013449253568156988,0.002357640078035291,0.00389656438392829,0.0006980946639076994,0.0022772260058788966,0.001059455400660497,0.0010468907018860614,0.001640447071990448,0.0016575350623236808,0.0005759657918201766,0.003289940727098489,0.005809916713299501,0.0027501612677486922,0.0038699272225264855,0.002361158193692134,0.0015600329998340535,0.0004131272957034783,0.0013981996796193098,0.00019249118522437006,0.0011137348993660642,0.001636426368382628,0.0035266596520088754,0.003389453141392027,0.002920035995179074,0.0024852974175835676,0.001232345655796746,0.0005166604136048365,0.0023822668876331866,0.001507763852932397,0.0004674067944090421,0.0011177556029738842,0.0010031655501510223,0.00021762058277324456,0.0009383317044749286,0.0007553896903191304,0.0002477758598318919,0.00230034505162386,0.0009307928852102659,0.0012589828171985507,0.001239884475061407,0.001081569270503506,0.0005875253146926593,0.0017309129031663918,0.0010755382150917769,0.001338894301403968,0.0037191508372332455,0.003135646226148408,0.002834093455561928,0.0033170804764512726,--,--,--
182,0.0018213787343423354,0.0006483384567609295,0.0022450603770163384,0.0028838496627086978,0.0027084464678175622,0.003025076876933366,0.002147558314526711,0.0011403720607678688,0.0017851924018719573,0.0004920336040069376,0.0009765283887492159,0.0006925661964469476,0.0005814942592809284,0.0007322706445741685,0.0011157452511699733,0.0025541519668674795,0.001338894301403968,0.0011996774389832106,0.00204452778457633,0.0014821318674325453,0.001739456898333009,0.0009860775598177877,0.001955067129302341,0.0018997824546948192,0.0014017177952761525,0.002200832637330322,0.0005091215943401721,0.0018022803922051918,0.0018349486090187273,0.0015791313419711971,0.0037689070443800137,0.002456649904377852,0.0014268471928250252,0.0022546095480849102,0.0012795889231886279,0.0016766334044608245,0.0005799864954279949,0.00048047408113445836,0.0009137048948770331,0.0013770909856782552,0.001020253540484255,0.0007589078059759731,0.003906113554996862,0.001964616300370913,0.002069657182125203,0.0010051759019549314,0.0016268771973140563,0.0013142674918060725,0.001081569270503506,0.003488462967734588,0.0016117995587847326,0.004255412180926201,0.001959087832910161,0.003297982134314129,0.0035839546784203064,0.004886662647353898,0.0026395919185336486,0.002214402512006714,0.004474540527552376,0.000774488032456274,0.0009860775598177877,0.00021359987916542283,0.0012876303304042679,0.0010931287933759887,0.0030537243901390815,0.00036236591265475376,0.002138009143458139,0.006122526418807485,0.0017449853657937608,0.0003528167415861802,0.0010147250730235032,0.0013655314628057743,0.0007669492131916131,0.00018897306956752735,0.0007724776806523649,0.0011177556029738842,0.0004025729487329502,0.004770062242727125,0.0015715925227065344,0.0016670842333922527,0.0013142674918060725,0.0011484134679835088,0.0017364413706271436,0.0007800164999170259,0.0013238166628746443,0.0006483384567609295,0.0011177556029738842,0.002929585166247646,0.0017012602140587217,0.001895761751087001,0.002509924227181463,0.003898574735732201,0.003023066525129455,0.0017660940597348136,0.0003699047319194147,0.0012645112846593042,0.0012760708075317852,0.00041212211980152375,0.0010091966055627514,0.0019319480835573773,0.0036754256854982063,0.00324621557536345,0.002681809306415756,0.001028294947699895,0.0013122571400021633,0.003337686582441348,0.0023365313840942384,0.0006980946639076994,0.0007574000421230395,0.0017530267730094008,0.0019128497414202337,0.0019932638135766283,0.0019530567774984318,0.0022772260058788966,0.0019244092642927164,0.0023782461840253667,0.0014554947060307407,0.001594711568451498,0.0015238466673636753,0.001285619978600357,0.0008182131841913132,0.00035482709339008933,0.0005025879509774657,0.0003015527705864801,0.002252599196281001,0.002769259609885836,0.0035402295266852672,0.0020219113267823437,0.004327784845866956,0.0019284299679005364,0.0019701447678316646,0.0009850723839158332,0.0002814492525473819,0.0002115895273615137,0.0011328332415032078,0.00189375139928309,0.002927574814443737,0.0004824844329383675,0.00041212211980152375,0.0020942839917230983,0.0033683444474509744,0.002099812459183852,0.003282401907833828,0.00207820117729182,0.0006810066735744649,0.0009106893671711677,0.0014037281470800616,0.0007860475553287567,0.0014685619927561552,0.0021666566566638547,0.0014494636506190116,0.004894201466618559,0.002012362155713772,0.004881134179893146,0.0014665516409522444,0.0013283399544334416,0.002212392160202803,0.0007764983842601832,0.0016173280262454844,0.0005206811172126548,0.0010679993958271142,0.002620493576396505,0.0012132473136596024,0.0006810066735744649,0.0026933688292882386,0.003643260056635648,0.001467556816854199,0.0010986572608367405,0.0008564098684656022,0.0029868801926590787,0.0007342809963780776,0.0022867751769474684,0.0012358637714535887,0.0008182131841913132,0.0010453829380331278,0.0037729277479878337,0.00344272746419564,0.003087900370805549,0.0013082364363943434,0.0013504538242764506,0.0009544145189062068,0.0002528017393416647,0.0007875553191816903,0.00035683744519400193,0.001180579096846067,0.003612602191626022,0.003286422611441648,0.004768554478874193,0.0018847048161654955,0.0016248668455101471,0.0006960843121037903,0.000816202832387404,0.0003432675705176101,0.0006111469483885967,0.0005865201387907013,0.0007840372035248476,0.00043473857759550663,0.001592701216647589,0.00045031880407581104,0.0030099992384040406,0.004425286908356585,0.002012362155713772,0.00345629733887203,0.0008448503455931195,0.002052066603840993,0.002266169070957393,0.0028401245109736586,0.0014017177952761525,0.0013197959592668243,0.0023707073647607057,0.00343870676058782,0.0028436426266304996,0.002515955282593192,0.002294313996212131,0.003534198471273538,0.002101822810987761,0.0016841722237254872,0.000524701820820473,0.0004729352618697939,0.0018369589608226364,0.0017892131054797773,0.001959087832910161,0.0024928362368482285,0.0028516840338461396,0.0032693346211084134,0.0030135173540608833,0.0016308979009218762,0.0009076738394653023,0.0013620133471489316,0.0011614807547089233,0.003227117233226306,0.0017183482043919545,0.001652006594862929,0.001228324952188926,0.002406893697231082,0.002331002916633485,0.0005377691075458893,0.0021932938180656593,0.0004920336040069376,0.0006015977773200266,0.0006076288327317575,0.0022983346998199494,0.0011041857282974923,0.0006101417724866422,0.0028667616723754633,0.004867564305216754,0.001216765429316445,0.004318235674798384,0.001384629804942918,0.0017625759440779726,0.0025501312632596612,0.0015620433516379626,0.003064278737109608,0.0005352561677910012,0.0012036981425910306,0.00199879228103738,0.0009916060272785396,0.0003699047319194147,0.005451068916301592,0.0026893481256804186,0.004375530701209815,0.0014343860120896862,0.0031165478840112643,0.00017188507923429283,0.0014193083735603625,0.0012549621135907324,7.036231313684721e-05,0.0011197659547777933,0.003980496571741527,0.003336178818588416,0.0008508814010048486,0.0018118295632737636,0.0038794763935950573,0.0016077788551769126,0.004632855732110277,0.0031547445682855516,0.0008373115263284568,0.0011579626390520806,0.0008795289142105658,0.0008393218781323694,0.0010891080897681687,0.002214402512006714,0.004304665800121992,0.002557670082524322,0.0031205685876190842,0.0005186707654087457,0.00048047408113445836,0.001636426368382628,0.0010679993958271142,0.0006026029532219812,0.0004558472715365629,0.0011675118101206524,0.001636426368382628,0.0013811116892860752,0.0008925962009359786,0.003272852736765256,0.0056802490219473156,0.004503188040758091,0.0020178906231745238,0.0029466731565808806,0.00032517440428242103,0.0019319480835573773,0.0021917860542127274,0.004785642469207428,0.000978538740553125,0.0027561923231604214,0.0040056259692904,0.002351609022623562,0.001239884475061407,0.002367189249103863,0.0026360738028768076,0.0015409346576969098,0.0019033005703516619,0.003171832558618786,0.0016213487298533044,0.0022410396734085184,0.004402167862611621,0.002735083629219367,0.003084382255148706,0.001697742098401879,0.0034216187702545853,0.0016917110429901499,0.0023877953550939385,0.0018233890861462446,0.000749358634907403,0.0006181831797022821,0.000524701820820473,0.003215557710353825,0.0012569724653946415,0.0025903382993378576,0.0012207861329242634,0.003072822732276225,0.0025405820921910894,0.0007704673288484558,0.0007915760227895086,0.0013695521664135943,0.001693721394794059,0.0003508063897822711,0.0015032405613735998,0.0013102467881982525,0.0011730402775814042,0.0017052809176665417,0.0019796939389002365,0.003454286987068121,0.004291598513396578,0.001130822889699297,0.003738249179370389,0.000524701820820473,0.000749358634907403,0.0007247318253095041,0.0013197959592668243,0.0011675118101206524,0.0013238166628746443,0.0008639486877302632,0.0012358637714535887,0.002878321195247946,0.00358948314588106,0.0036065711362142927,0.006220028481297114,0.0013333658339432161,0.0002708949055768538,0.0004950491317128047,0.0008543995166616913,0.0015680744070496935,0.0008810366780634977,0.0024586602561817612,0.0002462680959789583,0.00041212211980152375,0.0035819443266163972,0.0014077488506878816,0.0010870977379642578,0.0005015827750755111,0.0014821318674325453,0.0004694171462129547,0.00047695596547761565,0.0011559522872481715,0.0020143725075176828,0.0010946365572289205,0.0010298027115528269,0.0040398019499568675,0.001539426893843978,0.0009252644177495141,0.0012876303304042679,0.003169822206814875,0.0006277323507708557,0.0009051608997104159,0.0013057234966394552,0.00029351136337084013,0.0005930537821534111,0.000623711647163034,0.002311904574496341,0.0019093316257633927,0.0018103217994208318,0.0010167354248274123,0.0009574300466120723,0.0014916810385011189,0.0007669492131916131,0.0015600329998340535,0.0018309279054109073,0.0036422548807336936,0.0015012302095696907,0.0005131422979479938,0.003133635874344497,0.0021877653506049075,0.004402167862611621,0.004575560705698846,0.0032693346211084134,0.0008704823310929713,0.0006196909435552157,0.0005684269725555122,0.0005342509918890466,0.0015032405613735998,0.002777301017101474,0.0007192033578487522,0.0014152876699525425,0.00214956866633062,0.004649943722443511,0.0019666266521748237,0.004007133733143334,0.000524701820820473,0.000782026851720935,0.0003397494548607674,0.0009252644177495141,0.0018118295632737636,0.0012052059064439624,0.002939134337316218,0.0003090915898511411,0.0029562223276494524,0.004587120228571329,0.0014801215156286362,0.0005729502641143094,0.00204854848818415,0.0009172230105338741,0.0016012452118142062,0.0007669492131916131,0.0013484434724725398,0.0015811416937751063,0.0009765283887492159,0.0009539119309552296,0.0030557347419429906,0.0032482259271673607,0.003579933974812488,0.001335376185747127,0.0004694171462129547,0.0005206811172126548,0.0009267721816024459,0.0007438301674466477,0.0017585552404701527,0.00234608055516281,0.002147558314526711,0.00023269822130256648,0.0005453079268105503,0.0012876303304042679,0.002248578492673181,0.00369854473124317,0.0006885454928391294,0.0021344910278012965,0.0009815542682589905,0.0009297877093083114,0.0015203285517068343,0.0015203285517068343,0.0004920336040069376,0.0031602730357463034,0.005580736607653777,0.0026395919185336486,0.0036221513626945936,0.0021837446469970875,0.0014992198577657798,0.00041664541136031755,0.0013449253568156988,0.00018897306956752735,0.0010468907018860614,0.0015695821709026253,0.003334168466784507,0.0033170804764512726,0.002819015817032604,0.002315422690153184,0.0011499212318364423,0.0004749456136737065,0.0022375215577516774,0.0013931738001095352,0.0004729352618697939,0.0010489010536899705,0.000919233362337785,0.00024023704056722744,0.0009172230105338741,0.0007935863745934177,0.0002211386984300838,0.0022470707288202493,0.0008543995166616913,0.0012494336461299788,0.0011710299257774951,0.001024274244092075,0.0005779761436240857,0.0015203285517068343,0.0010187457766313232,0.0012760708075317852,0.0035286700038127863,0.0029718025541297533,0.002735083629219367,0.0031527342164816407,--,--,--
183,0.0016992498622548109,0.0005875253146926593,0.0019681344160277555,0.002603405586063272,0.002507913875377554,0.0028019278266993713,0.0019721551196355755,0.001012714721219594,0.0016193383780493936,0.00048047408113445836,0.0008745030347007895,0.0006407996374962685,0.0005654114448496485,0.0006865351410352168,0.0010051759019549314,0.002269687186614234,0.0012016877907871197,0.0011519315836403515,0.002012362155713772,0.0013791013374821661,0.00160024003591225,0.0010011551983471114,0.0017183482043919545,0.0016706023490490954,0.0012705423400710333,0.001951046425694521,0.0004558472715365629,0.0016766334044608245,0.0017203585561958654,0.001443935183158258,0.003496001786999251,0.0022259620348791948,0.0013655314628057743,0.002052066603840993,0.0011594704029050142,0.0014665516409522444,0.0005443027509085957,0.0005141474738499484,0.0008795289142105658,0.0012720501039239652,0.0009363213526710178,0.0007096541867801821,0.0037307103601057264,0.0018309279054109073,0.0018671142378812854,0.001020253540484255,0.0014534843542268298,0.0011614807547089233,0.0009976370826902687,0.0030572425057959225,0.0015122871444911944,0.003915662726065434,0.00180077262835226,0.0031110194165505124,0.0033567849245784917,0.004462981004679895,0.0026054159378671813,0.001995274165380539,0.004087547805299727,0.0006830170253783775,0.0008810366780634977,0.00022716975384181465,0.001175050629385315,0.0010187457766313232,0.002830575339905087,0.00036236591265475376,0.002111371982056333,0.0057792588482898765,0.0017148300887351135,0.00034728827412542837,0.0009519015791513204,0.0012705423400710333,0.0007001050157116086,0.00017188507923429283,0.000707643834976273,0.0010795589186995969,0.00038699272225264925,0.004438354195081998,0.0014685619927561552,0.0015831520455790171,0.0011785687450421578,0.0010468907018860614,0.0015841572214809717,0.0007438301674466477,0.0012303353039928352,0.0006257219989669466,0.001012714721219594,0.0027561923231604214,0.0015695821709026253,0.0018289175536069981,0.002269687186614234,0.0036241617144985045,0.002773280313493656,0.0016097892069808217,0.00036236591265475376,0.0012187757811203542,0.0012358637714535887,0.000415640235458363,0.000919233362337785,0.0017530267730094008,0.0033723651510587944,0.0029944190119237397,0.0025174630464461258,0.0009443627598866577,0.001226314600385017,0.003076340847933066,0.00214956866633062,0.0007267421771134167,0.0007021153675155212,0.0015298777227754062,0.0017449853657937608,0.001844497780087299,0.001794741572940529,0.0021284599723895674,0.0017776535826072963,0.0021304703241934765,0.0012685319882671225,0.0014037281470800616,0.0014097592024917907,0.0011328332415032078,0.0007609181577798822,0.00031361488140993835,0.00046539644260513297,0.0003050708862433228,0.0020294501460470064,0.002715985287082223,0.003337686582441348,0.00179675192474444,0.003972957752476865,0.0017816742862151163,0.0018274097897540646,0.0008574150443675568,0.00026586902606708096,0.0002296826935967028,0.0009880879116216969,0.0017243792598036854,0.002559680434328233,0.000415640235458363,0.0004462981004679893,0.00189375139928309,0.0031205685876190842,0.0019626059485670037,0.0030994598936780297,0.0018585702427146682,0.0006292401146237858,0.000831783058867705,0.0013047183207375006,0.0007342809963780776,0.0014534843542268298,0.0018902332836262473,0.0013620133471489316,0.004428805024013426,0.001804290744009101,0.004629337616453436,0.0012891380942571997,0.0012273197762869715,0.002069657182125203,0.0007533793385152213,0.0015218363155597662,0.00047695596547761565,0.0010509114054938814,0.0024797689501228157,0.0012052059064439624,0.0006468306929079994,0.002509924227181463,0.0034693646255974445,0.0013102467881982525,0.0009911034393275623,0.0007991148420541695,0.002868772024179374,0.0007046283072704058,0.0021229315049288155,0.0011423824125717796,0.0007955967263973268,0.0010529217572977905,0.0035532968134106818,0.0032994898981670608,0.002876310843444035,0.001216765429316445,0.001228324952188926,0.0008423374058382331,0.00025833020680241653,0.0007533793385152213,0.00033371839944903656,0.0011443927643756888,0.0033643237438431544,0.0030099992384040406,0.004354422007268762,0.0017490060694015808,0.0014725826963639735,0.0006905558446430385,0.0007171930060448431,0.0003146200573118929,0.0006046133050258903,0.0005503338063203266,0.0006885454928391294,0.0003930237776643801,0.0014916810385011189,0.00041212211980152375,0.002826554636297267,0.003957880113947541,0.001895761751087001,0.003173842910422695,0.0007915760227895086,0.0019113419775673018,0.0021440401988698683,0.0025637011379360513,0.001278081159335696,0.0011881179161107296,0.002365178897299954,0.0031492161008247997,0.0026013952342593613,0.002353619374427471,0.002052066603840993,0.0032537543946281125,0.0019530567774984318,0.001546965713108639,0.0004694171462129547,0.00046539644260513297,0.0017012602140587217,0.0015982296841083408,0.0018997824546948192,0.002416442868299654,0.0025787787764653767,0.003042164867266599,0.002769259609885836,0.0015107793806382625,0.0008011251938580821,0.0011941489715224587,0.0010167354248274123,0.002918025643375165,0.001640447071990448,0.0015183181999029235,0.0011484134679835088,0.002208874044545962,0.0022355112059477666,0.0005533493340261902,0.0019414972546259492,0.0004920336040069376,0.0005206811172126548,0.0006277323507708557,0.002111371982056333,0.0010147250730235032,0.000623711647163034,0.0025481209114557504,0.0045433950768362895,0.001129315125846365,0.0040398019499568675,0.0013067286725414115,0.0016841722237254872,0.00234608055516281,0.0014097592024917907,0.002727544809954706,0.0005131422979479938,0.0011579626390520806,0.0019399894907730173,0.000980549092357036,0.0003699047319194147,0.005100262526519321,0.002403375581574241,0.004024724311427544,0.001331355482139307,0.0028421348627775678,0.00015429450095008276,0.0013620133471489316,0.0011102167837092215,7.237266494075634e-05,0.0010679993958271142,0.0036317005337631655,0.0030476933347273506,0.0008332908227206386,0.0017319180790683463,0.0036085814880182036,0.0014459455349621689,0.004258930296583044,0.0029084764723065933,0.0007955967263973268,0.0010931287933759887,0.0008051458974659004,0.0007684569770445467,0.0010986572608367405,0.0020847348206545265,0.004119713434162285,0.0024053859333781503,0.0030099992384040406,0.0005377691075458893,0.0005111319461440812,0.0015047483252265317,0.0009880879116216969,0.0006292401146237858,0.0004327282257915975,0.001169019573973586,0.0014992198577657798,0.0012609931690024615,0.0008257520034559776,0.0030019578311884024,0.005165096372195414,0.004041812301760778,0.0018635961222244427,0.002571239957200714,0.0003211537006745993,0.00179675192474444,0.0020887555242623465,0.004411717033680193,0.0008925962009359786,0.002535053624730336,0.003751819054046781,0.0021264496205856565,0.0010986572608367405,0.002151579018134531,0.00234608055516281,0.0013630185230508862,0.0017545345368623327,0.0028094666459640323,0.001542945009500819,0.0020942839917230983,0.0038759582779382146,0.002614965108935753,0.002880331547051855,0.0016746230526569154,0.003183392081491267,0.001485649983089388,0.0022259620348791948,0.0017299077272644372,0.000665426447094164,0.0005855149628887467,0.000499572423271602,0.0028667616723754633,0.001169019573973586,0.0023918160587017585,0.001175050629385315,0.002926067050590805,0.0022847648251435593,0.0007171930060448431,0.0007116645385840913,0.0012720501039239652,0.001590690864843678,0.0003759357873311456,0.0013484434724725398,0.001224304248581106,0.0010891080897681687,0.0016173280262454844,0.001794741572940529,0.003238676756098789,0.003984517275349347,0.0010720200994349342,0.0033723651510587944,0.0004900232522030284,0.0007056334831723604,0.0006845247892313076,0.001226314600385017,0.0011187607788758387,0.0012589828171985507,0.0008011251938580821,0.001180579096846067,0.0026094366414750013,0.0033170804764512726,0.0033266296475198444,0.00575262168688807,0.0012303353039928352,0.0002849673682042246,0.00043574375349746466,0.0007895656709855994,0.0014841422192364562,0.0008031355456619912,0.002256619899888821,0.00023269822130256648,0.00039654189332121934,0.0032442052235595407,0.001285619978600357,0.001028294947699895,0.0004960543076147593,0.0014017177952761525,0.0004442877486640802,0.0005015827750755111,0.0010378441187684669,0.0017776535826072963,0.0010795589186995969,0.0009996474344941796,0.0038241917189875355,0.0014208161374132961,0.0010091966055627514,0.0011423824125717796,0.002969792202325844,0.0005513389822222811,0.0008609331600243995,0.001175050629385315,0.00031864076091971463,0.0005453079268105503,0.0006181831797022821,0.002096294343527009,0.001844497780087299,0.0017148300887351135,0.0009383317044749286,0.0008830470298674068,0.001335376185747127,0.0007036231313684513,0.0014193083735603625,0.0017339284308722572,0.0033663340956470653,0.0013293451303353961,0.0005608881532908512,0.0027923786556307995,0.0020867451724584374,0.003980496571741527,0.004276520874867254,0.003032615696198027,0.0007790113240150713,0.0006332608182316075,0.0005282199364773157,0.000499572423271602,0.0013981996796193098,0.0025541519668674795,0.000657887627829503,0.001331355482139307,0.0019264196160966255,0.0042438526580537185,0.001798762276548349,0.003662358398772792,0.0004960543076147593,0.000774488032456274,0.00037191508372332385,0.000877518562406655,0.001689700691186239,0.0011675118101206524,0.002765741494228993,0.00029351136337084013,0.0028154977013757614,0.004192588687054018,0.0013162778436099833,0.0005236966449185185,0.0018369589608226364,0.0008428399937892104,0.0014419248313543489,0.0006940739602998812,0.0012549621135907324,0.0014685619927561552,0.0009383317044749286,0.0008488710492009395,0.002832585691708996,0.003084382255148706,0.0033281374113727762,0.0012092266100517824,0.00047695596547761565,0.0005131422979479938,0.0008795289142105658,0.000665426447094164,0.0015736028745104453,0.002117403037468062,0.0020676468303212937,0.0001985222406361009,0.0005724476761633339,0.0012112369618556915,0.0021229315049288155,0.00339297125704887,0.0006810066735744649,0.0019761758232433955,0.0009076738394653023,0.0008212287118971803,0.001386640156746827,0.0013368839496000588,0.00041212211980152375,0.0029506938601887005,0.005287225244282937,0.0024873077693874767,0.0033492461053138307,0.0019761758232433955,0.0014097592024917907,0.00040357812463490475,0.0012836096267964479,0.00017942389849895726,0.0009614507502198923,0.0014590128216875834,0.0031185582358151734,0.003128107406883745,0.0025978771186025203,0.002168667008467764,0.001055937285003656,0.0004442877486640802,0.0020751856495859547,0.0012695371641690788,0.00048047408113445836,0.0009498912273474096,0.0008488710492009395,0.00025732503090046197,0.0009001350202006413,0.0007971044902502604,0.0002115895273615137,0.0020369889653116674,0.000764938861387704,0.001232345655796746,0.001074030451238845,0.0009267721816024459,0.0005377691075458893,0.0013791013374821661,0.0009860775598177877,0.0011881179161107296,0.0033035106017748807,0.0026893481256804186,0.0025787787764653767,0.0029165178795222332,--,--,--
184,0.00160024003591225,0.0005608881532908512,0.00180077262835226,0.002420463571907474,0.0024355412104367976,0.0026551721450139513,0.00190179280649873,0.0009574300466120723,0.001535406190236158,0.0004844947847422766,0.0008212287118971803,0.0006026029532219812,0.0005548570978791238,0.0006714575025058948,0.0009001350202006413,0.0020827244688506174,0.0010946365572289205,0.0011539419354442606,0.0020294501460470064,0.0012931587978650197,0.0014821318674325453,0.001020253540484255,0.0015791313419711971,0.0014745930481678843,0.0011956567353753906,0.0017872027536758681,0.00043674892939941923,0.0015811416937751063,0.0016610531779805236,0.0013504538242764506,0.0033532668089216507,0.0021093616302524237,0.0013695521664135943,0.0019223989124888055,0.0011026779644445605,0.001327334778531487,0.0005226914690165639,0.0005548570978791238,0.000877518562406655,0.001224304248581106,0.0009076738394653023,0.0006674367988980731,0.003708093902311742,0.0017851924018719573,0.00174699571759767,0.0010378441187684669,0.0013504538242764506,0.0010795589186995969,0.0009478808755435005,0.002735083629219367,0.001478111163824727,0.0037859950347132482,0.0017072912694704508,0.0029602430312572724,0.003231137936834126,0.004268479467651616,0.0025863175957300377,0.0018922436354301582,0.0037859950347132482,0.0006342659941335621,0.0008141924805834949,0.0002477758598318919,0.0011177556029738842,0.0010071862537588405,0.002761720790621173,0.0003759357873311456,0.002096294343527009,0.005645570453329871,0.0016861825755293963,0.00036035556085084464,0.0009172230105338741,0.0012016877907871197,0.0006448203411040902,0.0001698747274303837,0.000673467854309804,0.0010574450488565878,0.0003794539029879883,0.004207666325583342,0.0014172980217564534,0.0015851623973829262,0.0011082064319053123,0.0009634611020238014,0.0015203285517068343,0.0007362913481819867,0.0011976670871793015,0.0006217012953591249,0.0009458705237395913,0.0026571824968178604,0.0015032405613735998,0.0018118295632737636,0.0021209211531249047,0.0034578051027249635,0.0026380841546807168,0.0015163078480990144,0.0003643762644586629,0.001175050629385315,0.001180579096846067,0.00042368164267400296,0.0008810366780634977,0.0016057685033730035,0.003130117758687656,0.0028496736820422305,0.0024873077693874767,0.0008830470298674068,0.001130822889699297,0.0029506938601887005,0.0020465381363802392,0.0007574000421230395,0.000673467854309804,0.0013197959592668243,0.001634416016578719,0.0017263896116075945,0.0016786437562647354,0.0020711649459781364,0.0016841722237254872,0.002000802632841291,0.0011881179161107296,0.0013162778436099833,0.0013750806338743461,0.0010644812801702715,0.0007448353433486057,0.0003015527705864801,0.00044830845227189844,0.00032215887657655734,0.0018847048161654955,0.002677788602807936,0.003194951604363748,0.0016706023490490954,0.003809114080458212,0.0017032705658626308,0.001735436194725189,0.0007780061481131167,0.00026586902606708096,0.00024425774417504917,0.0009001350202006413,0.001652006594862929,0.0021973145216734793,0.00040056259692904106,0.0004729352618697939,0.0018118295632737636,0.003023066525129455,0.0019188807968319645,0.0030099992384040406,0.0017374465465290981,0.0006196909435552157,0.0008041407215639458,0.0012338534196496779,0.0007021153675155212,0.0014821318674325453,0.001808311447616921,0.001331355482139307,0.004209676677387251,0.0016555247105197717,0.004486100050424857,0.001182589448649976,0.0011594704029050142,0.0019857249943119673,0.0007850423794268022,0.0014821318674325453,0.0004558472715365629,0.0010453829380331278,0.0024335308586328885,0.0011941489715224587,0.0006141624760944639,0.002353619374427471,0.0033663340956470653,0.0012253094244830606,0.0009373265285729741,0.0007609181577798822,0.0027979071230915514,0.0007021153675155212,0.0020430200207233983,0.0010986572608367405,0.0008297727070637959,0.0010378441187684669,0.0034276498256663145,0.003225106881422397,0.0027029180003568104,0.0011956567353753906,0.0011675118101206524,0.0007780061481131167,0.0002708949055768538,0.0007609181577798822,0.0003261795801843756,0.001134843593307117,0.00329597178251022,0.002864751320571554,0.004037791598152958,0.0017299077272644372,0.001384629804942918,0.0006960843121037903,0.0006674367988980731,0.0003111019416550502,0.0006267271748689011,0.0005427949870556621,0.0006503488085648421,0.00035482709339008933,0.0014474532988151007,0.0004045833005368593,0.002731565513562526,0.003643260056635648,0.0018178606186854927,0.0029411446891201287,0.000774488032456274,0.0017831820500680481,0.0021229315049288155,0.002357640078035291,0.0011996774389832106,0.0011368539451110278,0.002361158193692134,0.0030497036865312615,0.0024908258850443194,0.0023134123383492747,0.00189375139928309,0.0030497036865312615,0.001844497780087299,0.001443935183158258,0.00045182656792874115,0.0004694171462129547,0.0015831520455790171,0.0015032405613735998,0.001840477076479479,0.0023877953550939385,0.0024893181211913876,0.0029084764723065933,0.0026013952342593613,0.0014172980217564534,0.000774488032456274,0.0010720200994349342,0.0009252644177495141,0.002735083629219367,0.00160024003591225,0.001430365308481868,0.0010911184415720778,0.0021440401988698683,0.0021932938180656593,0.0006005926014180721,0.00180077262835226,0.0004900232522030284,0.00048348960884032205,0.0006543695121726603,0.00199879228103738,0.000964968865876735,0.0006558772760255939,0.0023822668876331866,0.00425742253273011,0.0010755382150917769,0.0037920260901249773,0.0012836096267964479,0.001634416016578719,0.0022847648251435593,0.0013047183207375006,0.0024757482465149958,0.0005186707654087457,0.001123284070434636,0.0019359687871651973,0.0009880879116216969,0.000373925435527233,0.004936418854500666,0.002269687186614234,0.003852839232193251,0.0012931587978650197,0.002620493576396505,0.00013720651061684824,0.0013504538242764506,0.001022263892288166,8.192183600932643e-05,0.0010509114054938814,0.003492483671342408,0.0028707823759832832,0.000823741651652065,0.0016881929273333072,0.003490473319538499,0.0013675418146096834,0.004035781246349049,0.002821026168836515,0.0008141924805834949,0.0010378441187684669,0.0007589078059759731,0.0007322706445741685,0.0011061960801014015,0.0020334708496548264,0.004015175140358972,0.0023229615094178466,0.0029602430312572724,0.0005513389822222811,0.0005493286304183685,0.0014399144795504398,0.0009383317044749286,0.0006598979796334122,0.00042719975833084567,0.001216765429316445,0.0014494636506190116,0.0011655014583167433,0.0007895656709855994,0.0027370939810232777,0.004825346917334647,0.003816652899722873,0.0017605655922740618,0.002357640078035291,0.0003261795801843756,0.0016706023490490954,0.0020178906231745238,0.004220733612308757,0.0008257520034559776,0.002353619374427471,0.0036317005337631655,0.0020334708496548264,0.0009996474344941796,0.00199879228103738,0.002155097133791372,0.0012569724653946415,0.0016288875491179654,0.0025330432729264267,0.0014650438770993125,0.0020254294424391864,0.0035211311845481236,0.002521483750053944,0.0028094666459640323,0.001697742098401879,0.002990900896266897,0.0013695521664135943,0.0021304703241934765,0.00167964893216669,0.0006372815218394258,0.0005684269725555122,0.0004960543076147593,0.0026476333257492886,0.0011252944222385451,0.002294313996212131,0.0011559522872481715,0.0028476633302383196,0.0021249418567327247,0.0006865351410352168,0.0006694471507019857,0.001226314600385017,0.0014972095059618707,0.00039402895356633466,0.0012434025907182497,0.0011499212318364423,0.0010413622344253096,0.0015203285517068343,0.0016992498622548109,0.0031683144429619434,0.0038030830250464828,0.0010338234151606469,0.003128107406883745,0.0004794689052325038,0.000715182654240934,0.0006674367988980731,0.0011579626390520806,0.001077548566895686,0.0012303353039928352,0.0007574000421230395,0.001123284070434636,0.0024395619140446176,0.0032004800718245015,0.003171832558618786,0.005380706603164746,0.001180579096846067,0.0003116045296060292,0.000408101416193702,0.0007383016999858959,0.001443935183158258,0.0007574000421230395,0.0021229315049288155,0.00023822668876331832,0.0003814642547918974,0.003084382255148706,0.0012187757811203542,0.0010051759019549314,0.0004900232522030284,0.001335376185747127,0.0004613757389973147,0.0005417898111537076,0.0009725076851413959,0.0016630635297844344,0.0010468907018860614,0.0009689895694845532,0.00369050332402753,0.0013600029953450225,0.0010393518826213987,0.001065989044023205,0.002881839310904787,0.0005056034786833294,0.0008639486877302632,0.0010891080897681687,0.00035834520904693204,0.0005397794593497984,0.0006181831797022821,0.00194752831003768,0.0018289175536069981,0.0016650738815883435,0.0009076738394653023,0.0008257520034559776,0.0012529517617868215,0.0006830170253783775,0.0013082364363943434,0.0016726127008530062,0.003159770447795326,0.0012569724653946415,0.0006046133050258903,0.002519473398250035,0.0019701447678316646,0.0037231715408410655,0.004058900292094011,0.0029049583566497506,0.0007116645385840913,0.0006543695121726603,0.0005282199364773157,0.0004900232522030284,0.001327334778531487,0.002424484275515294,0.0006387892856923594,0.0012891380942571997,0.0017872027536758681,0.003990045742810099,0.001682161871921578,0.00340101266426451,0.0005015827750755111,0.0008031355456619912,0.0003699047319194147,0.0008564098684656022,0.0015791313419711971,0.001184599800453887,0.002677788602807936,0.0003261795801843756,0.0027582026749643305,0.003925211897134006,0.0012132473136596024,0.0004794689052325038,0.0017052809176665417,0.0008141924805834949,0.001342915005011788,0.0006543695121726603,0.0012147550775125342,0.0014037281470800616,0.000919233362337785,0.0007895656709855994,0.002773280313493656,0.0029944190119237397,0.0031683144429619434,0.0011484134679835088,0.0004844947847422766,0.000507111242536263,0.0008468606973970304,0.0006483384567609295,0.0014494636506190116,0.001964616300370913,0.002069657182125203,0.0001849523659597091,0.0005875253146926593,0.0011634911065128324,0.0020751856495859547,0.0032024904236284107,0.0007021153675155212,0.0018691245896851946,0.0008513839889558276,0.0007342809963780776,0.0013047183207375006,0.001182589448649976,0.00034728827412542837,0.0029029480048458414,0.005088703003646838,0.0023958367623095785,0.0031587652718933715,0.0018731452932930145,0.0013941789760114898,0.0004060910643897929,0.0012710449280220106,0.0001733928430872264,0.0009076738394653023,0.0013981996796193098,0.0029868801926590787,0.0031145375322073534,0.0024988672922599594,0.002096294343527009,0.0010011551983471114,0.0004292101101347548,0.00194350760642986,0.0011996774389832106,0.0004940439558108502,0.0009061660756123704,0.0008086640131227431,0.0002708949055768538,0.0009021453720045505,0.0007800164999170259,0.00021561023096933196,0.00194350760642986,0.0007342809963780776,0.0012418948268653179,0.001012714721219594,0.0008850573816713177,0.000515152649751903,0.0012750656316298306,0.0009745180369453068,0.0011499212318364423,0.003215557710353825,0.0025405820921910894,0.002521483750053944,0.0028436426266304996,--,--,--
